  ¬рем€            U                U                Pij              –г               –т г             ”гол рот         ќтн угол U       
                   601              1002             1001             601              601              601              601              
                                                     1002                                                                                 
                                                     1                                                                                    

                    10.500          110.000                12.214           25.800           25.800         54.74                         
      0.010         10.500          110.000                12.214           25.800           25.800         54.74                         
      0.020         10.500          110.000                12.214           25.800           25.800         54.74                         
      0.030         10.500          110.000                12.214           25.800           25.800         54.74                         
      0.040         10.500          110.000                12.214           25.800           25.800         54.74                         
      0.050         10.500          110.000                12.214           25.800           25.800         54.74                         
      0.060         10.500          110.000                12.214           25.800           25.800         54.74                         
      0.070         10.500          110.000                12.214           25.800           25.800         54.74                         
      0.080         10.500          110.000                12.214           25.800           25.800         54.74                         
      0.090         10.500          110.000                12.214           25.800           25.800         54.74                         
      0.100         10.500          110.000                12.214           25.800           25.800         54.74                         
      0.110         10.500          110.000                12.214           25.800           25.800         54.74                         
      0.120         10.500          110.000                12.214           25.800           25.800         54.74                         
      0.130         10.500          110.000                12.214           25.800           25.800         54.74                         
      0.140         10.500          110.000                12.214           25.800           25.800         54.74                         
      0.150         10.500          110.000                12.214           25.800           25.800         54.74                         
      0.160         10.500          110.000                12.214           25.800           25.800         54.74                         
      0.170         10.500          110.000                12.214           25.800           25.800         54.74                         
      0.180         10.500          110.000                12.214           25.800           25.800         54.74                         
      0.190         10.500          110.000                12.214           25.800           25.800         54.74                         
      0.200         10.500          110.000                12.214           25.800           25.800         54.74                         
      0.200         10.575          110.001                20.143           21.043           25.800         54.74                         
      0.210         10.575          110.001                20.145           21.045           25.800         54.75                         
      0.220         10.575          110.001                20.149           21.050           25.800         54.77                         
      0.230         10.575          110.001                20.156           21.057           25.800         54.79                         
      0.240         10.574          110.001                20.165           21.068           25.800         54.83                         
      0.250         10.574          110.001                20.178           21.082           25.800         54.88                         
      0.260         10.573          110.001                20.192           21.099           25.800         54.94                         
      0.270         10.573          110.001                20.210           21.118           25.800         55.01                         
      0.280         10.572          110.000                20.230           21.141           25.800         55.10                         
      0.290         10.571          110.000                20.253           21.166           25.800         55.19                         
      0.300         10.570          110.000                20.278           21.194           25.800         55.29                         
      0.310         10.569          110.000                20.305           21.225           25.800         55.40                         
      0.320         10.568          110.000                20.335           21.259           25.800         55.53                         
      0.330         10.567          109.999                20.367           21.295           25.800         55.66                         
      0.340         10.566          109.999                20.402           21.334           25.800         55.80                         
      0.350         10.565          109.999                20.439           21.375           25.800         55.96                         
      0.360         10.563          109.999                20.478           21.419           25.800         56.12                         
      0.370         10.562          109.998                20.519           21.465           25.800         56.29                         
      0.380         10.560          109.998                20.562           21.514           25.800         56.47                         
      0.390         10.558          109.998                20.607           21.565           25.800         56.66                         
      0.400         10.557          109.997                20.654           21.618           25.800         56.86                         
      0.410         10.555          109.997                20.703           21.673           25.800         57.07                         
      0.420         10.553          109.997                20.753           21.730           25.800         57.29                         
      0.430         10.551          109.996                20.806           21.790           25.800         57.51                         
      0.440         10.549          109.996                20.860           21.851           25.800         57.75                         
      0.450         10.547          109.996                20.915           21.914           25.800         57.99                         
      0.460         10.544          109.995                20.972           21.979           25.800         58.24                         
      0.470         10.542          109.995                21.031           22.045           25.800         58.50                         
      0.480         10.539          109.994                21.091           22.114           25.800         58.77                         
      0.490         10.537          109.994                21.152           22.183           25.800         59.05                         
      0.500         10.534          109.993                21.214           22.255           25.800         59.33                         
      0.510         10.532          109.993                21.278           22.327           25.800         59.62                         
      0.520         10.529          109.992                21.342           22.401           25.800         59.92                         
      0.530         10.526          109.992                21.408           22.476           25.800         60.23                         
      0.540         10.523          109.991                21.474           22.553           25.800         60.54                         
      0.550         10.520          109.991                21.542           22.630           25.800         60.86                         
      0.560         10.517          109.990                21.610           22.709           25.800         61.18                         
      0.570         10.514          109.989                21.678           22.788           25.800         61.51                         
      0.580         10.511          109.989                21.747           22.868           25.800         61.85                         
      0.590         10.508          109.988                21.817           22.949           25.800         62.20                         
      0.600         10.504          109.988                21.887           23.030           25.800         62.55                         
      0.610         10.501          109.987                21.958           23.112           25.800         62.90                         
      0.620         10.497          109.986                22.028           23.194           25.800         63.26                         
      0.630         10.494          109.986                22.099           23.277           25.800         63.63                         
      0.640         10.490          109.985                22.170           23.360           25.800         64.00                         
      0.650         10.487          109.984                22.241           23.444           25.800         64.38                         
      0.660         10.483          109.984                22.312           23.527           25.800         64.76                         
      0.670         10.479          109.983                22.383           23.611           25.800         65.15                         
      0.680         10.475          109.982                22.454           23.694           25.800         65.54                         
      0.690         10.471          109.981                22.524           23.778           25.800         65.93                         
      0.700         10.467          109.981                22.594           23.861           25.800         66.33                         
      0.710         10.463          109.980                22.664           23.945           25.800         66.74                         
      0.720         10.459          109.979                22.733           24.027           25.800         67.14                         
      0.730         10.455          109.978                22.802           24.110           25.800         67.55                         
      0.740         10.451          109.978                22.870           24.192           25.800         67.97                         
      0.750         10.447          109.977                22.938           24.274           25.800         68.38                         
      0.760         10.442          109.976                23.004           24.355           25.800         68.80                         
      0.770         10.438          109.975                23.070           24.435           25.800         69.23                         
      0.780         10.434          109.975                23.136           24.515           25.800         69.65                         
      0.790         10.429          109.974                23.200           24.594           25.800         70.08                         
      0.800         10.425          109.973                23.263           24.672           25.800         70.51                         
      0.810         10.420          109.972                23.326           24.749           25.800         70.94                         
      0.820         10.416          109.971                23.387           24.826           25.800         71.38                         
      0.830         10.411          109.971                23.448           24.901           25.800         71.81                         
      0.840         10.406          109.970                23.507           24.975           25.800         72.25                         
      0.850         10.402          109.969                23.565           25.049           25.800         72.69                         
      0.860         10.397          109.968                23.622           25.121           25.800         73.13                         
      0.870         10.392          109.967                23.678           25.192           25.800         73.57                         
      0.880         10.388          109.966                23.733           25.262           25.800         74.01                         
      0.890         10.383          109.966                23.786           25.331           25.800         74.46                         
      0.900         10.378          109.965                23.838           25.399           25.800         74.90                         
      0.910         10.373          109.964                23.889           25.465           25.800         75.35                         
      0.920         10.368          109.963                23.938           25.530           25.800         75.79                         
      0.930         10.363          109.962                23.986           25.594           25.800         76.24                         
      0.940         10.359          109.961                24.033           25.656           25.800         76.68                         
      0.950         10.354          109.961                24.078           25.717           25.800         77.13                         
      0.960         10.349          109.960                24.122           25.777           25.800         77.58                         
      0.970         10.344          109.959                24.164           25.835           25.800         78.02                         
      0.980         10.339          109.958                24.205           25.892           25.800         78.47                         
      0.990         10.334          109.957                24.244           25.947           25.800         78.91                         
      1.000         10.329          109.956                24.282           26.001           25.800         79.36                         
      1.010         10.324          109.955                24.319           26.053           25.800         79.80                         
      1.020         10.319          109.955                24.354           26.104           25.800         80.24                         
      1.030         10.314          109.954                24.387           26.154           25.800         80.68                         
      1.040         10.309          109.953                24.419           26.201           25.800         81.12                         
      1.050         10.304          109.952                24.450           26.248           25.800         81.56                         
      1.060         10.299          109.951                24.479           26.293           25.800         82.00                         
      1.070         10.294          109.950                24.507           26.336           25.800         82.44                         
      1.080         10.289          109.950                24.533           26.378           25.800         82.88                         
      1.090         10.284          109.949                24.558           26.418           25.800         83.31                         
      1.100         10.279          109.948                24.581           26.457           25.800         83.74                         
      1.110         10.274          109.947                24.603           26.495           25.800         84.17                         
      1.120         10.269          109.946                24.623           26.531           25.800         84.60                         
      1.130         10.264          109.945                24.642           26.565           25.800         85.03                         
      1.140         10.259          109.945                24.660           26.598           25.800         85.46                         
      1.150         10.255          109.944                24.676           26.630           25.800         85.88                         
      1.160         10.250          109.943                24.691           26.660           25.800         86.30                         
      1.170         10.245          109.942                24.704           26.689           25.800         86.72                         
      1.180         10.240          109.941                24.716           26.716           25.800         87.14                         
      1.190         10.235          109.941                24.727           26.742           25.800         87.56                         
      1.200         10.230          109.940                24.737           26.766           25.800         87.97                         
      1.210         10.225          109.939                24.745           26.790           25.800         88.38                         
      1.220         10.221          109.938                24.752           26.811           25.800         88.79                         
      1.230         10.216          109.937                24.757           26.832           25.800         89.20                         
      1.240         10.211          109.937                24.762           26.851           25.800         89.60                         
      1.250         10.206          109.936                24.765           26.869           25.800         90.01                         
      1.260         10.202          109.935                24.767           26.885           25.800         90.41                         
      1.270         10.197          109.934                24.768           26.901           25.800         90.80                         
      1.280         10.192          109.934                24.768           26.915           25.800         91.20                         
      1.290         10.188          109.933                24.766           26.928           25.800         91.59                         
      1.300         10.183          109.932                24.764           26.939           25.800         91.98                         
      1.310         10.179          109.931                24.760           26.950           25.800         92.37                         
      1.320         10.174          109.931                24.755           26.959           25.800         92.75                         
      1.330         10.170          109.930                24.750           26.967           25.800         93.13                         
      1.340         10.165          109.929                24.743           26.974           25.800         93.51                         
      1.350         10.161          109.929                24.735           26.980           25.800         93.89                         
      1.360         10.156          109.928                24.727           26.985           25.800         94.26                         
      1.370         10.152          109.927                24.717           26.989           25.800         94.64                         
      1.380         10.147          109.926                24.706           26.992           25.800         95.00                         
      1.390         10.143          109.926                24.695           26.993           25.800         95.37                         
      1.400         10.139          109.925                24.683           26.994           25.800         95.73                         
      1.410         10.134          109.924                24.669           26.994           25.800         96.10                         
      1.420         10.130          109.924                24.655           26.993           25.800         96.45                         
      1.430         10.126          109.923                24.640           26.991           25.800         96.81                         
      1.440         10.122          109.922                24.625           26.988           25.800         97.16                         
      1.450         10.117          109.922                24.608           26.984           25.800         97.51                         
      1.460         10.113          109.921                24.591           26.979           25.800         97.86                         
      1.470         10.109          109.921                24.573           26.974           25.800         98.21                         
      1.480         10.105          109.920                24.554           26.967           25.800         98.55                         
      1.490         10.101          109.919                24.535           26.960           25.800         98.89                         
      1.500         10.097          109.919                24.515           26.952           25.800         99.23                         
      1.510         10.093          109.918                24.494           26.944           25.800         99.56                         
      1.520         10.089          109.917                24.473           26.934           25.800         99.89                         
      1.530         10.085          109.917                24.451           26.924           25.800        100.23                         
      1.540         10.081          109.916                24.428           26.913           25.800        100.55                         
      1.550         10.077          109.916                24.405           26.901           25.800        100.88                         
      1.560         10.073          109.915                24.381           26.889           25.800        101.20                         
      1.570         10.070          109.914                24.357           26.876           25.800        101.52                         
      1.580         10.066          109.914                24.332           26.862           25.800        101.84                         
      1.590         10.062          109.913                24.306           26.848           25.800        102.16                         
      1.600         10.058          109.913                24.280           26.833           25.800        102.47                         
      1.610         10.055          109.912                24.254           26.818           25.800        102.78                         
      1.620         10.051          109.912                24.226           26.802           25.800        103.09                         
      1.630         10.047          109.911                24.199           26.785           25.800        103.40                         
      1.640         10.044          109.910                24.171           26.768           25.800        103.71                         
      1.650         10.040          109.910                24.142           26.750           25.800        104.01                         
      1.660         10.036          109.909                24.113           26.732           25.800        104.31                         
      1.670         10.033          109.909                24.084           26.713           25.800        104.61                         
      1.680         10.029          109.908                24.054           26.693           25.800        104.91                         
      1.690         10.026          109.908                24.024           26.673           25.800        105.20                         
      1.700         10.022          109.907                23.993           26.653           25.800        105.50                         
      1.710         10.019          109.907                23.962           26.632           25.800        105.79                         
      1.720         10.015          109.906                23.931           26.611           25.800        106.08                         
      1.730         10.012          109.906                23.899           26.589           25.800        106.37                         
      1.740         10.009          109.905                23.866           26.566           25.800        106.65                         
      1.750         10.005          109.905                23.834           26.544           25.800        106.94                         
      1.760         10.002          109.904                23.801           26.520           25.800        107.22                         
      1.770          9.998          109.904                23.767           26.497           25.800        107.50                         
      1.780          9.995          109.903                23.733           26.472           25.800        107.78                         
      1.790          9.992          109.903                23.699           26.448           25.800        108.06                         
      1.800          9.989          109.902                23.664           26.423           25.800        108.34                         
      1.810          9.985          109.902                23.629           26.397           25.800        108.62                         
      1.820          9.982          109.901                23.594           26.371           25.800        108.89                         
      1.830          9.979          109.901                23.558           26.345           25.800        109.17                         
      1.840          9.976          109.900                23.522           26.318           25.800        109.44                         
      1.850          9.972          109.900                23.486           26.291           25.800        109.71                         
      1.860          9.969          109.899                23.449           26.264           25.800        109.98                         
      1.870          9.966          109.899                23.412           26.235           25.800        110.25                         
      1.880          9.963          109.898                23.374           26.207           25.800        110.52                         
      1.890          9.960          109.898                23.336           26.178           25.800        110.79                         
      1.900          9.957          109.898                23.297           26.149           25.800        111.06                         
      1.910          9.953          109.897                23.259           26.119           25.800        111.32                         
      1.920          9.950          109.897                23.219           26.089           25.800        111.59                         
      1.930          9.947          109.896                23.180           26.058           25.800        111.86                         
      1.940          9.944          109.896                23.140           26.027           25.800        112.12                         
      1.950          9.941          109.895                23.099           25.996           25.800        112.39                         
      1.960          9.938          109.895                23.059           25.964           25.800        112.65                         
      1.970          9.935          109.894                23.017           25.931           25.800        112.92                         
      1.980          9.932          109.894                22.976           25.898           25.800        113.18                         
      1.990          9.929          109.893                22.933           25.865           25.800        113.44                         
      2.000          9.926          109.893                22.891           25.831           25.800        113.71                         

