  ¬рем€            U                U                Pij              –г               –т г             ”гол рот         ќтн угол U       
                   601              1002             1001             601              601              601              601              
                                                     1002                                                                                 
                                                     1                                                                                    

                    10.500          110.000                 8.580           18.300           18.300         51.22                         
      0.010         10.500          110.000                 8.580           18.300           18.300         51.22                         
      0.020         10.500          110.000                 8.580           18.300           18.300         51.22                         
      0.030         10.500          110.000                 8.580           18.300           18.300         51.22                         
      0.040         10.500          110.000                 8.580           18.300           18.300         51.22                         
      0.050         10.500          110.000                 8.580           18.300           18.300         51.22                         
      0.060         10.500          110.000                 8.580           18.300           18.300         51.22                         
      0.070         10.500          110.000                 8.580           18.300           18.300         51.22                         
      0.080         10.500          110.000                 8.580           18.300           18.300         51.22                         
      0.090         10.500          110.000                 8.580           18.300           18.300         51.22                         
      0.100         10.500          110.000                 8.580           18.300           18.300         51.22                         
      0.110         10.500          110.000                 8.580           18.300           18.300         51.22                         
      0.120         10.500          110.000                 8.580           18.300           18.300         51.22                         
      0.130         10.500          110.000                 8.580           18.300           18.300         51.22                         
      0.140         10.500          110.000                 8.580           18.300           18.300         51.22                         
      0.150         10.500          110.000                 8.580           18.300           18.300         51.22                         
      0.160         10.500          110.000                 8.580           18.300           18.300         51.22                         
      0.170         10.500          110.000                 8.580           18.300           18.300         51.22                         
      0.180         10.500          110.000                 8.580           18.300           18.300         51.22                         
      0.190         10.500          110.000                 8.580           18.300           18.300         51.22                         
      0.200         10.500          110.000                 8.580           18.300           18.300         51.22                         
      0.200         10.540          109.997                14.801           15.624           18.300         51.22                         
      0.210         10.540          109.997                14.801           15.625           18.300         51.23                         
      0.220         10.540          109.997                14.803           15.627           18.300         51.24                         
      0.230         10.540          109.997                14.806           15.631           18.300         51.25                         
      0.240         10.540          109.997                14.811           15.636           18.300         51.27                         
      0.250         10.539          109.997                14.816           15.642           18.300         51.30                         
      0.260         10.539          109.997                14.823           15.650           18.300         51.33                         
      0.270         10.539          109.997                14.831           15.659           18.300         51.38                         
      0.280         10.539          109.997                14.841           15.670           18.300         51.42                         
      0.290         10.538          109.997                14.851           15.682           18.300         51.47                         
      0.300         10.538          109.996                14.863           15.695           18.300         51.53                         
      0.310         10.537          109.996                14.875           15.710           18.300         51.59                         
      0.320         10.537          109.996                14.889           15.726           18.300         51.66                         
      0.330         10.537          109.996                14.904           15.743           18.300         51.74                         
      0.340         10.536          109.996                14.920           15.762           18.300         51.82                         
      0.350         10.535          109.996                14.938           15.781           18.300         51.91                         
      0.360         10.535          109.996                14.956           15.802           18.300         52.00                         
      0.370         10.534          109.996                14.975           15.824           18.300         52.10                         
      0.380         10.534          109.996                14.995           15.848           18.300         52.20                         
      0.390         10.533          109.996                15.017           15.872           18.300         52.31                         
      0.400         10.532          109.995                15.039           15.898           18.300         52.42                         
      0.410         10.531          109.995                15.062           15.925           18.300         52.54                         
      0.420         10.531          109.995                15.086           15.953           18.300         52.66                         
      0.430         10.530          109.995                15.112           15.982           18.300         52.79                         
      0.440         10.529          109.995                15.138           16.012           18.300         52.92                         
      0.450         10.528          109.995                15.164           16.043           18.300         53.06                         
      0.460         10.527          109.994                15.192           16.075           18.300         53.20                         
      0.470         10.526          109.994                15.221           16.108           18.300         53.35                         
      0.480         10.525          109.994                15.250           16.142           18.300         53.51                         
      0.490         10.524          109.994                15.280           16.176           18.300         53.66                         
      0.500         10.523          109.994                15.311           16.212           18.300         53.82                         
      0.510         10.522          109.993                15.342           16.249           18.300         53.99                         
      0.520         10.521          109.993                15.375           16.286           18.300         54.16                         
      0.530         10.519          109.993                15.407           16.324           18.300         54.34                         
      0.540         10.518          109.993                15.441           16.363           18.300         54.51                         
      0.550         10.517          109.992                15.475           16.403           18.300         54.70                         
      0.560         10.516          109.992                15.510           16.444           18.300         54.88                         
      0.570         10.514          109.992                15.545           16.485           18.300         55.08                         
      0.580         10.513          109.992                15.581           16.527           18.300         55.27                         
      0.590         10.512          109.991                15.617           16.569           18.300         55.47                         
      0.600         10.510          109.991                15.654           16.612           18.300         55.67                         
      0.610         10.509          109.991                15.691           16.656           18.300         55.88                         
      0.620         10.507          109.991                15.729           16.700           18.300         56.08                         
      0.630         10.506          109.990                15.767           16.744           18.300         56.30                         
      0.640         10.504          109.990                15.805           16.790           18.300         56.51                         
      0.650         10.503          109.990                15.844           16.835           18.300         56.73                         
      0.660         10.501          109.989                15.883           16.881           18.300         56.95                         
      0.670         10.500          109.989                15.922           16.927           18.300         57.18                         
      0.680         10.498          109.989                15.961           16.974           18.300         57.40                         
      0.690         10.496          109.989                16.001           17.021           18.300         57.63                         
      0.700         10.495          109.988                16.041           17.068           18.300         57.87                         
      0.710         10.493          109.988                16.081           17.116           18.300         58.10                         
      0.720         10.491          109.988                16.121           17.164           18.300         58.34                         
      0.730         10.490          109.987                16.161           17.212           18.300         58.58                         
      0.740         10.488          109.987                16.202           17.260           18.300         58.82                         
      0.750         10.486          109.987                16.242           17.308           18.300         59.07                         
      0.760         10.484          109.986                16.283           17.357           18.300         59.31                         
      0.770         10.483          109.986                16.323           17.405           18.300         59.56                         
      0.780         10.481          109.986                16.364           17.454           18.300         59.81                         
      0.790         10.479          109.985                16.404           17.502           18.300         60.06                         
      0.800         10.477          109.985                16.444           17.551           18.300         60.31                         
      0.810         10.475          109.985                16.484           17.600           18.300         60.57                         
      0.820         10.473          109.984                16.525           17.648           18.300         60.82                         
      0.830         10.471          109.984                16.565           17.697           18.300         61.08                         
      0.840         10.469          109.984                16.604           17.745           18.300         61.34                         
      0.850         10.467          109.983                16.644           17.793           18.300         61.60                         
      0.860         10.465          109.983                16.683           17.841           18.300         61.86                         
      0.870         10.463          109.982                16.723           17.889           18.300         62.12                         
      0.880         10.461          109.982                16.762           17.937           18.300         62.38                         
      0.890         10.459          109.982                16.800           17.984           18.300         62.64                         
      0.900         10.457          109.981                16.839           18.032           18.300         62.90                         
      0.910         10.455          109.981                16.877           18.079           18.300         63.17                         
      0.920         10.453          109.981                16.915           18.125           18.300         63.43                         
      0.930         10.451          109.980                16.952           18.172           18.300         63.69                         
      0.940         10.449          109.980                16.990           18.218           18.300         63.96                         
      0.950         10.447          109.979                17.026           18.264           18.300         64.22                         
      0.960         10.445          109.979                17.063           18.309           18.300         64.49                         
      0.970         10.443          109.979                17.099           18.354           18.300         64.75                         
      0.980         10.441          109.978                17.134           18.399           18.300         65.01                         
      0.990         10.439          109.978                17.170           18.443           18.300         65.27                         
      1.000         10.437          109.978                17.205           18.487           18.300         65.54                         
      1.010         10.435          109.977                17.239           18.530           18.300         65.80                         
      1.020         10.433          109.977                17.273           18.573           18.300         66.06                         
      1.030         10.431          109.977                17.306           18.616           18.300         66.32                         
      1.040         10.429          109.976                17.339           18.658           18.300         66.58                         
      1.050         10.427          109.976                17.372           18.699           18.300         66.84                         
      1.060         10.425          109.975                17.404           18.740           18.300         67.09                         
      1.070         10.423          109.975                17.436           18.781           18.300         67.35                         
      1.080         10.421          109.975                17.467           18.821           18.300         67.61                         
      1.090         10.418          109.974                17.497           18.860           18.300         67.86                         
      1.100         10.416          109.974                17.527           18.899           18.300         68.11                         
      1.110         10.414          109.974                17.557           18.937           18.300         68.36                         
      1.120         10.412          109.973                17.586           18.975           18.300         68.61                         
      1.130         10.410          109.973                17.615           19.012           18.300         68.86                         
      1.140         10.408          109.973                17.643           19.049           18.300         69.11                         
      1.150         10.406          109.972                17.670           19.085           18.300         69.35                         
      1.160         10.404          109.972                17.697           19.121           18.300         69.59                         
      1.170         10.402          109.971                17.724           19.156           18.300         69.83                         
      1.180         10.400          109.971                17.750           19.190           18.300         70.07                         
      1.190         10.398          109.971                17.775           19.224           18.300         70.31                         
      1.200         10.397          109.970                17.800           19.257           18.300         70.54                         
      1.210         10.395          109.970                17.824           19.290           18.300         70.78                         
      1.220         10.393          109.970                17.848           19.322           18.300         71.01                         
      1.230         10.391          109.969                17.871           19.353           18.300         71.23                         
      1.240         10.389          109.969                17.894           19.384           18.300         71.46                         
      1.250         10.387          109.969                17.916           19.414           18.300         71.68                         
      1.260         10.385          109.968                17.938           19.444           18.300         71.90                         
      1.270         10.383          109.968                17.959           19.473           18.300         72.12                         
      1.280         10.382          109.968                17.980           19.501           18.300         72.34                         
      1.290         10.380          109.968                18.000           19.529           18.300         72.55                         
      1.300         10.378          109.967                18.020           19.557           18.300         72.76                         
      1.310         10.376          109.967                18.039           19.583           18.300         72.96                         
      1.320         10.374          109.967                18.058           19.609           18.300         73.17                         
      1.330         10.373          109.966                18.076           19.635           18.300         73.37                         
      1.340         10.371          109.966                18.094           19.660           18.300         73.57                         
      1.350         10.369          109.966                18.111           19.684           18.300         73.76                         
      1.360         10.368          109.965                18.128           19.708           18.300         73.95                         
      1.370         10.366          109.965                18.144           19.731           18.300         74.14                         
      1.380         10.365          109.965                18.160           19.753           18.300         74.33                         
      1.390         10.363          109.965                18.175           19.775           18.300         74.51                         
      1.400         10.361          109.964                18.190           19.797           18.300         74.69                         
      1.410         10.360          109.964                18.205           19.817           18.300         74.86                         
      1.420         10.359          109.964                18.219           19.838           18.300         75.04                         
      1.430         10.357          109.964                18.232           19.857           18.300         75.20                         
      1.440         10.356          109.963                18.245           19.877           18.300         75.37                         
      1.450         10.354          109.963                18.258           19.895           18.300         75.53                         
      1.460         10.353          109.963                18.270           19.913           18.300         75.69                         
      1.470         10.352          109.963                18.282           19.931           18.300         75.85                         
      1.480         10.350          109.962                18.294           19.948           18.300         76.00                         
      1.490         10.349          109.962                18.305           19.964           18.300         76.14                         
      1.500         10.348          109.962                18.316           19.980           18.300         76.29                         
      1.510         10.346          109.962                18.326           19.996           18.300         76.43                         
      1.520         10.345          109.962                18.336           20.011           18.300         76.56                         
      1.530         10.344          109.961                18.345           20.025           18.300         76.70                         
      1.540         10.343          109.961                18.355           20.039           18.300         76.83                         
      1.550         10.342          109.961                18.363           20.053           18.300         76.95                         
      1.560         10.341          109.961                18.372           20.065           18.300         77.07                         
      1.570         10.340          109.961                18.380           20.078           18.300         77.19                         
      1.580         10.339          109.960                18.388           20.090           18.300         77.30                         
      1.590         10.338          109.960                18.395           20.101           18.300         77.41                         
      1.600         10.337          109.960                18.402           20.112           18.300         77.52                         
      1.610         10.336          109.960                18.409           20.123           18.300         77.62                         
      1.620         10.335          109.960                18.416           20.133           18.300         77.72                         
      1.630         10.334          109.960                18.422           20.143           18.300         77.81                         
      1.640         10.334          109.960                18.428           20.152           18.300         77.90                         
      1.650         10.333          109.959                18.433           20.160           18.300         77.99                         
      1.660         10.332          109.959                18.438           20.169           18.300         78.07                         
      1.670         10.331          109.959                18.443           20.176           18.300         78.15                         
      1.680         10.331          109.959                18.448           20.184           18.300         78.22                         
      1.690         10.330          109.959                18.452           20.191           18.300         78.29                         
      1.700         10.330          109.959                18.456           20.197           18.300         78.35                         
      1.710         10.329          109.959                18.460           20.203           18.300         78.41                         
      1.720         10.329          109.959                18.464           20.209           18.300         78.47                         
      1.730         10.328          109.959                18.467           20.214           18.300         78.52                         
      1.740         10.328          109.959                18.470           20.219           18.300         78.57                         
      1.750         10.327          109.959                18.473           20.223           18.300         78.62                         
      1.760         10.327          109.958                18.475           20.227           18.300         78.66                         
      1.770         10.327          109.958                18.477           20.231           18.300         78.69                         
      1.780         10.326          109.958                18.479           20.234           18.300         78.73                         
      1.790         10.326          109.958                18.481           20.236           18.300         78.75                         
      1.800         10.326          109.958                18.482           20.239           18.300         78.78                         
      1.810         10.326          109.958                18.483           20.241           18.300         78.80                         
      1.820         10.326          109.958                18.484           20.242           18.300         78.81                         
      1.830         10.325          109.958                18.485           20.243           18.300         78.82                         
      1.840         10.325          109.958                18.485           20.244           18.300         78.83                         
      1.850         10.325          109.958                18.486           20.244           18.300         78.83                         
      1.860         10.325          109.958                18.485           20.244           18.300         78.83                         
      1.870         10.325          109.958                18.485           20.243           18.300         78.82                         
      1.880         10.326          109.958                18.484           20.242           18.300         78.81                         
      1.890         10.326          109.958                18.484           20.241           18.300         78.80                         
      1.900         10.326          109.958                18.483           20.239           18.300         78.78                         
      1.910         10.326          109.958                18.481           20.237           18.300         78.76                         
      1.920         10.326          109.958                18.480           20.234           18.300         78.73                         
      1.930         10.327          109.958                18.478           20.231           18.300         78.70                         
      1.940         10.327          109.958                18.476           20.228           18.300         78.66                         
      1.950         10.327          109.959                18.473           20.224           18.300         78.62                         
      1.960         10.328          109.959                18.470           20.220           18.300         78.58                         
      1.970         10.328          109.959                18.468           20.215           18.300         78.53                         
      1.980         10.328          109.959                18.464           20.210           18.300         78.48                         
      1.990         10.329          109.959                18.461           20.204           18.300         78.43                         
      2.000         10.329          109.959                18.457           20.198           18.300         78.37                         

