  ¬рем€            U                U                Pij              –г               –т г             ”гол рот         ќтн угол U       
                   601              1002             1001             601              601              601              601              
                                                     1002                                                                                 
                                                     1                                                                                    

                    10.500          110.000                11.421           24.000           24.000         50.02                         
      0.010         10.500          110.000                11.421           24.000           24.000         50.02                         
      0.020         10.500          110.000                11.421           24.000           24.000         50.02                         
      0.030         10.500          110.000                11.421           24.000           24.000         50.02                         
      0.040         10.500          110.000                11.421           24.000           24.000         50.02                         
      0.050         10.500          110.000                11.421           24.000           24.000         50.02                         
      0.060         10.500          110.000                11.421           24.000           24.000         50.02                         
      0.070         10.500          110.000                11.421           24.000           24.000         50.02                         
      0.080         10.500          110.000                11.421           24.000           24.000         50.02                         
      0.090         10.500          110.000                11.421           24.000           24.000         50.02                         
      0.100         10.500          110.000                11.421           24.000           24.000         50.02                         
      0.110         10.500          110.000                11.421           24.000           24.000         50.02                         
      0.120         10.500          110.000                11.421           24.000           24.000         50.02                         
      0.130         10.500          110.000                11.421           24.000           24.000         50.02                         
      0.140         10.500          110.000                11.421           24.000           24.000         50.02                         
      0.150         10.500          110.000                11.421           24.000           24.000         50.02                         
      0.160         10.500          110.000                11.421           24.000           24.000         50.02                         
      0.170         10.500          110.000                11.421           24.000           24.000         50.02                         
      0.180         10.500          110.000                11.421           24.000           24.000         50.02                         
      0.190         10.500          110.000                11.421           24.000           24.000         50.02                         
      0.200         10.500          110.000                11.421           24.000           24.000         50.02                         
      0.200         10.565          109.999                18.804           19.563           24.000         50.02                         
      0.210         10.565          109.999                18.806           19.565           24.000         50.03                         
      0.220         10.565          109.999                18.810           19.569           24.000         50.05                         
      0.230         10.565          109.999                18.817           19.577           24.000         50.07                         
      0.240         10.564          109.999                18.827           19.588           24.000         50.11                         
      0.250         10.564          109.999                18.840           19.602           24.000         50.15                         
      0.260         10.563          109.999                18.855           19.619           24.000         50.21                         
      0.270         10.563          109.999                18.873           19.639           24.000         50.28                         
      0.280         10.562          109.999                18.894           19.662           24.000         50.35                         
      0.290         10.562          109.999                18.917           19.688           24.000         50.44                         
      0.300         10.561          109.999                18.943           19.716           24.000         50.54                         
      0.310         10.560          109.998                18.972           19.748           24.000         50.64                         
      0.320         10.559          109.998                19.003           19.782           24.000         50.76                         
      0.330         10.558          109.998                19.036           19.818           24.000         50.88                         
      0.340         10.557          109.998                19.071           19.858           24.000         51.01                         
      0.350         10.556          109.998                19.109           19.900           24.000         51.15                         
      0.360         10.555          109.997                19.150           19.944           24.000         51.31                         
      0.370         10.553          109.997                19.192           19.991           24.000         51.47                         
      0.380         10.552          109.997                19.237           20.041           24.000         51.63                         
      0.390         10.551          109.997                19.283           20.092           24.000         51.81                         
      0.400         10.549          109.996                19.332           20.146           24.000         52.00                         
      0.410         10.548          109.996                19.383           20.203           24.000         52.19                         
      0.420         10.546          109.996                19.435           20.261           24.000         52.39                         
      0.430         10.544          109.995                19.490           20.321           24.000         52.60                         
      0.440         10.542          109.995                19.546           20.384           24.000         52.82                         
      0.450         10.541          109.995                19.604           20.448           24.000         53.05                         
      0.460         10.539          109.994                19.663           20.515           24.000         53.28                         
      0.470         10.537          109.994                19.724           20.583           24.000         53.52                         
      0.480         10.534          109.993                19.787           20.653           24.000         53.77                         
      0.490         10.532          109.993                19.851           20.724           24.000         54.02                         
      0.500         10.530          109.992                19.916           20.797           24.000         54.29                         
      0.510         10.528          109.992                19.983           20.871           24.000         54.55                         
      0.520         10.525          109.992                20.051           20.947           24.000         54.83                         
      0.530         10.523          109.991                20.120           21.025           24.000         55.11                         
      0.540         10.521          109.991                20.190           21.103           24.000         55.40                         
      0.550         10.518          109.990                20.260           21.183           24.000         55.69                         
      0.560         10.515          109.990                20.332           21.264           24.000         55.99                         
      0.570         10.513          109.989                20.405           21.345           24.000         56.30                         
      0.580         10.510          109.989                20.478           21.428           24.000         56.61                         
      0.590         10.507          109.988                20.552           21.512           24.000         56.92                         
      0.600         10.504          109.988                20.627           21.596           24.000         57.25                         
      0.610         10.502          109.987                20.702           21.681           24.000         57.57                         
      0.620         10.499          109.986                20.777           21.767           24.000         57.90                         
      0.630         10.496          109.986                20.853           21.853           24.000         58.24                         
      0.640         10.493          109.985                20.929           21.939           24.000         58.58                         
      0.650         10.489          109.985                21.005           22.026           24.000         58.92                         
      0.660         10.486          109.984                21.082           22.114           24.000         59.27                         
      0.670         10.483          109.983                21.158           22.201           24.000         59.62                         
      0.680         10.480          109.983                21.235           22.289           24.000         59.98                         
      0.690         10.476          109.982                21.311           22.376           24.000         60.33                         
      0.700         10.473          109.982                21.388           22.464           24.000         60.70                         
      0.710         10.470          109.981                21.464           22.552           24.000         61.06                         
      0.720         10.466          109.980                21.540           22.639           24.000         61.43                         
      0.730         10.463          109.980                21.615           22.727           24.000         61.80                         
      0.740         10.459          109.979                21.691           22.814           24.000         62.17                         
      0.750         10.456          109.978                21.765           22.901           24.000         62.55                         
      0.760         10.452          109.978                21.840           22.987           24.000         62.92                         
      0.770         10.448          109.977                21.913           23.073           24.000         63.30                         
      0.780         10.445          109.976                21.986           23.158           24.000         63.68                         
      0.790         10.441          109.976                22.059           23.243           24.000         64.07                         
      0.800         10.437          109.975                22.130           23.327           24.000         64.45                         
      0.810         10.433          109.974                22.201           23.411           24.000         64.83                         
      0.820         10.430          109.974                22.272           23.494           24.000         65.22                         
      0.830         10.426          109.973                22.341           23.576           24.000         65.61                         
      0.840         10.422          109.972                22.409           23.657           24.000         65.99                         
      0.850         10.418          109.971                22.477           23.738           24.000         66.38                         
      0.860         10.414          109.971                22.544           23.817           24.000         66.77                         
      0.870         10.410          109.970                22.609           23.896           24.000         67.16                         
      0.880         10.406          109.969                22.674           23.973           24.000         67.54                         
      0.890         10.402          109.969                22.737           24.050           24.000         67.93                         
      0.900         10.399          109.968                22.800           24.125           24.000         68.32                         
      0.910         10.395          109.967                22.861           24.200           24.000         68.70                         
      0.920         10.391          109.966                22.921           24.273           24.000         69.09                         
      0.930         10.387          109.966                22.981           24.345           24.000         69.47                         
      0.940         10.383          109.965                23.039           24.416           24.000         69.86                         
      0.950         10.379          109.964                23.095           24.486           24.000         70.24                         
      0.960         10.375          109.964                23.151           24.554           24.000         70.62                         
      0.970         10.371          109.963                23.205           24.622           24.000         71.00                         
      0.980         10.367          109.962                23.259           24.688           24.000         71.38                         
      0.990         10.363          109.962                23.310           24.753           24.000         71.76                         
      1.000         10.359          109.961                23.361           24.817           24.000         72.13                         
      1.010         10.355          109.960                23.411           24.879           24.000         72.50                         
      1.020         10.351          109.959                23.459           24.940           24.000         72.87                         
      1.030         10.347          109.959                23.506           25.000           24.000         73.24                         
      1.040         10.343          109.958                23.552           25.058           24.000         73.61                         
      1.050         10.339          109.957                23.596           25.115           24.000         73.97                         
      1.060         10.335          109.957                23.640           25.171           24.000         74.33                         
      1.070         10.332          109.956                23.682           25.226           24.000         74.69                         
      1.080         10.328          109.955                23.723           25.279           24.000         75.04                         
      1.090         10.324          109.955                23.762           25.331           24.000         75.40                         
      1.100         10.320          109.954                23.801           25.382           24.000         75.74                         
      1.110         10.316          109.953                23.838           25.431           24.000         76.09                         
      1.120         10.313          109.953                23.874           25.479           24.000         76.43                         
      1.130         10.309          109.952                23.909           25.526           24.000         76.77                         
      1.140         10.305          109.952                23.943           25.572           24.000         77.11                         
      1.150         10.302          109.951                23.975           25.616           24.000         77.44                         
      1.160         10.298          109.950                24.007           25.659           24.000         77.76                         
      1.170         10.294          109.950                24.037           25.701           24.000         78.09                         
      1.180         10.291          109.949                24.066           25.741           24.000         78.41                         
      1.190         10.287          109.948                24.095           25.781           24.000         78.73                         
      1.200         10.284          109.948                24.122           25.819           24.000         79.04                         
      1.210         10.280          109.947                24.148           25.856           24.000         79.35                         
      1.220         10.277          109.947                24.173           25.892           24.000         79.65                         
      1.230         10.274          109.946                24.197           25.927           24.000         79.95                         
      1.240         10.270          109.946                24.220           25.960           24.000         80.25                         
      1.250         10.267          109.945                24.242           25.993           24.000         80.54                         
      1.260         10.264          109.944                24.263           26.024           24.000         80.82                         
      1.270         10.261          109.944                24.284           26.055           24.000         81.10                         
      1.280         10.257          109.943                24.303           26.084           24.000         81.38                         
      1.290         10.254          109.943                24.322           26.112           24.000         81.66                         
      1.300         10.251          109.942                24.339           26.140           24.000         81.92                         
      1.310         10.248          109.942                24.356           26.166           24.000         82.19                         
      1.320         10.245          109.941                24.372           26.191           24.000         82.44                         
      1.330         10.243          109.941                24.388           26.216           24.000         82.70                         
      1.340         10.240          109.940                24.402           26.239           24.000         82.95                         
      1.350         10.237          109.940                24.416           26.262           24.000         83.19                         
      1.360         10.234          109.939                24.429           26.284           24.000         83.43                         
      1.370         10.231          109.939                24.442           26.304           24.000         83.66                         
      1.380         10.229          109.939                24.454           26.324           24.000         83.89                         
      1.390         10.226          109.938                24.465           26.344           24.000         84.12                         
      1.400         10.224          109.938                24.475           26.362           24.000         84.33                         
      1.410         10.221          109.937                24.485           26.380           24.000         84.55                         
      1.420         10.219          109.937                24.495           26.397           24.000         84.76                         
      1.430         10.217          109.937                24.504           26.413           24.000         84.96                         
      1.440         10.214          109.936                24.512           26.429           24.000         85.16                         
      1.450         10.212          109.936                24.520           26.443           24.000         85.35                         
      1.460         10.210          109.935                24.528           26.457           24.000         85.53                         
      1.470         10.208          109.935                24.534           26.471           24.000         85.72                         
      1.480         10.206          109.935                24.541           26.484           24.000         85.89                         
      1.490         10.204          109.934                24.547           26.496           24.000         86.06                         
      1.500         10.202          109.934                24.553           26.508           24.000         86.23                         
      1.510         10.200          109.934                24.558           26.519           24.000         86.39                         
      1.520         10.198          109.934                24.563           26.529           24.000         86.54                         
      1.530         10.197          109.933                24.568           26.539           24.000         86.69                         
      1.540         10.195          109.933                24.572           26.549           24.000         86.83                         
      1.550         10.193          109.933                24.576           26.558           24.000         86.97                         
      1.560         10.192          109.932                24.580           26.566           24.000         87.10                         
      1.570         10.190          109.932                24.583           26.574           24.000         87.23                         
      1.580         10.189          109.932                24.586           26.582           24.000         87.35                         
      1.590         10.188          109.932                24.589           26.589           24.000         87.46                         
      1.600         10.186          109.932                24.592           26.596           24.000         87.57                         
      1.610         10.185          109.931                24.595           26.602           24.000         87.68                         
      1.620         10.184          109.931                24.597           26.608           24.000         87.78                         
      1.630         10.183          109.931                24.599           26.613           24.000         87.87                         
      1.640         10.182          109.931                24.601           26.618           24.000         87.95                         
      1.650         10.181          109.931                24.602           26.623           24.000         88.04                         
      1.660         10.180          109.931                24.604           26.627           24.000         88.11                         
      1.670         10.179          109.930                24.605           26.631           24.000         88.18                         
      1.680         10.178          109.930                24.607           26.634           24.000         88.24                         
      1.690         10.178          109.930                24.608           26.638           24.000         88.30                         
      1.700         10.177          109.930                24.609           26.641           24.000         88.36                         
      1.710         10.177          109.930                24.610           26.643           24.000         88.40                         
      1.720         10.176          109.930                24.610           26.645           24.000         88.44                         
      1.730         10.176          109.930                24.611           26.647           24.000         88.48                         
      1.740         10.175          109.930                24.612           26.649           24.000         88.51                         
      1.750         10.175          109.930                24.612           26.650           24.000         88.53                         
      1.760         10.175          109.930                24.612           26.651           24.000         88.55                         
      1.770         10.175          109.930                24.612           26.652           24.000         88.56                         
      1.780         10.175          109.930                24.613           26.652           24.000         88.57                         
      1.790         10.175          109.930                24.613           26.652           24.000         88.57                         
      1.800         10.175          109.930                24.613           26.652           24.000         88.57                         
      1.810         10.175          109.930                24.612           26.651           24.000         88.56                         
      1.820         10.175          109.930                24.612           26.651           24.000         88.54                         
      1.830         10.175          109.930                24.612           26.649           24.000         88.52                         
      1.840         10.176          109.930                24.611           26.648           24.000         88.49                         
      1.850         10.176          109.930                24.611           26.646           24.000         88.46                         
      1.860         10.176          109.930                24.610           26.644           24.000         88.42                         
      1.870         10.177          109.930                24.609           26.642           24.000         88.37                         
      1.880         10.178          109.930                24.608           26.639           24.000         88.32                         
      1.890         10.178          109.930                24.607           26.636           24.000         88.27                         
      1.900         10.179          109.930                24.606           26.632           24.000         88.21                         
      1.910         10.180          109.931                24.605           26.629           24.000         88.14                         
      1.920         10.181          109.931                24.603           26.624           24.000         88.07                         
      1.930         10.181          109.931                24.601           26.620           24.000         87.99                         
      1.940         10.182          109.931                24.600           26.615           24.000         87.90                         
      1.950         10.184          109.931                24.598           26.610           24.000         87.81                         
      1.960         10.185          109.931                24.595           26.604           24.000         87.72                         
      1.970         10.186          109.932                24.593           26.598           24.000         87.62                         
      1.980         10.187          109.932                24.590           26.592           24.000         87.51                         
      1.990         10.188          109.932                24.588           26.585           24.000         87.40                         
      2.000         10.190          109.932                24.585           26.577           24.000         87.28                         

