  ¬рем€            U                U                Pij              –г               –т г             ”гол рот         ќтн угол U       
                   601              1002             1001             601              601              601              601              
                                                     1002                                                                                 
                                                     1                                                                                    

                    10.500          110.000                10.930           22.900           22.900         47.28                         
      0.010         10.500          110.000                10.930           22.900           22.900         47.28                         
      0.020         10.500          110.000                10.930           22.900           22.900         47.28                         
      0.030         10.500          110.000                10.930           22.900           22.900         47.28                         
      0.040         10.500          110.000                10.930           22.900           22.900         47.28                         
      0.050         10.500          110.000                10.930           22.900           22.900         47.28                         
      0.060         10.500          110.000                10.930           22.900           22.900         47.28                         
      0.070         10.500          110.000                10.930           22.900           22.900         47.28                         
      0.080         10.500          110.000                10.930           22.900           22.900         47.28                         
      0.090         10.500          110.000                10.930           22.900           22.900         47.28                         
      0.100         10.500          110.000                10.930           22.900           22.900         47.28                         
      0.110         10.500          110.000                10.930           22.900           22.900         47.28                         
      0.120         10.500          110.000                10.930           22.900           22.900         47.28                         
      0.130         10.500          110.000                10.930           22.900           22.900         47.28                         
      0.140         10.500          110.000                10.930           22.900           22.900         47.28                         
      0.150         10.500          110.000                10.930           22.900           22.900         47.28                         
      0.160         10.500          110.000                10.930           22.900           22.900         47.28                         
      0.170         10.500          110.000                10.930           22.900           22.900         47.28                         
      0.180         10.500          110.000                10.930           22.900           22.900         47.28                         
      0.190         10.500          110.000                10.930           22.900           22.900         47.28                         
      0.200         10.500          110.000                10.930           22.900           22.900         47.28                         
      0.200         10.559          109.998                17.979           18.660           22.900         47.28                         
      0.210         10.559          109.998                17.980           18.662           22.900         47.29                         
      0.220         10.559          109.998                17.985           18.667           22.900         47.30                         
      0.230         10.559          109.998                17.992           18.674           22.900         47.33                         
      0.240         10.559          109.998                18.002           18.685           22.900         47.36                         
      0.250         10.559          109.998                18.015           18.699           22.900         47.40                         
      0.260         10.558          109.998                18.030           18.716           22.900         47.46                         
      0.270         10.558          109.998                18.048           18.736           22.900         47.52                         
      0.280         10.557          109.998                18.069           18.759           22.900         47.59                         
      0.290         10.556          109.998                18.092           18.784           22.900         47.68                         
      0.300         10.556          109.998                18.118           18.813           22.900         47.77                         
      0.310         10.555          109.998                18.147           18.844           22.900         47.87                         
      0.320         10.554          109.997                18.178           18.878           22.900         47.98                         
      0.330         10.553          109.997                18.211           18.915           22.900         48.10                         
      0.340         10.552          109.997                18.247           18.954           22.900         48.22                         
      0.350         10.551          109.997                18.286           18.996           22.900         48.36                         
      0.360         10.550          109.997                18.326           19.040           22.900         48.50                         
      0.370         10.549          109.996                18.369           19.087           22.900         48.66                         
      0.380         10.548          109.996                18.414           19.136           22.900         48.82                         
      0.390         10.547          109.996                18.461           19.188           22.900         48.99                         
      0.400         10.545          109.996                18.510           19.242           22.900         49.16                         
      0.410         10.544          109.995                18.561           19.298           22.900         49.35                         
      0.420         10.542          109.995                18.614           19.357           22.900         49.54                         
      0.430         10.541          109.995                18.669           19.417           22.900         49.74                         
      0.440         10.539          109.994                18.726           19.479           22.900         49.95                         
      0.450         10.537          109.994                18.784           19.544           22.900         50.16                         
      0.460         10.536          109.994                18.844           19.610           22.900         50.39                         
      0.470         10.534          109.993                18.906           19.678           22.900         50.61                         
      0.480         10.532          109.993                18.969           19.748           22.900         50.85                         
      0.490         10.530          109.993                19.034           19.820           22.900         51.09                         
      0.500         10.528          109.992                19.100           19.893           22.900         51.34                         
      0.510         10.526          109.992                19.168           19.968           22.900         51.60                         
      0.520         10.524          109.991                19.236           20.044           22.900         51.86                         
      0.530         10.522          109.991                19.306           20.121           22.900         52.13                         
      0.540         10.519          109.990                19.377           20.200           22.900         52.40                         
      0.550         10.517          109.990                19.449           20.280           22.900         52.68                         
      0.560         10.515          109.990                19.522           20.361           22.900         52.96                         
      0.570         10.512          109.989                19.596           20.443           22.900         53.25                         
      0.580         10.510          109.989                19.670           20.526           22.900         53.55                         
      0.590         10.507          109.988                19.746           20.610           22.900         53.85                         
      0.600         10.505          109.988                19.821           20.695           22.900         54.15                         
      0.610         10.502          109.987                19.898           20.781           22.900         54.46                         
      0.620         10.500          109.987                19.975           20.867           22.900         54.77                         
      0.630         10.497          109.986                20.052           20.954           22.900         55.09                         
      0.640         10.494          109.985                20.130           21.041           22.900         55.41                         
      0.650         10.491          109.985                20.208           21.129           22.900         55.73                         
      0.660         10.488          109.984                20.287           21.217           22.900         56.06                         
      0.670         10.486          109.984                20.365           21.305           22.900         56.39                         
      0.680         10.483          109.983                20.444           21.394           22.900         56.73                         
      0.690         10.480          109.983                20.522           21.483           22.900         57.07                         
      0.700         10.477          109.982                20.601           21.572           22.900         57.41                         
      0.710         10.474          109.982                20.679           21.660           22.900         57.75                         
      0.720         10.470          109.981                20.757           21.749           22.900         58.09                         
      0.730         10.467          109.980                20.835           21.838           22.900         58.44                         
      0.740         10.464          109.980                20.913           21.926           22.900         58.79                         
      0.750         10.461          109.979                20.990           22.014           22.900         59.14                         
      0.760         10.458          109.979                21.067           22.102           22.900         59.50                         
      0.770         10.454          109.978                21.143           22.190           22.900         59.85                         
      0.780         10.451          109.977                21.219           22.277           22.900         60.21                         
      0.790         10.448          109.977                21.295           22.363           22.900         60.56                         
      0.800         10.445          109.976                21.369           22.449           22.900         60.92                         
      0.810         10.441          109.975                21.443           22.534           22.900         61.28                         
      0.820         10.438          109.975                21.517           22.619           22.900         61.64                         
      0.830         10.434          109.974                21.589           22.703           22.900         61.99                         
      0.840         10.431          109.974                21.661           22.786           22.900         62.35                         
      0.850         10.428          109.973                21.732           22.869           22.900         62.71                         
      0.860         10.424          109.972                21.802           22.950           22.900         63.07                         
      0.870         10.421          109.972                21.871           23.031           22.900         63.43                         
      0.880         10.417          109.971                21.939           23.111           22.900         63.79                         
      0.890         10.414          109.970                22.006           23.190           22.900         64.14                         
      0.900         10.410          109.970                22.073           23.267           22.900         64.50                         
      0.910         10.407          109.969                22.138           23.344           22.900         64.85                         
      0.920         10.403          109.968                22.202           23.420           22.900         65.21                         
      0.930         10.400          109.968                22.265           23.495           22.900         65.56                         
      0.940         10.396          109.967                22.327           23.568           22.900         65.91                         
      0.950         10.393          109.967                22.388           23.641           22.900         66.26                         
      0.960         10.389          109.966                22.448           23.712           22.900         66.61                         
      0.970         10.386          109.965                22.506           23.782           22.900         66.95                         
      0.980         10.383          109.965                22.564           23.851           22.900         67.29                         
      0.990         10.379          109.964                22.620           23.918           22.900         67.63                         
      1.000         10.376          109.963                22.675           23.985           22.900         67.97                         
      1.010         10.372          109.963                22.729           24.050           22.900         68.31                         
      1.020         10.369          109.962                22.782           24.114           22.900         68.64                         
      1.030         10.365          109.962                22.834           24.177           22.900         68.97                         
      1.040         10.362          109.961                22.884           24.238           22.900         69.30                         
      1.050         10.359          109.960                22.933           24.298           22.900         69.62                         
      1.060         10.355          109.960                22.981           24.357           22.900         69.94                         
      1.070         10.352          109.959                23.028           24.415           22.900         70.26                         
      1.080         10.349          109.959                23.074           24.471           22.900         70.57                         
      1.090         10.346          109.958                23.118           24.526           22.900         70.88                         
      1.100         10.342          109.958                23.161           24.580           22.900         71.18                         
      1.110         10.339          109.957                23.203           24.632           22.900         71.49                         
      1.120         10.336          109.956                23.244           24.683           22.900         71.78                         
      1.130         10.333          109.956                23.284           24.733           22.900         72.08                         
      1.140         10.330          109.955                23.323           24.781           22.900         72.37                         
      1.150         10.327          109.955                23.360           24.829           22.900         72.65                         
      1.160         10.324          109.954                23.397           24.875           22.900         72.94                         
      1.170         10.321          109.954                23.432           24.920           22.900         73.21                         
      1.180         10.318          109.953                23.466           24.963           22.900         73.48                         
      1.190         10.315          109.953                23.499           25.005           22.900         73.75                         
      1.200         10.312          109.952                23.531           25.047           22.900         74.01                         
      1.210         10.310          109.952                23.562           25.086           22.900         74.27                         
      1.220         10.307          109.951                23.592           25.125           22.900         74.53                         
      1.230         10.304          109.951                23.621           25.163           22.900         74.77                         
      1.240         10.302          109.950                23.649           25.199           22.900         75.02                         
      1.250         10.299          109.950                23.675           25.234           22.900         75.25                         
      1.260         10.296          109.950                23.701           25.268           22.900         75.49                         
      1.270         10.294          109.949                23.726           25.301           22.900         75.71                         
      1.280         10.292          109.949                23.750           25.333           22.900         75.94                         
      1.290         10.289          109.948                23.773           25.364           22.900         76.15                         
      1.300         10.287          109.948                23.796           25.393           22.900         76.36                         
      1.310         10.285          109.947                23.817           25.422           22.900         76.57                         
      1.320         10.282          109.947                23.837           25.449           22.900         76.77                         
      1.330         10.280          109.947                23.857           25.476           22.900         76.96                         
      1.340         10.278          109.946                23.876           25.501           22.900         77.15                         
      1.350         10.276          109.946                23.894           25.526           22.900         77.34                         
      1.360         10.274          109.946                23.911           25.549           22.900         77.51                         
      1.370         10.272          109.945                23.927           25.571           22.900         77.68                         
      1.380         10.271          109.945                23.943           25.593           22.900         77.85                         
      1.390         10.269          109.945                23.958           25.613           22.900         78.01                         
      1.400         10.267          109.944                23.972           25.633           22.900         78.16                         
      1.410         10.265          109.944                23.986           25.652           22.900         78.31                         
      1.420         10.264          109.944                23.998           25.669           22.900         78.45                         
      1.430         10.262          109.944                24.010           25.686           22.900         78.59                         
      1.440         10.261          109.943                24.022           25.702           22.900         78.72                         
      1.450         10.260          109.943                24.033           25.717           22.900         78.84                         
      1.460         10.258          109.943                24.043           25.732           22.900         78.96                         
      1.470         10.257          109.943                24.052           25.745           22.900         79.07                         
      1.480         10.256          109.943                24.061           25.758           22.900         79.17                         
      1.490         10.255          109.942                24.070           25.770           22.900         79.27                         
      1.500         10.254          109.942                24.077           25.781           22.900         79.36                         
      1.510         10.253          109.942                24.084           25.791           22.900         79.45                         
      1.520         10.252          109.942                24.091           25.800           22.900         79.53                         
      1.530         10.251          109.942                24.097           25.809           22.900         79.60                         
      1.540         10.250          109.942                24.102           25.816           22.900         79.67                         
      1.550         10.250          109.942                24.107           25.824           22.900         79.73                         
      1.560         10.249          109.941                24.112           25.830           22.900         79.78                         
      1.570         10.249          109.941                24.115           25.835           22.900         79.83                         
      1.580         10.248          109.941                24.119           25.840           22.900         79.87                         
      1.590         10.248          109.941                24.122           25.844           22.900         79.91                         
      1.600         10.247          109.941                24.124           25.847           22.900         79.94                         
      1.610         10.247          109.941                24.126           25.850           22.900         79.96                         
      1.620         10.247          109.941                24.127           25.852           22.900         79.97                         
      1.630         10.247          109.941                24.128           25.853           22.900         79.98                         
      1.640         10.247          109.941                24.128           25.853           22.900         79.99                         
      1.650         10.247          109.941                24.128           25.853           22.900         79.98                         
      1.660         10.247          109.941                24.127           25.852           22.900         79.97                         
      1.670         10.247          109.941                24.126           25.850           22.900         79.96                         
      1.680         10.247          109.941                24.124           25.847           22.900         79.94                         
      1.690         10.248          109.941                24.121           25.844           22.900         79.91                         
      1.700         10.248          109.941                24.119           25.840           22.900         79.87                         
      1.710         10.249          109.941                24.115           25.835           22.900         79.83                         
      1.720         10.249          109.941                24.112           25.830           22.900         79.78                         
      1.730         10.250          109.942                24.107           25.824           22.900         79.73                         
      1.740         10.250          109.942                24.102           25.816           22.900         79.67                         
      1.750         10.251          109.942                24.097           25.809           22.900         79.60                         
      1.760         10.252          109.942                24.091           25.800           22.900         79.53                         
      1.770         10.253          109.942                24.084           25.791           22.900         79.45                         
      1.780         10.254          109.942                24.077           25.781           22.900         79.36                         
      1.790         10.255          109.942                24.070           25.770           22.900         79.27                         
      1.800         10.256          109.943                24.061           25.758           22.900         79.17                         
      1.810         10.257          109.943                24.053           25.746           22.900         79.07                         
      1.820         10.258          109.943                24.043           25.732           22.900         78.96                         
      1.830         10.260          109.943                24.033           25.718           22.900         78.84                         
      1.840         10.261          109.943                24.022           25.703           22.900         78.72                         
      1.850         10.262          109.944                24.011           25.687           22.900         78.59                         
      1.860         10.264          109.944                23.999           25.671           22.900         78.46                         
      1.870         10.265          109.944                23.987           25.653           22.900         78.32                         
      1.880         10.267          109.944                23.973           25.635           22.900         78.17                         
      1.890         10.269          109.945                23.959           25.615           22.900         78.02                         
      1.900         10.270          109.945                23.945           25.595           22.900         77.87                         
      1.910         10.272          109.945                23.929           25.574           22.900         77.70                         
      1.920         10.274          109.946                23.913           25.552           22.900         77.53                         
      1.930         10.276          109.946                23.896           25.529           22.900         77.36                         
      1.940         10.278          109.946                23.878           25.505           22.900         77.18                         
      1.950         10.280          109.947                23.860           25.479           22.900         76.99                         
      1.960         10.282          109.947                23.841           25.454           22.900         76.80                         
      1.970         10.284          109.947                23.821           25.427           22.900         76.60                         
      1.980         10.287          109.948                23.800           25.398           22.900         76.40                         
      1.990         10.289          109.948                23.778           25.369           22.900         76.19                         
      2.000         10.291          109.949                23.755           25.339           22.900         75.98                         

