  ¬рем€            U                U                Pij              –г               –т г             ”гол рот         ќтн угол U       
                   601              1002             1001             601              601              601              601              
                                                     1002                                                                                 
                                                     1                                                                                    

                    10.500          110.000                10.885           22.800           22.800         47.04                         
      0.010         10.500          110.000                10.885           22.800           22.800         47.04                         
      0.020         10.500          110.000                10.885           22.800           22.800         47.04                         
      0.030         10.500          110.000                10.885           22.800           22.800         47.04                         
      0.040         10.500          110.000                10.885           22.800           22.800         47.04                         
      0.050         10.500          110.000                10.885           22.800           22.800         47.04                         
      0.060         10.500          110.000                10.885           22.800           22.800         47.04                         
      0.070         10.500          110.000                10.885           22.800           22.800         47.04                         
      0.080         10.500          110.000                10.885           22.800           22.800         47.04                         
      0.090         10.500          110.000                10.885           22.800           22.800         47.04                         
      0.100         10.500          110.000                10.885           22.800           22.800         47.04                         
      0.110         10.500          110.000                10.885           22.800           22.800         47.04                         
      0.120         10.500          110.000                10.885           22.800           22.800         47.04                         
      0.130         10.500          110.000                10.885           22.800           22.800         47.04                         
      0.140         10.500          110.000                10.885           22.800           22.800         47.04                         
      0.150         10.500          110.000                10.885           22.800           22.800         47.04                         
      0.160         10.500          110.000                10.885           22.800           22.800         47.04                         
      0.170         10.500          110.000                10.885           22.800           22.800         47.04                         
      0.180         10.500          110.000                10.885           22.800           22.800         47.04                         
      0.190         10.500          110.000                10.885           22.800           22.800         47.04                         
      0.200         10.500          110.000                10.885           22.800           22.800         47.04                         
      0.200         10.559          109.998                17.904           18.578           22.800         47.04                         
      0.210         10.559          109.998                17.905           18.580           22.800         47.04                         
      0.220         10.559          109.998                17.909           18.585           22.800         47.06                         
      0.230         10.559          109.998                17.917           18.592           22.800         47.08                         
      0.240         10.558          109.998                17.927           18.603           22.800         47.11                         
      0.250         10.558          109.998                17.939           18.617           22.800         47.16                         
      0.260         10.558          109.998                17.955           18.634           22.800         47.21                         
      0.270         10.557          109.998                17.973           18.654           22.800         47.28                         
      0.280         10.557          109.998                17.994           18.677           22.800         47.35                         
      0.290         10.556          109.998                18.017           18.702           22.800         47.43                         
      0.300         10.555          109.998                18.043           18.731           22.800         47.52                         
      0.310         10.555          109.998                18.072           18.762           22.800         47.62                         
      0.320         10.554          109.997                18.103           18.796           22.800         47.73                         
      0.330         10.553          109.997                18.136           18.833           22.800         47.85                         
      0.340         10.552          109.997                18.172           18.872           22.800         47.97                         
      0.350         10.551          109.997                18.210           18.914           22.800         48.11                         
      0.360         10.550          109.997                18.251           18.958           22.800         48.25                         
      0.370         10.549          109.996                18.294           19.005           22.800         48.41                         
      0.380         10.547          109.996                18.338           19.054           22.800         48.57                         
      0.390         10.546          109.996                18.386           19.106           22.800         48.73                         
      0.400         10.545          109.996                18.435           19.160           22.800         48.91                         
      0.410         10.543          109.995                18.486           19.216           22.800         49.09                         
      0.420         10.542          109.995                18.539           19.274           22.800         49.29                         
      0.430         10.540          109.995                18.594           19.335           22.800         49.49                         
      0.440         10.539          109.994                18.650           19.397           22.800         49.69                         
      0.450         10.537          109.994                18.709           19.461           22.800         49.91                         
      0.460         10.535          109.994                18.769           19.528           22.800         50.13                         
      0.470         10.534          109.993                18.831           19.596           22.800         50.35                         
      0.480         10.532          109.993                18.894           19.666           22.800         50.59                         
      0.490         10.530          109.992                18.959           19.737           22.800         50.83                         
      0.500         10.528          109.992                19.025           19.810           22.800         51.08                         
      0.510         10.526          109.992                19.093           19.885           22.800         51.33                         
      0.520         10.524          109.991                19.161           19.961           22.800         51.59                         
      0.530         10.522          109.991                19.231           20.038           22.800         51.86                         
      0.540         10.519          109.990                19.302           20.117           22.800         52.13                         
      0.550         10.517          109.990                19.374           20.197           22.800         52.41                         
      0.560         10.515          109.990                19.447           20.278           22.800         52.69                         
      0.570         10.512          109.989                19.521           20.360           22.800         52.98                         
      0.580         10.510          109.989                19.596           20.443           22.800         53.27                         
      0.590         10.507          109.988                19.671           20.527           22.800         53.57                         
      0.600         10.505          109.988                19.747           20.612           22.800         53.87                         
      0.610         10.502          109.987                19.824           20.698           22.800         54.18                         
      0.620         10.500          109.987                19.901           20.784           22.800         54.49                         
      0.630         10.497          109.986                19.978           20.871           22.800         54.81                         
      0.640         10.494          109.986                20.056           20.958           22.800         55.13                         
      0.650         10.491          109.985                20.135           21.046           22.800         55.45                         
      0.660         10.489          109.984                20.213           21.134           22.800         55.77                         
      0.670         10.486          109.984                20.292           21.223           22.800         56.10                         
      0.680         10.483          109.983                20.370           21.311           22.800         56.44                         
      0.690         10.480          109.983                20.449           21.400           22.800         56.77                         
      0.700         10.477          109.982                20.527           21.489           22.800         57.11                         
      0.710         10.474          109.982                20.606           21.578           22.800         57.45                         
      0.720         10.471          109.981                20.684           21.667           22.800         57.80                         
      0.730         10.468          109.980                20.762           21.755           22.800         58.14                         
      0.740         10.465          109.980                20.840           21.844           22.800         58.49                         
      0.750         10.461          109.979                20.918           21.932           22.800         58.84                         
      0.760         10.458          109.979                20.995           22.020           22.800         59.19                         
      0.770         10.455          109.978                21.071           22.108           22.800         59.54                         
      0.780         10.452          109.977                21.147           22.195           22.800         59.89                         
      0.790         10.448          109.977                21.223           22.281           22.800         60.25                         
      0.800         10.445          109.976                21.298           22.367           22.800         60.60                         
      0.810         10.442          109.976                21.372           22.453           22.800         60.96                         
      0.820         10.438          109.975                21.446           22.538           22.800         61.32                         
      0.830         10.435          109.974                21.518           22.622           22.800         61.67                         
      0.840         10.432          109.974                21.590           22.705           22.800         62.03                         
      0.850         10.428          109.973                21.661           22.788           22.800         62.38                         
      0.860         10.425          109.972                21.732           22.869           22.800         62.74                         
      0.870         10.422          109.972                21.801           22.950           22.800         63.10                         
      0.880         10.418          109.971                21.870           23.030           22.800         63.45                         
      0.890         10.415          109.971                21.937           23.109           22.800         63.81                         
      0.900         10.411          109.970                22.004           23.187           22.800         64.16                         
      0.910         10.408          109.969                22.069           23.264           22.800         64.51                         
      0.920         10.404          109.969                22.133           23.340           22.800         64.86                         
      0.930         10.401          109.968                22.197           23.414           22.800         65.21                         
      0.940         10.398          109.967                22.259           23.488           22.800         65.56                         
      0.950         10.394          109.967                22.320           23.561           22.800         65.90                         
      0.960         10.391          109.966                22.380           23.632           22.800         66.25                         
      0.970         10.387          109.966                22.439           23.702           22.800         66.59                         
      0.980         10.384          109.965                22.497           23.771           22.800         66.93                         
      0.990         10.380          109.964                22.554           23.839           22.800         67.27                         
      1.000         10.377          109.964                22.609           23.906           22.800         67.60                         
      1.010         10.374          109.963                22.663           23.971           22.800         67.93                         
      1.020         10.370          109.962                22.716           24.035           22.800         68.26                         
      1.030         10.367          109.962                22.768           24.098           22.800         68.59                         
      1.040         10.364          109.961                22.819           24.160           22.800         68.91                         
      1.050         10.360          109.961                22.869           24.220           22.800         69.23                         
      1.060         10.357          109.960                22.917           24.279           22.800         69.55                         
      1.070         10.354          109.960                22.964           24.337           22.800         69.86                         
      1.080         10.351          109.959                23.010           24.393           22.800         70.17                         
      1.090         10.348          109.958                23.055           24.448           22.800         70.48                         
      1.100         10.344          109.958                23.098           24.502           22.800         70.78                         
      1.110         10.341          109.957                23.141           24.555           22.800         71.08                         
      1.120         10.338          109.957                23.182           24.606           22.800         71.37                         
      1.130         10.335          109.956                23.222           24.656           22.800         71.66                         
      1.140         10.332          109.956                23.261           24.705           22.800         71.95                         
      1.150         10.329          109.955                23.299           24.752           22.800         72.23                         
      1.160         10.326          109.955                23.335           24.798           22.800         72.51                         
      1.170         10.323          109.954                23.371           24.843           22.800         72.78                         
      1.180         10.320          109.954                23.405           24.887           22.800         73.05                         
      1.190         10.318          109.953                23.438           24.929           22.800         73.31                         
      1.200         10.315          109.953                23.471           24.971           22.800         73.57                         
      1.210         10.312          109.952                23.502           25.011           22.800         73.83                         
      1.220         10.309          109.952                23.532           25.049           22.800         74.07                         
      1.230         10.307          109.951                23.561           25.087           22.800         74.32                         
      1.240         10.304          109.951                23.589           25.123           22.800         74.56                         
      1.250         10.302          109.950                23.617           25.159           22.800         74.79                         
      1.260         10.299          109.950                23.643           25.193           22.800         75.02                         
      1.270         10.297          109.950                23.668           25.226           22.800         75.24                         
      1.280         10.295          109.949                23.692           25.258           22.800         75.46                         
      1.290         10.292          109.949                23.715           25.288           22.800         75.67                         
      1.300         10.290          109.948                23.738           25.318           22.800         75.88                         
      1.310         10.288          109.948                23.759           25.347           22.800         76.08                         
      1.320         10.286          109.948                23.780           25.374           22.800         76.27                         
      1.330         10.284          109.947                23.800           25.400           22.800         76.46                         
      1.340         10.282          109.947                23.819           25.426           22.800         76.65                         
      1.350         10.280          109.947                23.837           25.450           22.800         76.82                         
      1.360         10.278          109.946                23.854           25.474           22.800         77.00                         
      1.370         10.276          109.946                23.871           25.496           22.800         77.16                         
      1.380         10.274          109.946                23.887           25.517           22.800         77.32                         
      1.390         10.272          109.945                23.902           25.538           22.800         77.48                         
      1.400         10.271          109.945                23.916           25.557           22.800         77.63                         
      1.410         10.269          109.945                23.929           25.576           22.800         77.77                         
      1.420         10.268          109.945                23.942           25.593           22.800         77.91                         
      1.430         10.266          109.944                23.954           25.610           22.800         78.04                         
      1.440         10.265          109.944                23.966           25.626           22.800         78.16                         
      1.450         10.264          109.944                23.976           25.641           22.800         78.28                         
      1.460         10.262          109.944                23.987           25.655           22.800         78.39                         
      1.470         10.261          109.943                23.996           25.668           22.800         78.49                         
      1.480         10.260          109.943                24.005           25.680           22.800         78.59                         
      1.490         10.259          109.943                24.013           25.692           22.800         78.69                         
      1.500         10.258          109.943                24.021           25.703           22.800         78.77                         
      1.510         10.257          109.943                24.028           25.712           22.800         78.85                         
      1.520         10.256          109.943                24.034           25.721           22.800         78.93                         
      1.530         10.256          109.942                24.040           25.730           22.800         78.99                         
      1.540         10.255          109.942                24.045           25.737           22.800         79.06                         
      1.550         10.254          109.942                24.050           25.744           22.800         79.11                         
      1.560         10.254          109.942                24.054           25.749           22.800         79.16                         
      1.570         10.253          109.942                24.057           25.754           22.800         79.20                         
      1.580         10.253          109.942                24.060           25.759           22.800         79.24                         
      1.590         10.253          109.942                24.063           25.762           22.800         79.26                         
      1.600         10.252          109.942                24.065           25.765           22.800         79.29                         
      1.610         10.252          109.942                24.066           25.767           22.800         79.30                         
      1.620         10.252          109.942                24.067           25.768           22.800         79.31                         
      1.630         10.252          109.942                24.067           25.768           22.800         79.32                         
      1.640         10.252          109.942                24.067           25.768           22.800         79.31                         
      1.650         10.252          109.942                24.066           25.767           22.800         79.30                         
      1.660         10.252          109.942                24.065           25.765           22.800         79.29                         
      1.670         10.253          109.942                24.063           25.762           22.800         79.27                         
      1.680         10.253          109.942                24.060           25.759           22.800         79.24                         
      1.690         10.253          109.942                24.057           25.755           22.800         79.20                         
      1.700         10.254          109.942                24.054           25.750           22.800         79.16                         
      1.710         10.254          109.942                24.050           25.744           22.800         79.11                         
      1.720         10.255          109.942                24.045           25.737           22.800         79.06                         
      1.730         10.256          109.942                24.040           25.730           22.800         79.00                         
      1.740         10.256          109.943                24.034           25.722           22.800         78.93                         
      1.750         10.257          109.943                24.028           25.713           22.800         78.86                         
      1.760         10.258          109.943                24.021           25.703           22.800         78.78                         
      1.770         10.259          109.943                24.014           25.693           22.800         78.69                         
      1.780         10.260          109.943                24.005           25.681           22.800         78.60                         
      1.790         10.261          109.943                23.997           25.669           22.800         78.50                         
      1.800         10.262          109.944                23.987           25.656           22.800         78.40                         
      1.810         10.263          109.944                23.977           25.642           22.800         78.29                         
      1.820         10.265          109.944                23.967           25.628           22.800         78.17                         
      1.830         10.266          109.944                23.956           25.612           22.800         78.05                         
      1.840         10.267          109.945                23.944           25.595           22.800         77.92                         
      1.850         10.269          109.945                23.931           25.578           22.800         77.79                         
      1.860         10.271          109.945                23.918           25.560           22.800         77.65                         
      1.870         10.272          109.945                23.904           25.541           22.800         77.50                         
      1.880         10.274          109.946                23.889           25.520           22.800         77.35                         
      1.890         10.276          109.946                23.873           25.499           22.800         77.19                         
      1.900         10.277          109.946                23.857           25.477           22.800         77.03                         
      1.910         10.279          109.947                23.840           25.454           22.800         76.86                         
      1.920         10.281          109.947                23.822           25.430           22.800         76.68                         
      1.930         10.283          109.947                23.804           25.406           22.800         76.50                         
      1.940         10.285          109.948                23.784           25.380           22.800         76.31                         
      1.950         10.287          109.948                23.764           25.353           22.800         76.12                         
      1.960         10.289          109.948                23.743           25.325           22.800         75.92                         
      1.970         10.292          109.949                23.721           25.296           22.800         75.72                         
      1.980         10.294          109.949                23.698           25.266           22.800         75.51                         
      1.990         10.296          109.949                23.675           25.234           22.800         75.30                         
      2.000         10.299          109.950                23.650           25.202           22.800         75.08                         

