  ¬рем€            U                U                Pij              –г               –т г             ”гол рот         ќтн угол U       
                   601              1002             1001             601              601              601              601              
                                                     1002                                                                                 
                                                     1                                                                                    

                    10.500          110.000                10.841           22.700           22.700         46.79                         
      0.010         10.500          110.000                10.841           22.700           22.700         46.79                         
      0.020         10.500          110.000                10.841           22.700           22.700         46.79                         
      0.030         10.500          110.000                10.841           22.700           22.700         46.79                         
      0.040         10.500          110.000                10.841           22.700           22.700         46.79                         
      0.050         10.500          110.000                10.841           22.700           22.700         46.79                         
      0.060         10.500          110.000                10.841           22.700           22.700         46.79                         
      0.070         10.500          110.000                10.841           22.700           22.700         46.79                         
      0.080         10.500          110.000                10.841           22.700           22.700         46.79                         
      0.090         10.500          110.000                10.841           22.700           22.700         46.79                         
      0.100         10.500          110.000                10.841           22.700           22.700         46.79                         
      0.110         10.500          110.000                10.841           22.700           22.700         46.79                         
      0.120         10.500          110.000                10.841           22.700           22.700         46.79                         
      0.130         10.500          110.000                10.841           22.700           22.700         46.79                         
      0.140         10.500          110.000                10.841           22.700           22.700         46.79                         
      0.150         10.500          110.000                10.841           22.700           22.700         46.79                         
      0.160         10.500          110.000                10.841           22.700           22.700         46.79                         
      0.170         10.500          110.000                10.841           22.700           22.700         46.79                         
      0.180         10.500          110.000                10.841           22.700           22.700         46.79                         
      0.190         10.500          110.000                10.841           22.700           22.700         46.79                         
      0.200         10.500          110.000                10.841           22.700           22.700         46.79                         
      0.200         10.559          109.998                17.828           18.496           22.700         46.79                         
      0.210         10.558          109.998                17.830           18.498           22.700         46.80                         
      0.220         10.558          109.998                17.834           18.503           22.700         46.81                         
      0.230         10.558          109.998                17.841           18.510           22.700         46.84                         
      0.240         10.558          109.998                17.851           18.521           22.700         46.87                         
      0.250         10.558          109.998                17.864           18.535           22.700         46.91                         
      0.260         10.557          109.998                17.879           18.552           22.700         46.97                         
      0.270         10.557          109.998                17.898           18.572           22.700         47.03                         
      0.280         10.556          109.998                17.918           18.595           22.700         47.10                         
      0.290         10.556          109.998                17.942           18.620           22.700         47.18                         
      0.300         10.555          109.998                17.968           18.649           22.700         47.27                         
      0.310         10.554          109.997                17.996           18.680           22.700         47.37                         
      0.320         10.553          109.997                18.027           18.714           22.700         47.48                         
      0.330         10.552          109.997                18.061           18.750           22.700         47.60                         
      0.340         10.552          109.997                18.097           18.790           22.700         47.73                         
      0.350         10.551          109.997                18.135           18.831           22.700         47.86                         
      0.360         10.549          109.996                18.175           18.876           22.700         48.00                         
      0.370         10.548          109.996                18.218           18.923           22.700         48.16                         
      0.380         10.547          109.996                18.263           18.972           22.700         48.31                         
      0.390         10.546          109.996                18.310           19.023           22.700         48.48                         
      0.400         10.544          109.995                18.359           19.077           22.700         48.66                         
      0.410         10.543          109.995                18.410           19.133           22.700         48.84                         
      0.420         10.542          109.995                18.464           19.192           22.700         49.03                         
      0.430         10.540          109.995                18.518           19.252           22.700         49.23                         
      0.440         10.538          109.994                18.575           19.314           22.700         49.44                         
      0.450         10.537          109.994                18.634           19.379           22.700         49.65                         
      0.460         10.535          109.994                18.694           19.445           22.700         49.87                         
      0.470         10.533          109.993                18.756           19.513           22.700         50.10                         
      0.480         10.531          109.993                18.819           19.583           22.700         50.33                         
      0.490         10.530          109.992                18.884           19.654           22.700         50.57                         
      0.500         10.528          109.992                18.950           19.727           22.700         50.82                         
      0.510         10.526          109.992                19.018           19.802           22.700         51.07                         
      0.520         10.524          109.991                19.086           19.878           22.700         51.33                         
      0.530         10.521          109.991                19.156           19.956           22.700         51.59                         
      0.540         10.519          109.990                19.227           20.034           22.700         51.86                         
      0.550         10.517          109.990                19.299           20.114           22.700         52.14                         
      0.560         10.515          109.990                19.372           20.195           22.700         52.42                         
      0.570         10.512          109.989                19.446           20.277           22.700         52.71                         
      0.580         10.510          109.989                19.521           20.361           22.700         53.00                         
      0.590         10.507          109.988                19.596           20.445           22.700         53.30                         
      0.600         10.505          109.988                19.673           20.529           22.700         53.60                         
      0.610         10.502          109.987                19.749           20.615           22.700         53.90                         
      0.620         10.500          109.987                19.826           20.701           22.700         54.21                         
      0.630         10.497          109.986                19.904           20.788           22.700         54.53                         
      0.640         10.494          109.986                19.982           20.876           22.700         54.84                         
      0.650         10.492          109.985                20.060           20.963           22.700         55.16                         
      0.660         10.489          109.984                20.139           21.051           22.700         55.49                         
      0.670         10.486          109.984                20.218           21.140           22.700         55.82                         
      0.680         10.483          109.983                20.296           21.229           22.700         56.15                         
      0.690         10.480          109.983                20.375           21.317           22.700         56.48                         
      0.700         10.477          109.982                20.454           21.406           22.700         56.82                         
      0.710         10.474          109.982                20.533           21.495           22.700         57.16                         
      0.720         10.471          109.981                20.611           21.584           22.700         57.50                         
      0.730         10.468          109.980                20.689           21.673           22.700         57.84                         
      0.740         10.465          109.980                20.767           21.761           22.700         58.19                         
      0.750         10.462          109.979                20.845           21.850           22.700         58.53                         
      0.760         10.459          109.979                20.922           21.938           22.700         58.88                         
      0.770         10.456          109.978                20.999           22.025           22.700         59.23                         
      0.780         10.452          109.978                21.075           22.113           22.700         59.58                         
      0.790         10.449          109.977                21.151           22.199           22.700         59.94                         
      0.800         10.446          109.976                21.226           22.285           22.700         60.29                         
      0.810         10.443          109.976                21.300           22.371           22.700         60.64                         
      0.820         10.439          109.975                21.374           22.456           22.700         61.00                         
      0.830         10.436          109.974                21.447           22.540           22.700         61.35                         
      0.840         10.433          109.974                21.519           22.623           22.700         61.70                         
      0.850         10.429          109.973                21.591           22.706           22.700         62.06                         
      0.860         10.426          109.973                21.661           22.788           22.700         62.41                         
      0.870         10.422          109.972                21.731           22.869           22.700         62.76                         
      0.880         10.419          109.971                21.800           22.949           22.700         63.12                         
      0.890         10.416          109.971                21.867           23.028           22.700         63.47                         
      0.900         10.412          109.970                21.934           23.106           22.700         63.82                         
      0.910         10.409          109.969                22.000           23.183           22.700         64.17                         
      0.920         10.406          109.969                22.064           23.259           22.700         64.52                         
      0.930         10.402          109.968                22.128           23.334           22.700         64.86                         
      0.940         10.399          109.968                22.191           23.408           22.700         65.21                         
      0.950         10.395          109.967                22.252           23.480           22.700         65.55                         
      0.960         10.392          109.966                22.312           23.552           22.700         65.89                         
      0.970         10.389          109.966                22.372           23.622           22.700         66.23                         
      0.980         10.385          109.965                22.430           23.692           22.700         66.57                         
      0.990         10.382          109.965                22.486           23.759           22.700         66.90                         
      1.000         10.379          109.964                22.542           23.826           22.700         67.23                         
      1.010         10.375          109.963                22.597           23.892           22.700         67.56                         
      1.020         10.372          109.963                22.650           23.956           22.700         67.89                         
      1.030         10.369          109.962                22.702           24.019           22.700         68.21                         
      1.040         10.365          109.962                22.753           24.081           22.700         68.53                         
      1.050         10.362          109.961                22.803           24.141           22.700         68.85                         
      1.060         10.359          109.960                22.852           24.200           22.700         69.16                         
      1.070         10.356          109.960                22.899           24.258           22.700         69.47                         
      1.080         10.353          109.959                22.945           24.315           22.700         69.78                         
      1.090         10.349          109.959                22.990           24.370           22.700         70.08                         
      1.100         10.346          109.958                23.034           24.424           22.700         70.38                         
      1.110         10.343          109.958                23.077           24.477           22.700         70.67                         
      1.120         10.340          109.957                23.118           24.528           22.700         70.96                         
      1.130         10.337          109.957                23.159           24.578           22.700         71.25                         
      1.140         10.334          109.956                23.198           24.627           22.700         71.53                         
      1.150         10.331          109.956                23.236           24.675           22.700         71.81                         
      1.160         10.328          109.955                23.273           24.721           22.700         72.08                         
      1.170         10.326          109.955                23.309           24.766           22.700         72.35                         
      1.180         10.323          109.954                23.343           24.810           22.700         72.62                         
      1.190         10.320          109.954                23.377           24.852           22.700         72.88                         
      1.200         10.317          109.953                23.409           24.894           22.700         73.13                         
      1.210         10.315          109.953                23.441           24.934           22.700         73.38                         
      1.220         10.312          109.952                23.471           24.973           22.700         73.63                         
      1.230         10.309          109.952                23.501           25.010           22.700         73.87                         
      1.240         10.307          109.951                23.529           25.047           22.700         74.10                         
      1.250         10.304          109.951                23.556           25.082           22.700         74.33                         
      1.260         10.302          109.950                23.583           25.116           22.700         74.55                         
      1.270         10.300          109.950                23.608           25.149           22.700         74.77                         
      1.280         10.297          109.950                23.633           25.181           22.700         74.98                         
      1.290         10.295          109.949                23.656           25.212           22.700         75.19                         
      1.300         10.293          109.949                23.679           25.242           22.700         75.39                         
      1.310         10.291          109.948                23.701           25.270           22.700         75.59                         
      1.320         10.289          109.948                23.721           25.298           22.700         75.78                         
      1.330         10.287          109.948                23.741           25.324           22.700         75.97                         
      1.340         10.285          109.947                23.760           25.349           22.700         76.14                         
      1.350         10.283          109.947                23.779           25.374           22.700         76.32                         
      1.360         10.281          109.947                23.796           25.397           22.700         76.49                         
      1.370         10.279          109.946                23.813           25.419           22.700         76.65                         
      1.380         10.278          109.946                23.828           25.441           22.700         76.80                         
      1.390         10.276          109.946                23.844           25.461           22.700         76.95                         
      1.400         10.274          109.946                23.858           25.480           22.700         77.09                         
      1.410         10.273          109.945                23.871           25.499           22.700         77.23                         
      1.420         10.271          109.945                23.884           25.516           22.700         77.36                         
      1.430         10.270          109.945                23.896           25.533           22.700         77.49                         
      1.440         10.269          109.945                23.908           25.548           22.700         77.61                         
      1.450         10.267          109.944                23.918           25.563           22.700         77.72                         
      1.460         10.266          109.944                23.929           25.577           22.700         77.83                         
      1.470         10.265          109.944                23.938           25.589           22.700         77.93                         
      1.480         10.264          109.944                23.947           25.601           22.700         78.02                         
      1.490         10.263          109.944                23.955           25.613           22.700         78.11                         
      1.500         10.262          109.944                23.962           25.623           22.700         78.19                         
      1.510         10.261          109.943                23.969           25.632           22.700         78.26                         
      1.520         10.261          109.943                23.975           25.641           22.700         78.33                         
      1.530         10.260          109.943                23.981           25.649           22.700         78.39                         
      1.540         10.259          109.943                23.986           25.656           22.700         78.45                         
      1.550         10.259          109.943                23.990           25.662           22.700         78.50                         
      1.560         10.258          109.943                23.994           25.667           22.700         78.54                         
      1.570         10.258          109.943                23.997           25.672           22.700         78.58                         
      1.580         10.258          109.943                24.000           25.675           22.700         78.60                         
      1.590         10.257          109.943                24.002           25.678           22.700         78.63                         
      1.600         10.257          109.943                24.003           25.680           22.700         78.64                         
      1.610         10.257          109.943                24.004           25.681           22.700         78.65                         
      1.620         10.257          109.943                24.004           25.682           22.700         78.66                         
      1.630         10.257          109.943                24.004           25.682           22.700         78.66                         
      1.640         10.257          109.943                24.003           25.680           22.700         78.65                         
      1.650         10.257          109.943                24.002           25.679           22.700         78.63                         
      1.660         10.258          109.943                24.000           25.676           22.700         78.61                         
      1.670         10.258          109.943                23.998           25.672           22.700         78.58                         
      1.680         10.258          109.943                23.994           25.668           22.700         78.55                         
      1.690         10.259          109.943                23.991           25.663           22.700         78.51                         
      1.700         10.259          109.943                23.987           25.657           22.700         78.46                         
      1.710         10.260          109.943                23.982           25.650           22.700         78.40                         
      1.720         10.261          109.943                23.976           25.643           22.700         78.34                         
      1.730         10.261          109.943                23.970           25.634           22.700         78.28                         
      1.740         10.262          109.944                23.964           25.625           22.700         78.20                         
      1.750         10.263          109.944                23.956           25.615           22.700         78.12                         
      1.760         10.264          109.944                23.948           25.604           22.700         78.04                         
      1.770         10.265          109.944                23.940           25.592           22.700         77.95                         
      1.780         10.266          109.944                23.931           25.580           22.700         77.85                         
      1.790         10.267          109.944                23.921           25.566           22.700         77.74                         
      1.800         10.268          109.945                23.910           25.552           22.700         77.63                         
      1.810         10.270          109.945                23.899           25.536           22.700         77.52                         
      1.820         10.271          109.945                23.887           25.520           22.700         77.39                         
      1.830         10.272          109.945                23.875           25.503           22.700         77.27                         
      1.840         10.274          109.946                23.861           25.485           22.700         77.13                         
      1.850         10.275          109.946                23.848           25.466           22.700         76.99                         
      1.860         10.277          109.946                23.833           25.446           22.700         76.84                         
      1.870         10.279          109.946                23.817           25.425           22.700         76.69                         
      1.880         10.281          109.947                23.801           25.404           22.700         76.53                         
      1.890         10.282          109.947                23.784           25.381           22.700         76.37                         
      1.900         10.284          109.947                23.766           25.357           22.700         76.20                         
      1.910         10.286          109.948                23.748           25.332           22.700         76.02                         
      1.920         10.288          109.948                23.728           25.307           22.700         75.84                         
      1.930         10.290          109.948                23.708           25.280           22.700         75.66                         
      1.940         10.292          109.949                23.687           25.252           22.700         75.47                         
      1.950         10.294          109.949                23.665           25.223           22.700         75.27                         
      1.960         10.297          109.949                23.642           25.193           22.700         75.07                         
      1.970         10.299          109.950                23.618           25.162           22.700         74.86                         
      1.980         10.301          109.950                23.594           25.130           22.700         74.64                         
      1.990         10.303          109.951                23.568           25.097           22.700         74.43                         
      2.000         10.306          109.951                23.541           25.063           22.700         74.20                         

