  ¬рем€            U                U                Pij              –г               –т г             ”гол рот         ќтн угол U       
                   601              1002             1001             601              601              601              601              
                                                     1002                                                                                 
                                                     1                                                                                    

                    10.500          110.000                10.751           22.500           22.500         46.30                         
      0.010         10.500          110.000                10.751           22.500           22.500         46.30                         
      0.020         10.500          110.000                10.751           22.500           22.500         46.30                         
      0.030         10.500          110.000                10.751           22.500           22.500         46.30                         
      0.040         10.500          110.000                10.751           22.500           22.500         46.30                         
      0.050         10.500          110.000                10.751           22.500           22.500         46.30                         
      0.060         10.500          110.000                10.751           22.500           22.500         46.30                         
      0.070         10.500          110.000                10.751           22.500           22.500         46.30                         
      0.080         10.500          110.000                10.751           22.500           22.500         46.30                         
      0.090         10.500          110.000                10.751           22.500           22.500         46.30                         
      0.100         10.500          110.000                10.751           22.500           22.500         46.30                         
      0.110         10.500          110.000                10.751           22.500           22.500         46.30                         
      0.120         10.500          110.000                10.751           22.500           22.500         46.30                         
      0.130         10.500          110.000                10.751           22.500           22.500         46.30                         
      0.140         10.500          110.000                10.751           22.500           22.500         46.30                         
      0.150         10.500          110.000                10.751           22.500           22.500         46.30                         
      0.160         10.500          110.000                10.751           22.500           22.500         46.30                         
      0.170         10.500          110.000                10.751           22.500           22.500         46.30                         
      0.180         10.500          110.000                10.751           22.500           22.500         46.30                         
      0.190         10.500          110.000                10.751           22.500           22.500         46.30                         
      0.200         10.500          110.000                10.751           22.500           22.500         46.30                         
      0.200         10.558          109.998                17.678           18.332           22.500         46.30                         
      0.210         10.558          109.998                17.679           18.334           22.500         46.31                         
      0.220         10.557          109.998                17.683           18.339           22.500         46.32                         
      0.230         10.557          109.998                17.690           18.346           22.500         46.35                         
      0.240         10.557          109.998                17.700           18.357           22.500         46.38                         
      0.250         10.557          109.998                17.713           18.371           22.500         46.43                         
      0.260         10.556          109.998                17.729           18.388           22.500         46.48                         
      0.270         10.556          109.998                17.747           18.408           22.500         46.54                         
      0.280         10.555          109.998                17.767           18.430           22.500         46.61                         
      0.290         10.555          109.998                17.791           18.456           22.500         46.69                         
      0.300         10.554          109.997                17.817           18.484           22.500         46.78                         
      0.310         10.553          109.997                17.845           18.515           22.500         46.88                         
      0.320         10.553          109.997                17.876           18.549           22.500         46.99                         
      0.330         10.552          109.997                17.910           18.586           22.500         47.11                         
      0.340         10.551          109.997                17.946           18.625           22.500         47.23                         
      0.350         10.550          109.997                17.984           18.667           22.500         47.36                         
      0.360         10.549          109.996                18.025           18.711           22.500         47.51                         
      0.370         10.548          109.996                18.067           18.758           22.500         47.66                         
      0.380         10.546          109.996                18.112           18.807           22.500         47.81                         
      0.390         10.545          109.996                18.159           18.859           22.500         47.98                         
      0.400         10.544          109.995                18.208           18.912           22.500         48.15                         
      0.410         10.542          109.995                18.260           18.968           22.500         48.34                         
      0.420         10.541          109.995                18.313           19.027           22.500         48.53                         
      0.430         10.540          109.994                18.368           19.087           22.500         48.72                         
      0.440         10.538          109.994                18.424           19.149           22.500         48.93                         
      0.450         10.536          109.994                18.483           19.213           22.500         49.14                         
      0.460         10.535          109.993                18.543           19.280           22.500         49.35                         
      0.470         10.533          109.993                18.605           19.348           22.500         49.58                         
      0.480         10.531          109.993                18.668           19.417           22.500         49.81                         
      0.490         10.529          109.992                18.733           19.489           22.500         50.05                         
      0.500         10.527          109.992                18.799           19.562           22.500         50.29                         
      0.510         10.525          109.992                18.867           19.636           22.500         50.54                         
      0.520         10.523          109.991                18.936           19.712           22.500         50.80                         
      0.530         10.521          109.991                19.006           19.790           22.500         51.06                         
      0.540         10.519          109.990                19.077           19.868           22.500         51.33                         
      0.550         10.517          109.990                19.149           19.948           22.500         51.60                         
      0.560         10.515          109.989                19.222           20.029           22.500         51.88                         
      0.570         10.512          109.989                19.296           20.111           22.500         52.17                         
      0.580         10.510          109.989                19.371           20.195           22.500         52.46                         
      0.590         10.507          109.988                19.447           20.279           22.500         52.75                         
      0.600         10.505          109.988                19.523           20.363           22.500         53.05                         
      0.610         10.502          109.987                19.600           20.449           22.500         53.35                         
      0.620         10.500          109.987                19.677           20.535           22.500         53.66                         
      0.630         10.497          109.986                19.755           20.622           22.500         53.97                         
      0.640         10.495          109.986                19.833           20.709           22.500         54.28                         
      0.650         10.492          109.985                19.912           20.797           22.500         54.60                         
      0.660         10.489          109.985                19.990           20.885           22.500         54.92                         
      0.670         10.486          109.984                20.069           20.974           22.500         55.24                         
      0.680         10.484          109.983                20.148           21.063           22.500         55.57                         
      0.690         10.481          109.983                20.227           21.152           22.500         55.90                         
      0.700         10.478          109.982                20.306           21.240           22.500         56.23                         
      0.710         10.475          109.982                20.385           21.329           22.500         56.57                         
      0.720         10.472          109.981                20.464           21.418           22.500         56.91                         
      0.730         10.469          109.981                20.542           21.507           22.500         57.25                         
      0.740         10.466          109.980                20.621           21.596           22.500         57.59                         
      0.750         10.463          109.979                20.699           21.684           22.500         57.93                         
      0.760         10.460          109.979                20.776           21.772           22.500         58.27                         
      0.770         10.457          109.978                20.853           21.860           22.500         58.62                         
      0.780         10.453          109.978                20.930           21.947           22.500         58.97                         
      0.790         10.450          109.977                21.006           22.034           22.500         59.31                         
      0.800         10.447          109.976                21.081           22.120           22.500         59.66                         
      0.810         10.444          109.976                21.156           22.206           22.500         60.01                         
      0.820         10.441          109.975                21.230           22.291           22.500         60.36                         
      0.830         10.437          109.975                21.303           22.375           22.500         60.71                         
      0.840         10.434          109.974                21.376           22.459           22.500         61.06                         
      0.850         10.431          109.973                21.448           22.542           22.500         61.41                         
      0.860         10.428          109.973                21.519           22.624           22.500         61.76                         
      0.870         10.424          109.972                21.589           22.705           22.500         62.10                         
      0.880         10.421          109.972                21.658           22.785           22.500         62.45                         
      0.890         10.418          109.971                21.726           22.864           22.500         62.80                         
      0.900         10.414          109.970                21.793           22.943           22.500         63.14                         
      0.910         10.411          109.970                21.860           23.020           22.500         63.49                         
      0.920         10.408          109.969                21.925           23.096           22.500         63.83                         
      0.930         10.404          109.969                21.989           23.171           22.500         64.17                         
      0.940         10.401          109.968                22.052           23.246           22.500         64.51                         
      0.950         10.398          109.967                22.114           23.318           22.500         64.85                         
      0.960         10.394          109.967                22.175           23.390           22.500         65.18                         
      0.970         10.391          109.966                22.234           23.461           22.500         65.52                         
      0.980         10.388          109.966                22.293           23.530           22.500         65.85                         
      0.990         10.385          109.965                22.350           23.599           22.500         66.17                         
      1.000         10.381          109.964                22.407           23.666           22.500         66.50                         
      1.010         10.378          109.964                22.462           23.731           22.500         66.82                         
      1.020         10.375          109.963                22.515           23.796           22.500         67.14                         
      1.030         10.372          109.963                22.568           23.859           22.500         67.46                         
      1.040         10.369          109.962                22.620           23.921           22.500         67.77                         
      1.050         10.365          109.962                22.670           23.982           22.500         68.08                         
      1.060         10.362          109.961                22.719           24.041           22.500         68.39                         
      1.070         10.359          109.960                22.767           24.099           22.500         68.69                         
      1.080         10.356          109.960                22.814           24.156           22.500         68.99                         
      1.090         10.353          109.959                22.859           24.212           22.500         69.29                         
      1.100         10.350          109.959                22.904           24.266           22.500         69.58                         
      1.110         10.347          109.958                22.947           24.319           22.500         69.87                         
      1.120         10.344          109.958                22.989           24.370           22.500         70.15                         
      1.130         10.341          109.957                23.030           24.421           22.500         70.43                         
      1.140         10.338          109.957                23.070           24.470           22.500         70.70                         
      1.150         10.336          109.956                23.108           24.517           22.500         70.98                         
      1.160         10.333          109.956                23.145           24.564           22.500         71.24                         
      1.170         10.330          109.955                23.182           24.609           22.500         71.50                         
      1.180         10.327          109.955                23.217           24.653           22.500         71.76                         
      1.190         10.325          109.954                23.251           24.696           22.500         72.01                         
      1.200         10.322          109.954                23.284           24.737           22.500         72.26                         
      1.210         10.320          109.953                23.316           24.778           22.500         72.50                         
      1.220         10.317          109.953                23.347           24.816           22.500         72.74                         
      1.230         10.315          109.952                23.377           24.854           22.500         72.97                         
      1.240         10.312          109.952                23.405           24.891           22.500         73.19                         
      1.250         10.310          109.952                23.433           24.926           22.500         73.41                         
      1.260         10.307          109.951                23.460           24.960           22.500         73.63                         
      1.270         10.305          109.951                23.486           24.993           22.500         73.84                         
      1.280         10.303          109.950                23.510           25.025           22.500         74.04                         
      1.290         10.301          109.950                23.534           25.056           22.500         74.24                         
      1.300         10.299          109.950                23.557           25.086           22.500         74.43                         
      1.310         10.297          109.949                23.579           25.114           22.500         74.62                         
      1.320         10.295          109.949                23.600           25.141           22.500         74.80                         
      1.330         10.293          109.949                23.620           25.168           22.500         74.98                         
      1.340         10.291          109.948                23.639           25.193           22.500         75.15                         
      1.350         10.289          109.948                23.658           25.217           22.500         75.31                         
      1.360         10.288          109.948                23.675           25.240           22.500         75.47                         
      1.370         10.286          109.948                23.692           25.262           22.500         75.62                         
      1.380         10.284          109.947                23.708           25.283           22.500         75.77                         
      1.390         10.283          109.947                23.723           25.303           22.500         75.91                         
      1.400         10.281          109.947                23.737           25.322           22.500         76.04                         
      1.410         10.280          109.947                23.751           25.340           22.500         76.17                         
      1.420         10.279          109.946                23.764           25.357           22.500         76.29                         
      1.430         10.277          109.946                23.776           25.373           22.500         76.41                         
      1.440         10.276          109.946                23.787           25.388           22.500         76.51                         
      1.450         10.275          109.946                23.797           25.402           22.500         76.62                         
      1.460         10.274          109.945                23.807           25.415           22.500         76.71                         
      1.470         10.273          109.945                23.816           25.428           22.500         76.80                         
      1.480         10.272          109.945                23.825           25.439           22.500         76.89                         
      1.490         10.271          109.945                23.833           25.449           22.500         76.96                         
      1.500         10.271          109.945                23.840           25.459           22.500         77.03                         
      1.510         10.270          109.945                23.846           25.467           22.500         77.10                         
      1.520         10.269          109.945                23.852           25.475           22.500         77.15                         
      1.530         10.269          109.945                23.857           25.482           22.500         77.20                         
      1.540         10.268          109.944                23.861           25.488           22.500         77.25                         
      1.550         10.268          109.944                23.865           25.493           22.500         77.29                         
      1.560         10.267          109.944                23.868           25.497           22.500         77.32                         
      1.570         10.267          109.944                23.870           25.500           22.500         77.34                         
      1.580         10.267          109.944                23.872           25.503           22.500         77.36                         
      1.590         10.267          109.944                23.873           25.504           22.500         77.37                         
      1.600         10.267          109.944                23.874           25.505           22.500         77.38                         
      1.610         10.267          109.944                23.874           25.505           22.500         77.38                         
      1.620         10.267          109.944                23.873           25.504           22.500         77.37                         
      1.630         10.267          109.944                23.871           25.502           22.500         77.36                         
      1.640         10.267          109.944                23.869           25.499           22.500         77.34                         
      1.650         10.267          109.944                23.867           25.496           22.500         77.31                         
      1.660         10.268          109.944                23.864           25.491           22.500         77.28                         
      1.670         10.268          109.944                23.860           25.486           22.500         77.24                         
      1.680         10.269          109.945                23.855           25.480           22.500         77.19                         
      1.690         10.269          109.945                23.850           25.473           22.500         77.14                         
      1.700         10.270          109.945                23.844           25.465           22.500         77.08                         
      1.710         10.271          109.945                23.837           25.456           22.500         77.01                         
      1.720         10.272          109.945                23.830           25.446           22.500         76.94                         
      1.730         10.272          109.945                23.822           25.436           22.500         76.86                         
      1.740         10.273          109.945                23.814           25.424           22.500         76.78                         
      1.750         10.274          109.946                23.805           25.412           22.500         76.69                         
      1.760         10.275          109.946                23.795           25.398           22.500         76.59                         
      1.770         10.277          109.946                23.784           25.384           22.500         76.49                         
      1.780         10.278          109.946                23.773           25.369           22.500         76.38                         
      1.790         10.279          109.946                23.760           25.353           22.500         76.26                         
      1.800         10.280          109.947                23.748           25.335           22.500         76.14                         
      1.810         10.282          109.947                23.734           25.317           22.500         76.01                         
      1.820         10.283          109.947                23.720           25.298           22.500         75.88                         
      1.830         10.285          109.947                23.704           25.278           22.500         75.74                         
      1.840         10.286          109.948                23.688           25.257           22.500         75.59                         
      1.850         10.288          109.948                23.672           25.235           22.500         75.44                         
      1.860         10.290          109.948                23.654           25.212           22.500         75.28                         
      1.870         10.291          109.948                23.636           25.188           22.500         75.12                         
      1.880         10.293          109.949                23.617           25.163           22.500         74.95                         
      1.890         10.295          109.949                23.596           25.137           22.500         74.77                         
      1.900         10.297          109.949                23.576           25.110           22.500         74.59                         
      1.910         10.299          109.950                23.554           25.081           22.500         74.41                         
      1.920         10.301          109.950                23.531           25.052           22.500         74.22                         
      1.930         10.303          109.951                23.507           25.021           22.500         74.02                         
      1.940         10.305          109.951                23.483           24.990           22.500         73.82                         
      1.950         10.308          109.951                23.457           24.957           22.500         73.61                         
      1.960         10.310          109.952                23.431           24.923           22.500         73.40                         
      1.970         10.312          109.952                23.403           24.888           22.500         73.18                         
      1.980         10.315          109.953                23.375           24.852           22.500         72.95                         
      1.990         10.317          109.953                23.346           24.815           22.500         72.73                         
      2.000         10.320          109.953                23.315           24.777           22.500         72.49                         

