  ¬рем€            U                U                Pij              –г               –т г             ”гол рот         ќтн угол U       
                   601              1002             1001             601              601              601              601              
                                                     1002                                                                                 
                                                     1                                                                                    

                    10.500          110.000                11.951           25.200           25.200         53.13                         
      0.010         10.500          110.000                11.951           25.200           25.200         53.13                         
      0.020         10.500          110.000                11.951           25.200           25.200         53.13                         
      0.030         10.500          110.000                11.951           25.200           25.200         53.13                         
      0.040         10.500          110.000                11.951           25.200           25.200         53.13                         
      0.050         10.500          110.000                11.951           25.200           25.200         53.13                         
      0.060         10.500          110.000                11.951           25.200           25.200         53.13                         
      0.070         10.500          110.000                11.951           25.200           25.200         53.13                         
      0.080         10.500          110.000                11.951           25.200           25.200         53.13                         
      0.090         10.500          110.000                11.951           25.200           25.200         53.13                         
      0.100         10.500          110.000                11.951           25.200           25.200         53.13                         
      0.110         10.500          110.000                11.951           25.200           25.200         53.13                         
      0.120         10.500          110.000                11.951           25.200           25.200         53.13                         
      0.130         10.500          110.000                11.951           25.200           25.200         53.13                         
      0.140         10.500          110.000                11.951           25.200           25.200         53.13                         
      0.150         10.500          110.000                11.951           25.200           25.200         53.13                         
      0.160         10.500          110.000                11.951           25.200           25.200         53.13                         
      0.170         10.500          110.000                11.951           25.200           25.200         53.13                         
      0.180         10.500          110.000                11.951           25.200           25.200         53.13                         
      0.190         10.500          110.000                11.951           25.200           25.200         53.13                         
      0.200         10.500          110.000                11.951           25.200           25.200         53.13                         
      0.200         10.571          110.000                19.699           20.550           25.200         53.13                         
      0.210         10.571          110.000                19.700           20.551           25.200         53.14                         
      0.220         10.571          110.000                19.704           20.556           25.200         53.16                         
      0.230         10.571          110.000                19.711           20.564           25.200         53.18                         
      0.240         10.571          110.000                19.721           20.574           25.200         53.22                         
      0.250         10.570          110.000                19.734           20.588           25.200         53.27                         
      0.260         10.570          110.000                19.749           20.605           25.200         53.33                         
      0.270         10.569          110.000                19.767           20.625           25.200         53.40                         
      0.280         10.569          110.000                19.787           20.648           25.200         53.48                         
      0.290         10.568          110.000                19.810           20.673           25.200         53.57                         
      0.300         10.567          110.000                19.835           20.702           25.200         53.67                         
      0.310         10.566          109.999                19.863           20.733           25.200         53.78                         
      0.320         10.565          109.999                19.893           20.767           25.200         53.90                         
      0.330         10.564          109.999                19.926           20.803           25.200         54.03                         
      0.340         10.563          109.999                19.961           20.842           25.200         54.17                         
      0.350         10.562          109.998                19.998           20.884           25.200         54.32                         
      0.360         10.560          109.998                20.038           20.928           25.200         54.48                         
      0.370         10.559          109.998                20.080           20.975           25.200         54.65                         
      0.380         10.557          109.998                20.123           21.024           25.200         54.82                         
      0.390         10.556          109.997                20.169           21.075           25.200         55.01                         
      0.400         10.554          109.997                20.217           21.129           25.200         55.21                         
      0.410         10.552          109.997                20.266           21.184           25.200         55.41                         
      0.420         10.550          109.996                20.318           21.242           25.200         55.62                         
      0.430         10.548          109.996                20.371           21.302           25.200         55.84                         
      0.440         10.546          109.996                20.426           21.364           25.200         56.07                         
      0.450         10.544          109.995                20.483           21.428           25.200         56.31                         
      0.460         10.542          109.995                20.541           21.493           25.200         56.55                         
      0.470         10.540          109.994                20.600           21.560           25.200         56.81                         
      0.480         10.538          109.994                20.661           21.629           25.200         57.07                         
      0.490         10.535          109.993                20.724           21.700           25.200         57.34                         
      0.500         10.533          109.993                20.787           21.772           25.200         57.61                         
      0.510         10.530          109.992                20.852           21.846           25.200         57.90                         
      0.520         10.528          109.992                20.918           21.920           25.200         58.19                         
      0.530         10.525          109.991                20.985           21.997           25.200         58.48                         
      0.540         10.522          109.991                21.053           22.074           25.200         58.79                         
      0.550         10.519          109.990                21.122           22.152           25.200         59.10                         
      0.560         10.517          109.990                21.191           22.232           25.200         59.42                         
      0.570         10.514          109.989                21.261           22.312           25.200         59.74                         
      0.580         10.511          109.989                21.332           22.393           25.200         60.07                         
      0.590         10.507          109.988                21.404           22.475           25.200         60.40                         
      0.600         10.504          109.988                21.476           22.558           25.200         60.74                         
      0.610         10.501          109.987                21.548           22.641           25.200         61.09                         
      0.620         10.498          109.986                21.621           22.725           25.200         61.44                         
      0.630         10.494          109.986                21.693           22.809           25.200         61.80                         
      0.640         10.491          109.985                21.767           22.894           25.200         62.16                         
      0.650         10.487          109.984                21.840           22.979           25.200         62.52                         
      0.660         10.484          109.984                21.913           23.064           25.200         62.89                         
      0.670         10.480          109.983                21.986           23.149           25.200         63.27                         
      0.680         10.477          109.982                22.059           23.235           25.200         63.65                         
      0.690         10.473          109.982                22.132           23.320           25.200         64.03                         
      0.700         10.469          109.981                22.204           23.405           25.200         64.42                         
      0.710         10.465          109.980                22.277           23.490           25.200         64.81                         
      0.720         10.461          109.980                22.349           23.575           25.200         65.20                         
      0.730         10.458          109.979                22.420           23.660           25.200         65.60                         
      0.740         10.454          109.978                22.491           23.744           25.200         66.00                         
      0.750         10.450          109.977                22.561           23.828           25.200         66.40                         
      0.760         10.446          109.977                22.631           23.911           25.200         66.80                         
      0.770         10.441          109.976                22.700           23.994           25.200         67.21                         
      0.780         10.437          109.975                22.769           24.076           25.200         67.62                         
      0.790         10.433          109.974                22.836           24.157           25.200         68.03                         
      0.800         10.429          109.974                22.903           24.238           25.200         68.45                         
      0.810         10.425          109.973                22.969           24.318           25.200         68.86                         
      0.820         10.420          109.972                23.034           24.397           25.200         69.28                         
      0.830         10.416          109.971                23.098           24.475           25.200         69.70                         
      0.840         10.412          109.971                23.161           24.552           25.200         70.12                         
      0.850         10.407          109.970                23.222           24.629           25.200         70.54                         
      0.860         10.403          109.969                23.283           24.704           25.200         70.96                         
      0.870         10.398          109.968                23.343           24.778           25.200         71.38                         
      0.880         10.394          109.967                23.402           24.851           25.200         71.81                         
      0.890         10.389          109.967                23.459           24.923           25.200         72.23                         
      0.900         10.385          109.966                23.515           24.994           25.200         72.66                         
      0.910         10.380          109.965                23.570           25.064           25.200         73.08                         
      0.920         10.376          109.964                23.624           25.133           25.200         73.50                         
      0.930         10.371          109.963                23.676           25.200           25.200         73.93                         
      0.940         10.367          109.963                23.727           25.266           25.200         74.35                         
      0.950         10.362          109.962                23.777           25.330           25.200         74.78                         
      0.960         10.358          109.961                23.826           25.394           25.200         75.20                         
      0.970         10.353          109.960                23.873           25.456           25.200         75.62                         
      0.980         10.348          109.959                23.919           25.516           25.200         76.04                         
      0.990         10.344          109.959                23.963           25.576           25.200         76.46                         
      1.000         10.339          109.958                24.006           25.634           25.200         76.88                         
      1.010         10.335          109.957                24.048           25.690           25.200         77.30                         
      1.020         10.330          109.956                24.089           25.745           25.200         77.72                         
      1.030         10.325          109.955                24.128           25.799           25.200         78.13                         
      1.040         10.321          109.955                24.165           25.852           25.200         78.55                         
      1.050         10.316          109.954                24.202           25.903           25.200         78.96                         
      1.060         10.312          109.953                24.237           25.952           25.200         79.37                         
      1.070         10.307          109.952                24.270           26.000           25.200         79.78                         
      1.080         10.303          109.952                24.302           26.047           25.200         80.19                         
      1.090         10.298          109.951                24.333           26.093           25.200         80.59                         
      1.100         10.293          109.950                24.363           26.137           25.200         80.99                         
      1.110         10.289          109.949                24.391           26.179           25.200         81.39                         
      1.120         10.284          109.949                24.418           26.220           25.200         81.79                         
      1.130         10.280          109.948                24.444           26.260           25.200         82.19                         
      1.140         10.275          109.947                24.468           26.299           25.200         82.58                         
      1.150         10.271          109.946                24.491           26.336           25.200         82.97                         
      1.160         10.267          109.946                24.513           26.372           25.200         83.36                         
      1.170         10.262          109.945                24.534           26.406           25.200         83.75                         
      1.180         10.258          109.944                24.553           26.439           25.200         84.13                         
      1.190         10.253          109.943                24.571           26.471           25.200         84.51                         
      1.200         10.249          109.943                24.588           26.502           25.200         84.88                         
      1.210         10.245          109.942                24.604           26.531           25.200         85.26                         
      1.220         10.240          109.941                24.619           26.560           25.200         85.63                         
      1.230         10.236          109.940                24.633           26.587           25.200         86.00                         
      1.240         10.232          109.940                24.645           26.612           25.200         86.36                         
      1.250         10.228          109.939                24.657           26.637           25.200         86.72                         
      1.260         10.224          109.938                24.667           26.660           25.200         87.08                         
      1.270         10.220          109.938                24.676           26.683           25.200         87.43                         
      1.280         10.215          109.937                24.685           26.704           25.200         87.79                         
      1.290         10.211          109.936                24.692           26.724           25.200         88.13                         
      1.300         10.207          109.936                24.699           26.743           25.200         88.48                         
      1.310         10.203          109.935                24.705           26.761           25.200         88.82                         
      1.320         10.199          109.934                24.709           26.778           25.200         89.16                         
      1.330         10.195          109.934                24.713           26.794           25.200         89.49                         
      1.340         10.192          109.933                24.716           26.809           25.200         89.82                         
      1.350         10.188          109.933                24.718           26.823           25.200         90.15                         
      1.360         10.184          109.932                24.720           26.836           25.200         90.47                         
      1.370         10.180          109.931                24.720           26.848           25.200         90.79                         
      1.380         10.176          109.931                24.720           26.860           25.200         91.11                         
      1.390         10.173          109.930                24.719           26.870           25.200         91.42                         
      1.400         10.169          109.930                24.718           26.880           25.200         91.73                         
      1.410         10.166          109.929                24.716           26.889           25.200         92.04                         
      1.420         10.162          109.928                24.713           26.897           25.200         92.34                         
      1.430         10.158          109.928                24.709           26.904           25.200         92.63                         
      1.440         10.155          109.927                24.705           26.911           25.200         92.93                         
      1.450         10.151          109.927                24.701           26.917           25.200         93.22                         
      1.460         10.148          109.926                24.696           26.922           25.200         93.51                         
      1.470         10.145          109.926                24.690           26.926           25.200         93.79                         
      1.480         10.141          109.925                24.684           26.930           25.200         94.07                         
      1.490         10.138          109.925                24.677           26.934           25.200         94.34                         
      1.500         10.135          109.924                24.670           26.936           25.200         94.61                         
      1.510         10.132          109.924                24.663           26.939           25.200         94.88                         
      1.520         10.129          109.923                24.655           26.940           25.200         95.14                         
      1.530         10.126          109.923                24.646           26.941           25.200         95.40                         
      1.540         10.122          109.922                24.638           26.942           25.200         95.66                         
      1.550         10.119          109.922                24.629           26.942           25.200         95.91                         
      1.560         10.117          109.921                24.619           26.942           25.200         96.16                         
      1.570         10.114          109.921                24.610           26.941           25.200         96.41                         
      1.580         10.111          109.920                24.600           26.940           25.200         96.65                         
      1.590         10.108          109.920                24.590           26.938           25.200         96.89                         
      1.600         10.105          109.919                24.579           26.936           25.200         97.12                         
      1.610         10.102          109.919                24.569           26.934           25.200         97.35                         
      1.620         10.100          109.919                24.558           26.931           25.200         97.57                         
      1.630         10.097          109.918                24.547           26.928           25.200         97.80                         
      1.640         10.094          109.918                24.536           26.925           25.200         98.01                         
      1.650         10.092          109.917                24.525           26.921           25.200         98.23                         
      1.660         10.089          109.917                24.513           26.917           25.200         98.44                         
      1.670         10.087          109.917                24.502           26.913           25.200         98.65                         
      1.680         10.084          109.916                24.490           26.909           25.200         98.85                         
      1.690         10.082          109.916                24.478           26.904           25.200         99.05                         
      1.700         10.080          109.915                24.467           26.900           25.200         99.25                         
      1.710         10.077          109.915                24.455           26.895           25.200         99.44                         
      1.720         10.075          109.915                24.443           26.890           25.200         99.63                         
      1.730         10.073          109.914                24.431           26.884           25.200         99.81                         
      1.740         10.071          109.914                24.419           26.879           25.200        100.00                         
      1.750         10.069          109.914                24.407           26.873           25.200        100.17                         
      1.760         10.067          109.913                24.395           26.868           25.200        100.35                         
      1.770         10.065          109.913                24.384           26.862           25.200        100.52                         
      1.780         10.063          109.913                24.372           26.856           25.200        100.69                         
      1.790         10.061          109.913                24.360           26.850           25.200        100.85                         
      1.800         10.059          109.912                24.348           26.844           25.200        101.01                         
      1.810         10.057          109.912                24.337           26.838           25.200        101.17                         
      1.820         10.055          109.912                24.325           26.832           25.200        101.32                         
      1.830         10.053          109.911                24.314           26.826           25.200        101.47                         
      1.840         10.051          109.911                24.303           26.820           25.200        101.62                         
      1.850         10.050          109.911                24.291           26.814           25.200        101.76                         
      1.860         10.048          109.911                24.280           26.808           25.200        101.90                         
      1.870         10.046          109.910                24.270           26.802           25.200        102.03                         
      1.880         10.045          109.910                24.259           26.796           25.200        102.17                         
      1.890         10.043          109.910                24.248           26.790           25.200        102.29                         
      1.900         10.042          109.910                24.238           26.784           25.200        102.42                         
      1.910         10.040          109.909                24.228           26.778           25.200        102.54                         
      1.920         10.039          109.909                24.218           26.772           25.200        102.66                         
      1.930         10.038          109.909                24.208           26.766           25.200        102.77                         
      1.940         10.036          109.909                24.198           26.761           25.200        102.89                         
      1.950         10.035          109.909                24.189           26.755           25.200        103.00                         
      1.960         10.034          109.908                24.179           26.749           25.200        103.10                         
      1.970         10.033          109.908                24.170           26.744           25.200        103.20                         
      1.980         10.031          109.908                24.161           26.739           25.200        103.30                         
      1.990         10.030          109.908                24.153           26.733           25.200        103.40                         
      2.000         10.029          109.908                24.144           26.728           25.200        103.49                         

