  ¬рем€            U                U                Pij              –г               –т г             ”гол рот         ќтн угол U       
                   601              1002             1001             601              601              601              601              
                                                     1002                                                                                 
                                                     1                                                                                    

                     6.300          110.000                 8.834           18.900           18.900         57.04                         
      0.010          6.300          110.000                 8.834           18.900           18.900         57.04                         
      0.020          6.300          110.000                 8.834           18.900           18.900         57.04                         
      0.030          6.300          110.000                 8.834           18.900           18.900         57.04                         
      0.040          6.300          110.000                 8.834           18.900           18.900         57.04                         
      0.050          6.300          110.000                 8.834           18.900           18.900         57.04                         
      0.060          6.300          110.000                 8.834           18.900           18.900         57.04                         
      0.070          6.300          110.000                 8.834           18.900           18.900         57.04                         
      0.080          6.300          110.000                 8.834           18.900           18.900         57.04                         
      0.090          6.300          110.000                 8.834           18.900           18.900         57.04                         
      0.100          6.300          110.000                 8.834           18.900           18.900         57.04                         
      0.110          6.300          110.000                 8.834           18.900           18.900         57.04                         
      0.120          6.300          110.000                 8.834           18.900           18.900         57.04                         
      0.130          6.300          110.000                 8.834           18.900           18.900         57.04                         
      0.140          6.300          110.000                 8.834           18.900           18.900         57.04                         
      0.150          6.300          110.000                 8.834           18.900           18.900         57.04                         
      0.160          6.300          110.000                 8.834           18.900           18.900         57.04                         
      0.170          6.300          110.000                 8.834           18.900           18.900         57.04                         
      0.180          6.300          110.000                 8.834           18.900           18.900         57.04                         
      0.190          6.300          110.000                 8.834           18.900           18.900         57.04                         
      0.200          6.300          110.000                 8.834           18.900           18.900         57.04                         
      0.200          6.357          109.997                15.443           16.354           18.900         57.04                         
      0.210          6.357          109.997                15.444           16.355           18.900         57.05                         
      0.220          6.356          109.997                15.447           16.358           18.900         57.06                         
      0.230          6.356          109.997                15.452           16.364           18.900         57.09                         
      0.240          6.356          109.997                15.459           16.372           18.900         57.13                         
      0.250          6.355          109.997                15.467           16.382           18.900         57.19                         
      0.260          6.355          109.997                15.478           16.395           18.900         57.25                         
      0.270          6.354          109.997                15.491           16.410           18.900         57.32                         
      0.280          6.353          109.996                15.505           16.426           18.900         57.41                         
      0.290          6.352          109.996                15.521           16.445           18.900         57.51                         
      0.300          6.351          109.996                15.539           16.466           18.900         57.61                         
      0.310          6.350          109.996                15.559           16.489           18.900         57.73                         
      0.320          6.349          109.996                15.580           16.515           18.900         57.86                         
      0.330          6.348          109.996                15.603           16.542           18.900         58.00                         
      0.340          6.347          109.995                15.628           16.570           18.900         58.15                         
      0.350          6.345          109.995                15.654           16.601           18.900         58.31                         
      0.360          6.344          109.995                15.682           16.634           18.900         58.48                         
      0.370          6.342          109.995                15.711           16.668           18.900         58.66                         
      0.380          6.340          109.995                15.741           16.704           18.900         58.85                         
      0.390          6.339          109.994                15.773           16.742           18.900         59.05                         
      0.400          6.337          109.994                15.806           16.781           18.900         59.26                         
      0.410          6.335          109.994                15.841           16.822           18.900         59.47                         
      0.420          6.333          109.993                15.876           16.864           18.900         59.70                         
      0.430          6.331          109.993                15.913           16.908           18.900         59.93                         
      0.440          6.328          109.993                15.951           16.953           18.900         60.18                         
      0.450          6.326          109.992                15.990           16.999           18.900         60.43                         
      0.460          6.324          109.992                16.029           17.046           18.900         60.69                         
      0.470          6.321          109.992                16.070           17.095           18.900         60.96                         
      0.480          6.319          109.991                16.111           17.144           18.900         61.23                         
      0.490          6.316          109.991                16.153           17.195           18.900         61.52                         
      0.500          6.313          109.991                16.196           17.246           18.900         61.81                         
      0.510          6.310          109.990                16.239           17.299           18.900         62.10                         
      0.520          6.307          109.990                16.283           17.352           18.900         62.41                         
      0.530          6.304          109.989                16.328           17.405           18.900         62.72                         
      0.540          6.301          109.989                16.373           17.460           18.900         63.04                         
      0.550          6.298          109.989                16.418           17.515           18.900         63.36                         
      0.560          6.295          109.988                16.463           17.570           18.900         63.69                         
      0.570          6.292          109.988                16.509           17.626           18.900         64.02                         
      0.580          6.289          109.987                16.554           17.682           18.900         64.36                         
      0.590          6.285          109.987                16.600           17.738           18.900         64.71                         
      0.600          6.282          109.986                16.646           17.795           18.900         65.05                         
      0.610          6.278          109.986                16.692           17.852           18.900         65.41                         
      0.620          6.275          109.985                16.738           17.909           18.900         65.77                         
      0.630          6.271          109.985                16.783           17.966           18.900         66.13                         
      0.640          6.268          109.984                16.829           18.022           18.900         66.49                         
      0.650          6.264          109.984                16.874           18.079           18.900         66.86                         
      0.660          6.260          109.983                16.919           18.136           18.900         67.24                         
      0.670          6.256          109.983                16.963           18.192           18.900         67.61                         
      0.680          6.252          109.982                17.007           18.248           18.900         67.99                         
      0.690          6.249          109.982                17.051           18.304           18.900         68.37                         
      0.700          6.245          109.981                17.094           18.359           18.900         68.76                         
      0.710          6.241          109.981                17.137           18.414           18.900         69.14                         
      0.720          6.237          109.980                17.179           18.468           18.900         69.53                         
      0.730          6.233          109.980                17.220           18.522           18.900         69.92                         
      0.740          6.229          109.979                17.261           18.575           18.900         70.31                         
      0.750          6.225          109.978                17.301           18.628           18.900         70.70                         
      0.760          6.220          109.978                17.341           18.680           18.900         71.09                         
      0.770          6.216          109.977                17.379           18.731           18.900         71.49                         
      0.780          6.212          109.977                17.417           18.782           18.900         71.88                         
      0.790          6.208          109.976                17.454           18.832           18.900         72.27                         
      0.800          6.204          109.976                17.491           18.881           18.900         72.67                         
      0.810          6.200          109.975                17.526           18.929           18.900         73.06                         
      0.820          6.195          109.975                17.561           18.976           18.900         73.45                         
      0.830          6.191          109.974                17.594           19.023           18.900         73.85                         
      0.840          6.187          109.973                17.627           19.068           18.900         74.24                         
      0.850          6.183          109.973                17.659           19.113           18.900         74.63                         
      0.860          6.178          109.972                17.690           19.157           18.900         75.02                         
      0.870          6.174          109.972                17.720           19.200           18.900         75.41                         
      0.880          6.170          109.971                17.749           19.242           18.900         75.79                         
      0.890          6.166          109.971                17.778           19.283           18.900         76.18                         
      0.900          6.162          109.970                17.805           19.322           18.900         76.56                         
      0.910          6.157          109.970                17.831           19.361           18.900         76.94                         
      0.920          6.153          109.969                17.857           19.399           18.900         77.32                         
      0.930          6.149          109.968                17.881           19.436           18.900         77.70                         
      0.940          6.145          109.968                17.905           19.472           18.900         78.07                         
      0.950          6.141          109.967                17.927           19.507           18.900         78.44                         
      0.960          6.136          109.967                17.949           19.541           18.900         78.81                         
      0.970          6.132          109.966                17.970           19.574           18.900         79.18                         
      0.980          6.128          109.966                17.990           19.607           18.900         79.54                         
      0.990          6.124          109.965                18.009           19.638           18.900         79.90                         
      1.000          6.120          109.965                18.027           19.668           18.900         80.25                         
      1.010          6.116          109.964                18.045           19.697           18.900         80.61                         
      1.020          6.112          109.964                18.061           19.725           18.900         80.95                         
      1.030          6.108          109.963                18.077           19.752           18.900         81.30                         
      1.040          6.104          109.963                18.092           19.778           18.900         81.64                         
      1.050          6.101          109.962                18.106           19.804           18.900         81.98                         
      1.060          6.097          109.962                18.119           19.828           18.900         82.31                         
      1.070          6.093          109.961                18.131           19.852           18.900         82.64                         
      1.080          6.089          109.961                18.143           19.874           18.900         82.96                         
      1.090          6.086          109.960                18.154           19.896           18.900         83.28                         
      1.100          6.082          109.960                18.165           19.917           18.900         83.60                         
      1.110          6.078          109.960                18.174           19.937           18.900         83.91                         
      1.120          6.075          109.959                18.183           19.957           18.900         84.21                         
      1.130          6.071          109.959                18.192           19.975           18.900         84.51                         
      1.140          6.068          109.958                18.199           19.993           18.900         84.81                         
      1.150          6.064          109.958                18.206           20.010           18.900         85.10                         
      1.160          6.061          109.957                18.213           20.026           18.900         85.39                         
      1.170          6.058          109.957                18.219           20.042           18.900         85.67                         
      1.180          6.055          109.957                18.224           20.057           18.900         85.95                         
      1.190          6.051          109.956                18.229           20.071           18.900         86.22                         
      1.200          6.048          109.956                18.234           20.084           18.900         86.48                         
      1.210          6.045          109.955                18.238           20.097           18.900         86.74                         
      1.220          6.042          109.955                18.241           20.109           18.900         87.00                         
      1.230          6.039          109.955                18.244           20.121           18.900         87.25                         
      1.240          6.036          109.954                18.247           20.132           18.900         87.49                         
      1.250          6.034          109.954                18.250           20.142           18.900         87.73                         
      1.260          6.031          109.954                18.252           20.152           18.900         87.97                         
      1.270          6.028          109.953                18.253           20.162           18.900         88.19                         
      1.280          6.025          109.953                18.254           20.170           18.900         88.42                         
      1.290          6.023          109.953                18.256           20.179           18.900         88.63                         
      1.300          6.020          109.952                18.256           20.187           18.900         88.85                         
      1.310          6.018          109.952                18.257           20.194           18.900         89.05                         
      1.320          6.015          109.952                18.257           20.201           18.900         89.25                         
      1.330          6.013          109.952                18.257           20.208           18.900         89.45                         
      1.340          6.011          109.951                18.257           20.214           18.900         89.64                         
      1.350          6.009          109.951                18.257           20.220           18.900         89.82                         
      1.360          6.007          109.951                18.256           20.225           18.900         90.00                         
      1.370          6.005          109.950                18.255           20.231           18.900         90.17                         
      1.380          6.003          109.950                18.255           20.235           18.900         90.33                         
      1.390          6.001          109.950                18.254           20.240           18.900         90.49                         
      1.400          5.999          109.950                18.253           20.244           18.900         90.65                         
      1.410          5.997          109.950                18.252           20.248           18.900         90.79                         
      1.420          5.995          109.949                18.250           20.252           18.900         90.94                         
      1.430          5.994          109.949                18.249           20.255           18.900         91.07                         
      1.440          5.992          109.949                18.248           20.258           18.900         91.20                         
      1.450          5.991          109.949                18.247           20.261           18.900         91.33                         
      1.460          5.989          109.949                18.245           20.264           18.900         91.44                         
      1.470          5.988          109.949                18.244           20.266           18.900         91.56                         
      1.480          5.987          109.948                18.243           20.269           18.900         91.66                         
      1.490          5.985          109.948                18.241           20.271           18.900         91.76                         
      1.500          5.984          109.948                18.240           20.273           18.900         91.86                         
      1.510          5.983          109.948                18.239           20.275           18.900         91.95                         
      1.520          5.982          109.948                18.238           20.276           18.900         92.03                         
      1.530          5.981          109.948                18.237           20.278           18.900         92.10                         
      1.540          5.980          109.948                18.236           20.279           18.900         92.18                         
      1.550          5.980          109.948                18.235           20.280           18.900         92.24                         
      1.560          5.979          109.947                18.234           20.281           18.900         92.30                         
      1.570          5.978          109.947                18.233           20.282           18.900         92.35                         
      1.580          5.978          109.947                18.232           20.283           18.900         92.40                         
      1.590          5.977          109.947                18.231           20.284           18.900         92.44                         
      1.600          5.977          109.947                18.231           20.284           18.900         92.47                         
      1.610          5.977          109.947                18.230           20.285           18.900         92.50                         
      1.620          5.976          109.947                18.230           20.285           18.900         92.52                         
      1.630          5.976          109.947                18.230           20.285           18.900         92.54                         
      1.640          5.976          109.947                18.229           20.285           18.900         92.55                         
      1.650          5.976          109.947                18.229           20.286           18.900         92.55                         
      1.660          5.976          109.947                18.229           20.285           18.900         92.55                         
      1.670          5.976          109.947                18.229           20.285           18.900         92.54                         
      1.680          5.976          109.947                18.230           20.285           18.900         92.53                         
      1.690          5.976          109.947                18.230           20.285           18.900         92.51                         
      1.700          5.977          109.947                18.230           20.284           18.900         92.49                         
      1.710          5.977          109.947                18.231           20.284           18.900         92.45                         
      1.720          5.978          109.947                18.232           20.283           18.900         92.42                         
      1.730          5.978          109.947                18.232           20.282           18.900         92.37                         
      1.740          5.979          109.947                18.233           20.282           18.900         92.32                         
      1.750          5.979          109.947                18.234           20.281           18.900         92.27                         
      1.760          5.980          109.948                18.235           20.279           18.900         92.21                         
      1.770          5.981          109.948                18.236           20.278           18.900         92.14                         
      1.780          5.982          109.948                18.237           20.277           18.900         92.06                         
      1.790          5.983          109.948                18.238           20.275           18.900         91.98                         
      1.800          5.984          109.948                18.240           20.274           18.900         91.90                         
      1.810          5.985          109.948                18.241           20.272           18.900         91.81                         
      1.820          5.986          109.948                18.242           20.270           18.900         91.71                         
      1.830          5.987          109.948                18.243           20.268           18.900         91.61                         
      1.840          5.989          109.949                18.245           20.265           18.900         91.50                         
      1.850          5.990          109.949                18.246           20.263           18.900         91.38                         
      1.860          5.991          109.949                18.247           20.260           18.900         91.26                         
      1.870          5.993          109.949                18.249           20.257           18.900         91.13                         
      1.880          5.995          109.949                18.250           20.253           18.900         91.00                         
      1.890          5.996          109.949                18.251           20.250           18.900         90.86                         
      1.900          5.998          109.950                18.252           20.246           18.900         90.72                         
      1.910          6.000          109.950                18.253           20.242           18.900         90.57                         
      1.920          6.002          109.950                18.254           20.238           18.900         90.41                         
      1.930          6.004          109.950                18.255           20.233           18.900         90.25                         
      1.940          6.006          109.951                18.256           20.228           18.900         90.08                         
      1.950          6.008          109.951                18.256           20.223           18.900         89.91                         
      1.960          6.010          109.951                18.257           20.217           18.900         89.73                         
      1.970          6.012          109.951                18.257           20.211           18.900         89.55                         
      1.980          6.014          109.952                18.257           20.205           18.900         89.36                         
      1.990          6.017          109.952                18.257           20.198           18.900         89.16                         
      2.000          6.019          109.952                18.257           20.191           18.900         88.96                         

