  ¬рем€            U                U                Pij              –г               –т г             ”гол рот         ќтн угол U       
                   601              1002             1001             601              601              601              601              
                                                     1002                                                                                 
                                                     1                                                                                    

                     6.300          110.000                 8.580           18.300           18.300         54.81                         
      0.010          6.300          110.000                 8.580           18.300           18.300         54.81                         
      0.020          6.300          110.000                 8.580           18.300           18.300         54.81                         
      0.030          6.300          110.000                 8.580           18.300           18.300         54.81                         
      0.040          6.300          110.000                 8.580           18.300           18.300         54.81                         
      0.050          6.300          110.000                 8.580           18.300           18.300         54.81                         
      0.060          6.300          110.000                 8.580           18.300           18.300         54.81                         
      0.070          6.300          110.000                 8.580           18.300           18.300         54.81                         
      0.080          6.300          110.000                 8.580           18.300           18.300         54.81                         
      0.090          6.300          110.000                 8.580           18.300           18.300         54.81                         
      0.100          6.300          110.000                 8.580           18.300           18.300         54.81                         
      0.110          6.300          110.000                 8.580           18.300           18.300         54.81                         
      0.120          6.300          110.000                 8.580           18.300           18.300         54.81                         
      0.130          6.300          110.000                 8.580           18.300           18.300         54.81                         
      0.140          6.300          110.000                 8.580           18.300           18.300         54.81                         
      0.150          6.300          110.000                 8.580           18.300           18.300         54.81                         
      0.160          6.300          110.000                 8.580           18.300           18.300         54.81                         
      0.170          6.300          110.000                 8.580           18.300           18.300         54.81                         
      0.180          6.300          110.000                 8.580           18.300           18.300         54.81                         
      0.190          6.300          110.000                 8.580           18.300           18.300         54.81                         
      0.200          6.300          110.000                 8.580           18.300           18.300         54.81                         
      0.200          6.353          109.996                14.987           15.831           18.300         54.81                         
      0.210          6.353          109.996                14.988           15.832           18.300         54.82                         
      0.220          6.353          109.996                14.991           15.835           18.300         54.83                         
      0.230          6.353          109.996                14.996           15.841           18.300         54.86                         
      0.240          6.352          109.996                15.003           15.849           18.300         54.90                         
      0.250          6.352          109.996                15.012           15.860           18.300         54.95                         
      0.260          6.351          109.996                15.023           15.872           18.300         55.01                         
      0.270          6.351          109.996                15.036           15.887           18.300         55.09                         
      0.280          6.350          109.996                15.051           15.904           18.300         55.17                         
      0.290          6.349          109.996                15.067           15.923           18.300         55.26                         
      0.300          6.348          109.996                15.086           15.945           18.300         55.37                         
      0.310          6.347          109.996                15.106           15.968           18.300         55.48                         
      0.320          6.346          109.995                15.128           15.994           18.300         55.61                         
      0.330          6.345          109.995                15.151           16.021           18.300         55.74                         
      0.340          6.344          109.995                15.177           16.050           18.300         55.89                         
      0.350          6.342          109.995                15.204           16.081           18.300         56.04                         
      0.360          6.341          109.995                15.232           16.115           18.300         56.20                         
      0.370          6.340          109.994                15.262           16.149           18.300         56.38                         
      0.380          6.338          109.994                15.293           16.186           18.300         56.56                         
      0.390          6.336          109.994                15.326           16.224           18.300         56.75                         
      0.400          6.334          109.994                15.360           16.264           18.300         56.96                         
      0.410          6.333          109.993                15.396           16.305           18.300         57.17                         
      0.420          6.331          109.993                15.432           16.348           18.300         57.38                         
      0.430          6.329          109.993                15.470           16.393           18.300         57.61                         
      0.440          6.327          109.993                15.509           16.438           18.300         57.85                         
      0.450          6.324          109.992                15.549           16.485           18.300         58.09                         
      0.460          6.322          109.992                15.590           16.534           18.300         58.34                         
      0.470          6.320          109.992                15.632           16.583           18.300         58.60                         
      0.480          6.317          109.991                15.675           16.633           18.300         58.86                         
      0.490          6.315          109.991                15.718           16.685           18.300         59.14                         
      0.500          6.312          109.991                15.763           16.737           18.300         59.42                         
      0.510          6.310          109.990                15.807           16.790           18.300         59.70                         
      0.520          6.307          109.990                15.853           16.844           18.300         60.00                         
      0.530          6.304          109.989                15.899           16.899           18.300         60.30                         
      0.540          6.302          109.989                15.945           16.955           18.300         60.60                         
      0.550          6.299          109.989                15.992           17.011           18.300         60.91                         
      0.560          6.296          109.988                16.040           17.067           18.300         61.23                         
      0.570          6.293          109.988                16.087           17.124           18.300         61.55                         
      0.580          6.290          109.987                16.135           17.182           18.300         61.87                         
      0.590          6.287          109.987                16.183           17.239           18.300         62.20                         
      0.600          6.283          109.986                16.230           17.297           18.300         62.54                         
      0.610          6.280          109.986                16.278           17.356           18.300         62.88                         
      0.620          6.277          109.986                16.326           17.414           18.300         63.22                         
      0.630          6.274          109.985                16.374           17.472           18.300         63.56                         
      0.640          6.270          109.985                16.422           17.530           18.300         63.91                         
      0.650          6.267          109.984                16.469           17.589           18.300         64.27                         
      0.660          6.263          109.984                16.517           17.647           18.300         64.62                         
      0.670          6.260          109.983                16.564           17.705           18.300         64.98                         
      0.680          6.256          109.983                16.610           17.762           18.300         65.34                         
      0.690          6.253          109.982                16.656           17.820           18.300         65.70                         
      0.700          6.249          109.982                16.702           17.877           18.300         66.07                         
      0.710          6.245          109.981                16.747           17.933           18.300         66.43                         
      0.720          6.242          109.981                16.792           17.990           18.300         66.80                         
      0.730          6.238          109.980                16.836           18.045           18.300         67.17                         
      0.740          6.234          109.980                16.880           18.100           18.300         67.53                         
      0.750          6.231          109.979                16.923           18.155           18.300         67.90                         
      0.760          6.227          109.979                16.965           18.209           18.300         68.27                         
      0.770          6.223          109.978                17.007           18.262           18.300         68.64                         
      0.780          6.219          109.978                17.048           18.315           18.300         69.01                         
      0.790          6.215          109.977                17.088           18.367           18.300         69.38                         
      0.800          6.212          109.977                17.128           18.418           18.300         69.75                         
      0.810          6.208          109.976                17.166           18.468           18.300         70.12                         
      0.820          6.204          109.976                17.204           18.518           18.300         70.49                         
      0.830          6.200          109.975                17.241           18.566           18.300         70.85                         
      0.840          6.196          109.975                17.277           18.614           18.300         71.22                         
      0.850          6.193          109.974                17.313           18.661           18.300         71.58                         
      0.860          6.189          109.974                17.347           18.707           18.300         71.94                         
      0.870          6.185          109.973                17.381           18.752           18.300         72.30                         
      0.880          6.181          109.973                17.413           18.797           18.300         72.66                         
      0.890          6.177          109.972                17.445           18.840           18.300         73.01                         
      0.900          6.174          109.972                17.476           18.882           18.300         73.36                         
      0.910          6.170          109.971                17.506           18.924           18.300         73.71                         
      0.920          6.166          109.971                17.535           18.964           18.300         74.06                         
      0.930          6.162          109.970                17.564           19.003           18.300         74.40                         
      0.940          6.159          109.970                17.591           19.042           18.300         74.74                         
      0.950          6.155          109.969                17.618           19.079           18.300         75.07                         
      0.960          6.151          109.969                17.643           19.116           18.300         75.41                         
      0.970          6.148          109.968                17.668           19.151           18.300         75.74                         
      0.980          6.144          109.968                17.692           19.186           18.300         76.06                         
      0.990          6.141          109.967                17.715           19.219           18.300         76.38                         
      1.000          6.137          109.967                17.737           19.252           18.300         76.70                         
      1.010          6.134          109.966                17.758           19.284           18.300         77.01                         
      1.020          6.130          109.966                17.779           19.314           18.300         77.32                         
      1.030          6.127          109.965                17.799           19.344           18.300         77.62                         
      1.040          6.124          109.965                17.818           19.373           18.300         77.92                         
      1.050          6.120          109.965                17.836           19.401           18.300         78.21                         
      1.060          6.117          109.964                17.853           19.428           18.300         78.50                         
      1.070          6.114          109.964                17.870           19.454           18.300         78.78                         
      1.080          6.111          109.963                17.886           19.479           18.300         79.06                         
      1.090          6.108          109.963                17.901           19.503           18.300         79.34                         
      1.100          6.105          109.963                17.915           19.527           18.300         79.60                         
      1.110          6.102          109.962                17.929           19.549           18.300         79.86                         
      1.120          6.099          109.962                17.943           19.571           18.300         80.12                         
      1.130          6.096          109.962                17.955           19.592           18.300         80.37                         
      1.140          6.093          109.961                17.967           19.612           18.300         80.62                         
      1.150          6.091          109.961                17.978           19.631           18.300         80.86                         
      1.160          6.088          109.961                17.989           19.650           18.300         81.09                         
      1.170          6.085          109.960                17.999           19.668           18.300         81.32                         
      1.180          6.083          109.960                18.009           19.685           18.300         81.54                         
      1.190          6.080          109.960                18.018           19.701           18.300         81.75                         
      1.200          6.078          109.959                18.027           19.717           18.300         81.96                         
      1.210          6.076          109.959                18.035           19.732           18.300         82.17                         
      1.220          6.073          109.959                18.043           19.746           18.300         82.36                         
      1.230          6.071          109.958                18.050           19.759           18.300         82.55                         
      1.240          6.069          109.958                18.057           19.772           18.300         82.73                         
      1.250          6.067          109.958                18.063           19.785           18.300         82.91                         
      1.260          6.065          109.958                18.069           19.796           18.300         83.08                         
      1.270          6.063          109.957                18.075           19.807           18.300         83.25                         
      1.280          6.061          109.957                18.080           19.818           18.300         83.40                         
      1.290          6.060          109.957                18.085           19.828           18.300         83.55                         
      1.300          6.058          109.957                18.089           19.837           18.300         83.70                         
      1.310          6.056          109.957                18.093           19.846           18.300         83.83                         
      1.320          6.055          109.956                18.097           19.854           18.300         83.97                         
      1.330          6.053          109.956                18.101           19.862           18.300         84.09                         
      1.340          6.052          109.956                18.104           19.870           18.300         84.21                         
      1.350          6.051          109.956                18.107           19.876           18.300         84.32                         
      1.360          6.050          109.956                18.110           19.883           18.300         84.42                         
      1.370          6.049          109.956                18.113           19.888           18.300         84.51                         
      1.380          6.048          109.955                18.115           19.894           18.300         84.60                         
      1.390          6.047          109.955                18.117           19.899           18.300         84.68                         
      1.400          6.046          109.955                18.119           19.903           18.300         84.76                         
      1.410          6.045          109.955                18.121           19.907           18.300         84.83                         
      1.420          6.044          109.955                18.123           19.911           18.300         84.89                         
      1.430          6.044          109.955                18.124           19.914           18.300         84.94                         
      1.440          6.043          109.955                18.125           19.917           18.300         84.99                         
      1.450          6.043          109.955                18.126           19.919           18.300         85.03                         
      1.460          6.042          109.955                18.127           19.921           18.300         85.06                         
      1.470          6.042          109.955                18.127           19.922           18.300         85.09                         
      1.480          6.042          109.955                18.128           19.923           18.300         85.11                         
      1.490          6.041          109.955                18.128           19.924           18.300         85.12                         
      1.500          6.041          109.955                18.128           19.924           18.300         85.12                         
      1.510          6.041          109.955                18.128           19.924           18.300         85.12                         
      1.520          6.042          109.955                18.128           19.924           18.300         85.11                         
      1.530          6.042          109.955                18.128           19.923           18.300         85.10                         
      1.540          6.042          109.955                18.127           19.921           18.300         85.07                         
      1.550          6.042          109.955                18.126           19.920           18.300         85.04                         
      1.560          6.043          109.955                18.125           19.917           18.300         85.00                         
      1.570          6.043          109.955                18.124           19.915           18.300         84.96                         
      1.580          6.044          109.955                18.123           19.912           18.300         84.91                         
      1.590          6.045          109.955                18.122           19.908           18.300         84.85                         
      1.600          6.045          109.955                18.120           19.905           18.300         84.78                         
      1.610          6.046          109.955                18.118           19.900           18.300         84.71                         
      1.620          6.047          109.955                18.116           19.895           18.300         84.63                         
      1.630          6.048          109.956                18.114           19.890           18.300         84.54                         
      1.640          6.049          109.956                18.111           19.885           18.300         84.45                         
      1.650          6.050          109.956                18.108           19.879           18.300         84.35                         
      1.660          6.052          109.956                18.105           19.872           18.300         84.24                         
      1.670          6.053          109.956                18.102           19.865           18.300         84.13                         
      1.680          6.054          109.956                18.099           19.857           18.300         84.01                         
      1.690          6.056          109.956                18.095           19.849           18.300         83.88                         
      1.700          6.057          109.957                18.091           19.841           18.300         83.75                         
      1.710          6.059          109.957                18.086           19.831           18.300         83.61                         
      1.720          6.061          109.957                18.082           19.822           18.300         83.46                         
      1.730          6.063          109.957                18.077           19.812           18.300         83.31                         
      1.740          6.064          109.958                18.071           19.801           18.300         83.15                         
      1.750          6.066          109.958                18.065           19.789           18.300         82.98                         
      1.760          6.068          109.958                18.059           19.777           18.300         82.81                         
      1.770          6.070          109.958                18.053           19.765           18.300         82.63                         
      1.780          6.073          109.959                18.046           19.752           18.300         82.44                         
      1.790          6.075          109.959                18.038           19.738           18.300         82.25                         
      1.800          6.077          109.959                18.030           19.723           18.300         82.05                         
      1.810          6.079          109.959                18.022           19.708           18.300         81.85                         
      1.820          6.082          109.960                18.013           19.692           18.300         81.64                         
      1.830          6.084          109.960                18.004           19.676           18.300         81.42                         
      1.840          6.087          109.960                17.994           19.658           18.300         81.20                         
      1.850          6.089          109.961                17.984           19.640           18.300         80.97                         
      1.860          6.092          109.961                17.973           19.622           18.300         80.74                         
      1.870          6.095          109.961                17.961           19.602           18.300         80.50                         
      1.880          6.098          109.962                17.949           19.582           18.300         80.25                         
      1.890          6.100          109.962                17.936           19.561           18.300         80.00                         
      1.900          6.103          109.962                17.923           19.539           18.300         79.75                         
      1.910          6.106          109.963                17.909           19.516           18.300         79.48                         
      1.920          6.109          109.963                17.894           19.493           18.300         79.22                         
      1.930          6.112          109.964                17.879           19.468           18.300         78.95                         
      1.940          6.115          109.964                17.863           19.443           18.300         78.67                         
      1.950          6.118          109.964                17.846           19.417           18.300         78.39                         
      1.960          6.122          109.965                17.829           19.390           18.300         78.10                         
      1.970          6.125          109.965                17.811           19.363           18.300         77.81                         
      1.980          6.128          109.966                17.792           19.334           18.300         77.52                         
      1.990          6.132          109.966                17.772           19.304           18.300         77.22                         
      2.000          6.135          109.966                17.752           19.274           18.300         76.92                         

