  ¬рем€            U                U                Pij              –г               –т г             ”гол рот         ќтн угол U       
                   601              1002             1001             601              601              601              601              
                                                     1002                                                                                 
                                                     1                                                                                    

                     6.300          110.000                 9.210           19.800           19.800         60.52                         
      0.010          6.300          110.000                 9.210           19.800           19.800         60.52                         
      0.020          6.300          110.000                 9.210           19.800           19.800         60.52                         
      0.030          6.300          110.000                 9.210           19.800           19.800         60.52                         
      0.040          6.300          110.000                 9.210           19.800           19.800         60.52                         
      0.050          6.300          110.000                 9.210           19.800           19.800         60.52                         
      0.060          6.300          110.000                 9.210           19.800           19.800         60.52                         
      0.070          6.300          110.000                 9.210           19.800           19.800         60.52                         
      0.080          6.300          110.000                 9.210           19.800           19.800         60.52                         
      0.090          6.300          110.000                 9.210           19.800           19.800         60.52                         
      0.100          6.300          110.000                 9.210           19.800           19.800         60.52                         
      0.110          6.300          110.000                 9.210           19.800           19.800         60.52                         
      0.120          6.300          110.000                 9.210           19.800           19.800         60.52                         
      0.130          6.300          110.000                 9.210           19.800           19.800         60.52                         
      0.140          6.300          110.000                 9.210           19.800           19.800         60.52                         
      0.150          6.300          110.000                 9.210           19.800           19.800         60.52                         
      0.160          6.300          110.000                 9.210           19.800           19.800         60.52                         
      0.170          6.300          110.000                 9.210           19.800           19.800         60.52                         
      0.180          6.300          110.000                 9.210           19.800           19.800         60.52                         
      0.190          6.300          110.000                 9.210           19.800           19.800         60.52                         
      0.200          6.300          110.000                 9.210           19.800           19.800         60.52                         
      0.200          6.362          109.998                16.119           17.139           19.800         60.52                         
      0.210          6.362          109.998                16.120           17.141           19.800         60.53                         
      0.220          6.362          109.998                16.123           17.144           19.800         60.55                         
      0.230          6.362          109.997                16.127           17.149           19.800         60.58                         
      0.240          6.361          109.997                16.134           17.157           19.800         60.62                         
      0.250          6.361          109.997                16.142           17.167           19.800         60.67                         
      0.260          6.360          109.997                16.152           17.179           19.800         60.74                         
      0.270          6.360          109.997                16.164           17.193           19.800         60.82                         
      0.280          6.359          109.997                16.178           17.210           19.800         60.91                         
      0.290          6.358          109.997                16.193           17.228           19.800         61.01                         
      0.300          6.357          109.997                16.210           17.248           19.800         61.12                         
      0.310          6.356          109.997                16.229           17.271           19.800         61.24                         
      0.320          6.354          109.996                16.249           17.295           19.800         61.38                         
      0.330          6.353          109.996                16.271           17.321           19.800         61.53                         
      0.340          6.352          109.996                16.294           17.349           19.800         61.68                         
      0.350          6.350          109.996                16.319           17.379           19.800         61.85                         
      0.360          6.348          109.996                16.345           17.410           19.800         62.03                         
      0.370          6.346          109.995                16.372           17.444           19.800         62.22                         
      0.380          6.345          109.995                16.401           17.478           19.800         62.41                         
      0.390          6.343          109.995                16.431           17.515           19.800         62.62                         
      0.400          6.341          109.994                16.462           17.553           19.800         62.84                         
      0.410          6.338          109.994                16.495           17.592           19.800         63.07                         
      0.420          6.336          109.994                16.528           17.633           19.800         63.31                         
      0.430          6.334          109.993                16.563           17.675           19.800         63.55                         
      0.440          6.331          109.993                16.598           17.718           19.800         63.81                         
      0.450          6.329          109.993                16.634           17.762           19.800         64.08                         
      0.460          6.326          109.992                16.671           17.808           19.800         64.35                         
      0.470          6.323          109.992                16.709           17.855           19.800         64.63                         
      0.480          6.320          109.992                16.748           17.902           19.800         64.92                         
      0.490          6.317          109.991                16.787           17.951           19.800         65.22                         
      0.500          6.314          109.991                16.827           18.000           19.800         65.53                         
      0.510          6.311          109.990                16.867           18.050           19.800         65.84                         
      0.520          6.308          109.990                16.908           18.101           19.800         66.16                         
      0.530          6.305          109.989                16.949           18.152           19.800         66.49                         
      0.540          6.301          109.989                16.990           18.204           19.800         66.83                         
      0.550          6.298          109.989                17.032           18.256           19.800         67.17                         
      0.560          6.294          109.988                17.073           18.309           19.800         67.52                         
      0.570          6.291          109.988                17.115           18.362           19.800         67.87                         
      0.580          6.287          109.987                17.157           18.415           19.800         68.24                         
      0.590          6.283          109.987                17.199           18.469           19.800         68.60                         
      0.600          6.280          109.986                17.241           18.522           19.800         68.98                         
      0.610          6.276          109.985                17.282           18.576           19.800         69.35                         
      0.620          6.272          109.985                17.324           18.630           19.800         69.74                         
      0.630          6.268          109.984                17.365           18.683           19.800         70.12                         
      0.640          6.264          109.984                17.406           18.737           19.800         70.52                         
      0.650          6.260          109.983                17.446           18.790           19.800         70.91                         
      0.660          6.255          109.983                17.486           18.843           19.800         71.31                         
      0.670          6.251          109.982                17.526           18.896           19.800         71.72                         
      0.680          6.247          109.982                17.565           18.948           19.800         72.13                         
      0.690          6.242          109.981                17.603           19.000           19.800         72.54                         
      0.700          6.238          109.980                17.641           19.051           19.800         72.95                         
      0.710          6.233          109.980                17.678           19.102           19.800         73.37                         
      0.720          6.229          109.979                17.715           19.152           19.800         73.79                         
      0.730          6.224          109.979                17.750           19.202           19.800         74.22                         
      0.740          6.220          109.978                17.785           19.251           19.800         74.64                         
      0.750          6.215          109.977                17.820           19.299           19.800         75.07                         
      0.760          6.210          109.977                17.853           19.347           19.800         75.50                         
      0.770          6.206          109.976                17.885           19.394           19.800         75.93                         
      0.780          6.201          109.975                17.917           19.440           19.800         76.36                         
      0.790          6.196          109.975                17.948           19.485           19.800         76.80                         
      0.800          6.191          109.974                17.977           19.529           19.800         77.23                         
      0.810          6.186          109.974                18.006           19.572           19.800         77.67                         
      0.820          6.182          109.973                18.034           19.615           19.800         78.11                         
      0.830          6.177          109.972                18.061           19.656           19.800         78.54                         
      0.840          6.172          109.972                18.086           19.696           19.800         78.98                         
      0.850          6.167          109.971                18.111           19.736           19.800         79.42                         
      0.860          6.162          109.970                18.135           19.774           19.800         79.86                         
      0.870          6.157          109.970                18.157           19.811           19.800         80.29                         
      0.880          6.152          109.969                18.179           19.848           19.800         80.73                         
      0.890          6.147          109.969                18.199           19.883           19.800         81.17                         
      0.900          6.142          109.968                18.218           19.917           19.800         81.61                         
      0.910          6.137          109.967                18.237           19.950           19.800         82.04                         
      0.920          6.132          109.967                18.254           19.982           19.800         82.48                         
      0.930          6.127          109.966                18.270           20.013           19.800         82.91                         
      0.940          6.122          109.965                18.285           20.042           19.800         83.34                         
      0.950          6.117          109.965                18.299           20.071           19.800         83.78                         
      0.960          6.112          109.964                18.312           20.099           19.800         84.21                         
      0.970          6.107          109.963                18.324           20.125           19.800         84.63                         
      0.980          6.102          109.963                18.334           20.150           19.800         85.06                         
      0.990          6.097          109.962                18.344           20.174           19.800         85.49                         
      1.000          6.092          109.962                18.353           20.197           19.800         85.91                         
      1.010          6.087          109.961                18.360           20.219           19.800         86.33                         
      1.020          6.082          109.960                18.367           20.240           19.800         86.75                         
      1.030          6.077          109.960                18.373           20.260           19.800         87.17                         
      1.040          6.072          109.959                18.377           20.279           19.800         87.58                         
      1.050          6.067          109.959                18.381           20.297           19.800         88.00                         
      1.060          6.063          109.958                18.384           20.314           19.800         88.41                         
      1.070          6.058          109.957                18.385           20.329           19.800         88.82                         
      1.080          6.053          109.957                18.386           20.344           19.800         89.22                         
      1.090          6.048          109.956                18.386           20.358           19.800         89.63                         
      1.100          6.043          109.956                18.385           20.370           19.800         90.03                         
      1.110          6.039          109.955                18.383           20.382           19.800         90.43                         
      1.120          6.034          109.954                18.381           20.393           19.800         90.82                         
      1.130          6.029          109.954                18.377           20.403           19.800         91.21                         
      1.140          6.024          109.953                18.373           20.412           19.800         91.60                         
      1.150          6.020          109.953                18.367           20.420           19.800         91.99                         
      1.160          6.015          109.952                18.361           20.427           19.800         92.38                         
      1.170          6.011          109.952                18.355           20.433           19.800         92.76                         
      1.180          6.006          109.951                18.347           20.438           19.800         93.14                         
      1.190          6.001          109.951                18.339           20.443           19.800         93.51                         
      1.200          5.997          109.950                18.330           20.447           19.800         93.89                         
      1.210          5.992          109.950                18.320           20.450           19.800         94.26                         
      1.220          5.988          109.949                18.310           20.452           19.800         94.62                         
      1.230          5.984          109.948                18.299           20.453           19.800         94.99                         
      1.240          5.979          109.948                18.287           20.454           19.800         95.35                         
      1.250          5.975          109.947                18.275           20.454           19.800         95.71                         
      1.260          5.970          109.947                18.262           20.453           19.800         96.07                         
      1.270          5.966          109.946                18.249           20.452           19.800         96.42                         
      1.280          5.962          109.946                18.235           20.450           19.800         96.77                         
      1.290          5.958          109.945                18.220           20.447           19.800         97.12                         
      1.300          5.953          109.945                18.205           20.443           19.800         97.46                         
      1.310          5.949          109.944                18.189           20.439           19.800         97.80                         
      1.320          5.945          109.944                18.173           20.435           19.800         98.14                         
      1.330          5.941          109.944                18.157           20.429           19.800         98.48                         
      1.340          5.937          109.943                18.140           20.424           19.800         98.81                         
      1.350          5.933          109.943                18.122           20.417           19.800         99.14                         
      1.360          5.929          109.942                18.104           20.410           19.800         99.47                         
      1.370          5.925          109.942                18.086           20.403           19.800         99.79                         
      1.380          5.921          109.941                18.067           20.395           19.800        100.11                         
      1.390          5.917          109.941                18.048           20.386           19.800        100.43                         
      1.400          5.913          109.940                18.028           20.377           19.800        100.75                         
      1.410          5.909          109.940                18.008           20.368           19.800        101.07                         
      1.420          5.906          109.939                17.987           20.358           19.800        101.38                         
      1.430          5.902          109.939                17.967           20.347           19.800        101.69                         
      1.440          5.898          109.939                17.946           20.336           19.800        102.00                         
      1.450          5.894          109.938                17.924           20.325           19.800        102.30                         
      1.460          5.891          109.938                17.902           20.313           19.800        102.60                         
      1.470          5.887          109.937                17.880           20.301           19.800        102.90                         
      1.480          5.883          109.937                17.858           20.289           19.800        103.20                         
      1.490          5.880          109.937                17.835           20.276           19.800        103.50                         
      1.500          5.876          109.936                17.812           20.262           19.800        103.79                         
      1.510          5.872          109.936                17.788           20.249           19.800        104.09                         
      1.520          5.869          109.935                17.765           20.235           19.800        104.38                         
      1.530          5.865          109.935                17.741           20.220           19.800        104.66                         
      1.540          5.862          109.935                17.716           20.205           19.800        104.95                         
      1.550          5.858          109.934                17.692           20.190           19.800        105.24                         
      1.560          5.855          109.934                17.667           20.175           19.800        105.52                         
      1.570          5.851          109.933                17.642           20.159           19.800        105.80                         
      1.580          5.848          109.933                17.616           20.142           19.800        106.08                         
      1.590          5.845          109.933                17.591           20.126           19.800        106.36                         
      1.600          5.841          109.932                17.565           20.109           19.800        106.64                         
      1.610          5.838          109.932                17.538           20.092           19.800        106.91                         
      1.620          5.834          109.932                17.512           20.074           19.800        107.19                         
      1.630          5.831          109.931                17.485           20.056           19.800        107.46                         
      1.640          5.828          109.931                17.458           20.038           19.800        107.73                         
      1.650          5.824          109.930                17.430           20.019           19.800        108.01                         
      1.660          5.821          109.930                17.402           20.000           19.800        108.28                         
      1.670          5.818          109.930                17.374           19.981           19.800        108.55                         
      1.680          5.814          109.929                17.346           19.961           19.800        108.82                         
      1.690          5.811          109.929                17.317           19.941           19.800        109.08                         
      1.700          5.808          109.929                17.288           19.921           19.800        109.35                         
      1.710          5.805          109.928                17.259           19.900           19.800        109.62                         
      1.720          5.801          109.928                17.229           19.879           19.800        109.89                         
      1.730          5.798          109.928                17.199           19.858           19.800        110.15                         
      1.740          5.795          109.927                17.169           19.836           19.800        110.42                         
      1.750          5.792          109.927                17.138           19.814           19.800        110.69                         
      1.760          5.788          109.927                17.107           19.791           19.800        110.95                         
      1.770          5.785          109.926                17.076           19.768           19.800        111.22                         
      1.780          5.782          109.926                17.044           19.745           19.800        111.49                         
      1.790          5.779          109.925                17.012           19.721           19.800        111.75                         
      1.800          5.776          109.925                16.979           19.697           19.800        112.02                         
      1.810          5.772          109.925                16.946           19.672           19.800        112.29                         
      1.820          5.769          109.924                16.913           19.647           19.800        112.56                         
      1.830          5.766          109.924                16.879           19.622           19.800        112.83                         
      1.840          5.763          109.924                16.844           19.596           19.800        113.10                         
      1.850          5.759          109.923                16.809           19.569           19.800        113.37                         
      1.860          5.756          109.923                16.774           19.542           19.800        113.64                         
      1.870          5.753          109.923                16.738           19.515           19.800        113.92                         
      1.880          5.749          109.922                16.701           19.487           19.800        114.19                         
      1.890          5.746          109.922                16.664           19.458           19.800        114.47                         
      1.900          5.743          109.922                16.626           19.429           19.800        114.75                         
      1.910          5.739          109.921                16.588           19.400           19.800        115.03                         
      1.920          5.736          109.921                16.549           19.369           19.800        115.31                         
      1.930          5.733          109.921                16.509           19.338           19.800        115.59                         
      1.940          5.729          109.920                16.469           19.307           19.800        115.88                         
      1.950          5.726          109.920                16.428           19.274           19.800        116.16                         
      1.960          5.722          109.920                16.386           19.241           19.800        116.45                         
      1.970          5.719          109.919                16.343           19.208           19.800        116.75                         
      1.980          5.715          109.919                16.300           19.173           19.800        117.04                         
      1.990          5.712          109.918                16.255           19.138           19.800        117.34                         
      2.000          5.708          109.918                16.210           19.102           19.800        117.64                         

