  ¬рем€            U                U                Pij              –г               –т г             ”гол рот         ќтн угол U       
                   601              1002             1001             601              601              601              601              
                                                     1002                                                                                 
                                                     1                                                                                    

                     6.300          110.000                 6.022           12.800           12.800         65.78                         
      0.010          6.300          110.000                 6.022           12.800           12.800         65.78                         
      0.020          6.300          110.000                 6.022           12.800           12.800         65.78                         
      0.030          6.300          110.000                 6.022           12.800           12.800         65.78                         
      0.040          6.300          110.000                 6.022           12.800           12.800         65.78                         
      0.050          6.300          110.000                 6.022           12.800           12.800         65.78                         
      0.060          6.300          110.000                 6.022           12.800           12.800         65.78                         
      0.070          6.300          110.000                 6.022           12.800           12.800         65.78                         
      0.080          6.300          110.000                 6.022           12.800           12.800         65.78                         
      0.090          6.300          110.000                 6.022           12.800           12.800         65.78                         
      0.100          6.300          110.000                 6.022           12.800           12.800         65.78                         
      0.100          6.330          109.994                11.225           11.865           12.800         65.78                         
      0.110          6.330          109.994                11.225           11.865           12.800         65.78                         
      0.120          6.330          109.994                11.226           11.866           12.800         65.79                         
      0.130          6.330          109.994                11.227           11.867           12.800         65.80                         
      0.140          6.330          109.994                11.228           11.868           12.800         65.82                         
      0.150          6.330          109.994                11.230           11.870           12.800         65.84                         
      0.160          6.329          109.994                11.232           11.873           12.800         65.86                         
      0.170          6.329          109.994                11.234           11.875           12.800         65.89                         
      0.180          6.329          109.994                11.237           11.879           12.800         65.92                         
      0.190          6.329          109.994                11.240           11.882           12.800         65.95                         
      0.200          6.328          109.994                11.243           11.886           12.800         65.99                         
      0.210          6.328          109.994                11.247           11.891           12.800         66.04                         
      0.220          6.328          109.994                11.251           11.896           12.800         66.08                         
      0.230          6.327          109.994                11.255           11.901           12.800         66.14                         
      0.240          6.327          109.994                11.260           11.906           12.800         66.19                         
      0.250          6.327          109.994                11.265           11.912           12.800         66.25                         
      0.260          6.326          109.994                11.270           11.919           12.800         66.32                         
      0.270          6.326          109.994                11.275           11.925           12.800         66.38                         
      0.280          6.325          109.994                11.281           11.932           12.800         66.45                         
      0.290          6.325          109.994                11.287           11.940           12.800         66.53                         
      0.300          6.324          109.993                11.294           11.948           12.800         66.61                         
      0.310          6.324          109.993                11.301           11.956           12.800         66.69                         
      0.320          6.323          109.993                11.308           11.964           12.800         66.78                         
      0.330          6.322          109.993                11.315           11.973           12.800         66.87                         
      0.340          6.322          109.993                11.322           11.982           12.800         66.96                         
      0.350          6.321          109.993                11.330           11.992           12.800         67.06                         
      0.360          6.320          109.993                11.338           12.002           12.800         67.16                         
      0.370          6.319          109.993                11.347           12.012           12.800         67.26                         
      0.380          6.319          109.993                11.355           12.022           12.800         67.37                         
      0.390          6.318          109.993                11.364           12.033           12.800         67.48                         
      0.400          6.317          109.993                11.373           12.043           12.800         67.59                         
      0.410          6.316          109.992                11.382           12.055           12.800         67.71                         
      0.420          6.315          109.992                11.391           12.066           12.800         67.83                         
      0.430          6.314          109.992                11.401           12.078           12.800         67.95                         
      0.440          6.314          109.992                11.411           12.090           12.800         68.08                         
      0.450          6.313          109.992                11.420           12.102           12.800         68.21                         
      0.460          6.312          109.992                11.431           12.114           12.800         68.34                         
      0.470          6.311          109.992                11.441           12.127           12.800         68.48                         
      0.480          6.310          109.992                11.451           12.140           12.800         68.61                         
      0.490          6.309          109.992                11.462           12.153           12.800         68.75                         
      0.500          6.308          109.991                11.472           12.166           12.800         68.90                         
      0.510          6.307          109.991                11.483           12.179           12.800         69.04                         
      0.520          6.306          109.991                11.494           12.193           12.800         69.19                         
      0.530          6.304          109.991                11.505           12.206           12.800         69.35                         
      0.540          6.303          109.991                11.516           12.220           12.800         69.50                         
      0.550          6.302          109.991                11.527           12.234           12.800         69.66                         
      0.560          6.301          109.991                11.539           12.248           12.800         69.82                         
      0.570          6.300          109.990                11.550           12.262           12.800         69.98                         
      0.580          6.299          109.990                11.562           12.276           12.800         70.14                         
      0.590          6.297          109.990                11.573           12.291           12.800         70.31                         
      0.600          6.296          109.990                11.585           12.305           12.800         70.47                         
      0.610          6.295          109.990                11.596           12.320           12.800         70.64                         
      0.620          6.294          109.990                11.608           12.335           12.800         70.82                         
      0.630          6.292          109.989                11.619           12.349           12.800         70.99                         
      0.640          6.291          109.989                11.631           12.364           12.800         71.17                         
      0.650          6.290          109.989                11.643           12.379           12.800         71.34                         
      0.660          6.288          109.989                11.654           12.394           12.800         71.52                         
      0.670          6.287          109.989                11.666           12.409           12.800         71.71                         
      0.680          6.286          109.989                11.678           12.423           12.800         71.89                         
      0.690          6.284          109.988                11.689           12.438           12.800         72.07                         
      0.700          6.283          109.988                11.701           12.453           12.800         72.26                         
      0.710          6.281          109.988                11.713           12.468           12.800         72.45                         
      0.720          6.280          109.988                11.724           12.483           12.800         72.63                         
      0.730          6.279          109.988                11.736           12.498           12.800         72.82                         
      0.740          6.277          109.987                11.747           12.513           12.800         73.02                         
      0.750          6.276          109.987                11.758           12.527           12.800         73.21                         
      0.760          6.274          109.987                11.770           12.542           12.800         73.40                         
      0.770          6.273          109.987                11.781           12.557           12.800         73.60                         
      0.780          6.271          109.987                11.792           12.571           12.800         73.79                         
      0.790          6.270          109.987                11.803           12.586           12.800         73.99                         
      0.800          6.268          109.986                11.814           12.600           12.800         74.19                         
      0.810          6.267          109.986                11.825           12.615           12.800         74.38                         
      0.820          6.265          109.986                11.836           12.629           12.800         74.58                         
      0.830          6.264          109.986                11.846           12.643           12.800         74.78                         
      0.840          6.262          109.986                11.857           12.657           12.800         74.98                         
      0.850          6.261          109.985                11.867           12.671           12.800         75.18                         
      0.860          6.259          109.985                11.877           12.685           12.800         75.38                         
      0.870          6.258          109.985                11.888           12.699           12.800         75.58                         
      0.880          6.256          109.985                11.898           12.713           12.800         75.79                         
      0.890          6.255          109.985                11.907           12.726           12.800         75.99                         
      0.900          6.253          109.984                11.917           12.740           12.800         76.19                         
      0.910          6.251          109.984                11.927           12.753           12.800         76.39                         
      0.920          6.250          109.984                11.936           12.766           12.800         76.60                         
      0.930          6.248          109.984                11.946           12.779           12.800         76.80                         
      0.940          6.247          109.984                11.955           12.792           12.800         77.00                         
      0.950          6.245          109.983                11.964           12.805           12.800         77.21                         
      0.960          6.244          109.983                11.973           12.817           12.800         77.41                         
      0.970          6.242          109.983                11.982           12.830           12.800         77.61                         
      0.980          6.240          109.983                11.990           12.842           12.800         77.81                         
      0.990          6.239          109.983                11.999           12.854           12.800         78.02                         
      1.000          6.237          109.983                12.007           12.866           12.800         78.22                         
      1.010          6.236          109.982                12.015           12.878           12.800         78.42                         
      1.020          6.234          109.982                12.023           12.889           12.800         78.62                         
      1.030          6.233          109.982                12.030           12.901           12.800         78.82                         
      1.040          6.231          109.982                12.038           12.912           12.800         79.02                         
      1.050          6.229          109.982                12.045           12.923           12.800         79.22                         
      1.060          6.228          109.981                12.053           12.934           12.800         79.42                         
      1.070          6.226          109.981                12.060           12.945           12.800         79.62                         
      1.080          6.225          109.981                12.067           12.955           12.800         79.81                         
      1.090          6.223          109.981                12.073           12.966           12.800         80.01                         
      1.100          6.222          109.981                12.080           12.976           12.800         80.21                         
      1.110          6.220          109.980                12.086           12.986           12.800         80.40                         
      1.120          6.219          109.980                12.093           12.995           12.800         80.60                         
      1.130          6.217          109.980                12.099           13.005           12.800         80.79                         
      1.140          6.216          109.980                12.105           13.015           12.800         80.98                         
      1.150          6.214          109.980                12.110           13.024           12.800         81.17                         
      1.160          6.212          109.979                12.116           13.033           12.800         81.37                         
      1.170          6.211          109.979                12.121           13.042           12.800         81.55                         
      1.180          6.209          109.979                12.127           13.050           12.800         81.74                         
      1.190          6.208          109.979                12.132           13.059           12.800         81.93                         
      1.200          6.206          109.979                12.137           13.067           12.800         82.12                         
      1.210          6.205          109.979                12.141           13.075           12.800         82.30                         
      1.220          6.204          109.978                12.146           13.083           12.800         82.49                         
      1.230          6.202          109.978                12.150           13.091           12.800         82.67                         
      1.240          6.201          109.978                12.155           13.099           12.800         82.85                         
      1.250          6.199          109.978                12.159           13.106           12.800         83.03                         
      1.260          6.198          109.978                12.163           13.114           12.800         83.21                         
      1.270          6.196          109.977                12.167           13.121           12.800         83.38                         
      1.280          6.195          109.977                12.170           13.128           12.800         83.56                         
      1.290          6.194          109.977                12.174           13.134           12.800         83.73                         
      1.300          6.192          109.977                12.177           13.141           12.800         83.91                         
      1.310          6.191          109.977                12.181           13.147           12.800         84.08                         
      1.320          6.189          109.977                12.184           13.154           12.800         84.25                         
      1.330          6.188          109.976                12.187           13.160           12.800         84.41                         
      1.340          6.187          109.976                12.190           13.166           12.800         84.58                         
      1.350          6.185          109.976                12.192           13.172           12.800         84.74                         
      1.360          6.184          109.976                12.195           13.177           12.800         84.91                         
      1.370          6.183          109.976                12.197           13.183           12.800         85.07                         
      1.380          6.181          109.976                12.200           13.188           12.800         85.23                         
      1.390          6.180          109.976                12.202           13.193           12.800         85.39                         
      1.400          6.179          109.975                12.204           13.198           12.800         85.54                         
      1.410          6.178          109.975                12.206           13.203           12.800         85.70                         
      1.420          6.176          109.975                12.208           13.208           12.800         85.85                         
      1.430          6.175          109.975                12.210           13.212           12.800         86.00                         
      1.440          6.174          109.975                12.212           13.217           12.800         86.15                         
      1.450          6.173          109.975                12.213           13.221           12.800         86.30                         
      1.460          6.172          109.975                12.215           13.225           12.800         86.44                         
      1.470          6.170          109.974                12.216           13.229           12.800         86.58                         
      1.480          6.169          109.974                12.217           13.233           12.800         86.73                         
      1.490          6.168          109.974                12.219           13.237           12.800         86.87                         
      1.500          6.167          109.974                12.220           13.241           12.800         87.00                         
      1.510          6.166          109.974                12.221           13.244           12.800         87.14                         
      1.520          6.165          109.974                12.222           13.248           12.800         87.27                         
      1.530          6.164          109.974                12.223           13.251           12.800         87.40                         
      1.540          6.163          109.973                12.223           13.254           12.800         87.53                         
      1.550          6.162          109.973                12.224           13.257           12.800         87.66                         
      1.560          6.161          109.973                12.225           13.260           12.800         87.79                         
      1.570          6.160          109.973                12.225           13.263           12.800         87.91                         
      1.580          6.159          109.973                12.226           13.266           12.800         88.03                         
      1.590          6.158          109.973                12.226           13.269           12.800         88.15                         
      1.600          6.157          109.973                12.227           13.271           12.800         88.27                         
      1.610          6.156          109.973                12.227           13.274           12.800         88.39                         
      1.620          6.155          109.973                12.227           13.276           12.800         88.50                         
      1.630          6.154          109.972                12.228           13.279           12.800         88.61                         
      1.640          6.153          109.972                12.228           13.281           12.800         88.72                         
      1.650          6.152          109.972                12.228           13.283           12.800         88.83                         
      1.660          6.151          109.972                12.228           13.285           12.800         88.93                         
      1.670          6.150          109.972                12.228           13.287           12.800         89.04                         
      1.680          6.150          109.972                12.228           13.289           12.800         89.14                         
      1.690          6.149          109.972                12.228           13.291           12.800         89.24                         
      1.700          6.148          109.972                12.228           13.292           12.800         89.33                         
      1.710          6.147          109.972                12.228           13.294           12.800         89.43                         
      1.720          6.146          109.972                12.228           13.296           12.800         89.52                         
      1.730          6.146          109.971                12.228           13.297           12.800         89.61                         
      1.740          6.145          109.971                12.228           13.299           12.800         89.70                         
      1.750          6.144          109.971                12.227           13.300           12.800         89.78                         
      1.760          6.144          109.971                12.227           13.301           12.800         89.87                         
      1.770          6.143          109.971                12.227           13.303           12.800         89.95                         
      1.780          6.142          109.971                12.227           13.304           12.800         90.03                         
      1.790          6.142          109.971                12.226           13.305           12.800         90.10                         
      1.800          6.141          109.971                12.226           13.306           12.800         90.18                         
      1.810          6.140          109.971                12.226           13.307           12.800         90.25                         
      1.820          6.140          109.971                12.226           13.308           12.800         90.32                         
      1.830          6.139          109.971                12.225           13.309           12.800         90.39                         
      1.840          6.139          109.971                12.225           13.310           12.800         90.46                         
      1.850          6.138          109.971                12.225           13.311           12.800         90.52                         
      1.860          6.138          109.970                12.224           13.312           12.800         90.58                         
      1.870          6.137          109.970                12.224           13.313           12.800         90.64                         
      1.880          6.137          109.970                12.224           13.313           12.800         90.70                         
      1.890          6.136          109.970                12.223           13.314           12.800         90.75                         
      1.900          6.136          109.970                12.223           13.315           12.800         90.80                         
      1.910          6.135          109.970                12.223           13.315           12.800         90.86                         
      1.920          6.135          109.970                12.222           13.316           12.800         90.90                         
      1.930          6.135          109.970                12.222           13.316           12.800         90.95                         
      1.940          6.134          109.970                12.222           13.317           12.800         90.99                         
      1.950          6.134          109.970                12.221           13.317           12.800         91.03                         
      1.960          6.134          109.970                12.221           13.318           12.800         91.07                         
      1.970          6.133          109.970                12.221           13.318           12.800         91.11                         
      1.980          6.133          109.970                12.221           13.319           12.800         91.15                         
      1.990          6.133          109.970                12.220           13.319           12.800         91.18                         
      2.000          6.132          109.970                12.220           13.319           12.800         91.21                         

