  ¬рем€            U                U                Pij              –г               –т г             ”гол рот         ќтн угол U       
                   601              1002             1001             601              601              601              601              
                                                     1002                                                                                 
                                                     1                                                                                    

                     6.300          110.000                 5.981           12.700           12.700         65.00                         
      0.010          6.300          110.000                 5.981           12.700           12.700         65.00                         
      0.020          6.300          110.000                 5.981           12.700           12.700         65.00                         
      0.030          6.300          110.000                 5.981           12.700           12.700         65.00                         
      0.040          6.300          110.000                 5.981           12.700           12.700         65.00                         
      0.050          6.300          110.000                 5.981           12.700           12.700         65.00                         
      0.060          6.300          110.000                 5.981           12.700           12.700         65.00                         
      0.070          6.300          110.000                 5.981           12.700           12.700         65.00                         
      0.080          6.300          110.000                 5.981           12.700           12.700         65.00                         
      0.090          6.300          110.000                 5.981           12.700           12.700         65.00                         
      0.100          6.300          110.000                 5.981           12.700           12.700         65.00                         
      0.100          6.329          109.994                11.145           11.771           12.700         65.00                         
      0.110          6.329          109.994                11.145           11.771           12.700         65.00                         
      0.120          6.329          109.994                11.146           11.772           12.700         65.01                         
      0.130          6.329          109.994                11.147           11.773           12.700         65.02                         
      0.140          6.329          109.994                11.148           11.775           12.700         65.03                         
      0.150          6.329          109.994                11.150           11.777           12.700         65.05                         
      0.160          6.329          109.994                11.152           11.779           12.700         65.08                         
      0.170          6.329          109.994                11.154           11.782           12.700         65.10                         
      0.180          6.328          109.994                11.157           11.785           12.700         65.14                         
      0.190          6.328          109.994                11.160           11.789           12.700         65.17                         
      0.200          6.328          109.994                11.163           11.793           12.700         65.21                         
      0.210          6.328          109.994                11.167           11.797           12.700         65.25                         
      0.220          6.327          109.994                11.171           11.802           12.700         65.30                         
      0.230          6.327          109.994                11.176           11.808           12.700         65.35                         
      0.240          6.327          109.994                11.181           11.813           12.700         65.41                         
      0.250          6.326          109.994                11.186           11.819           12.700         65.47                         
      0.260          6.326          109.994                11.191           11.826           12.700         65.53                         
      0.270          6.325          109.994                11.197           11.833           12.700         65.60                         
      0.280          6.325          109.994                11.203           11.840           12.700         65.67                         
      0.290          6.324          109.994                11.209           11.847           12.700         65.74                         
      0.300          6.324          109.993                11.216           11.855           12.700         65.82                         
      0.310          6.323          109.993                11.223           11.864           12.700         65.90                         
      0.320          6.322          109.993                11.230           11.872           12.700         65.99                         
      0.330          6.322          109.993                11.237           11.881           12.700         66.08                         
      0.340          6.321          109.993                11.245           11.891           12.700         66.17                         
      0.350          6.321          109.993                11.253           11.900           12.700         66.27                         
      0.360          6.320          109.993                11.261           11.910           12.700         66.36                         
      0.370          6.319          109.993                11.270           11.920           12.700         66.47                         
      0.380          6.318          109.993                11.278           11.931           12.700         66.57                         
      0.390          6.318          109.993                11.287           11.942           12.700         66.68                         
      0.400          6.317          109.993                11.297           11.953           12.700         66.80                         
      0.410          6.316          109.992                11.306           11.964           12.700         66.91                         
      0.420          6.315          109.992                11.316           11.976           12.700         67.03                         
      0.430          6.314          109.992                11.325           11.988           12.700         67.15                         
      0.440          6.313          109.992                11.335           12.000           12.700         67.28                         
      0.450          6.312          109.992                11.345           12.012           12.700         67.41                         
      0.460          6.311          109.992                11.356           12.025           12.700         67.54                         
      0.470          6.310          109.992                11.366           12.038           12.700         67.67                         
      0.480          6.310          109.992                11.377           12.051           12.700         67.81                         
      0.490          6.309          109.991                11.388           12.064           12.700         67.95                         
      0.500          6.307          109.991                11.399           12.077           12.700         68.09                         
      0.510          6.306          109.991                11.410           12.091           12.700         68.24                         
      0.520          6.305          109.991                11.421           12.105           12.700         68.38                         
      0.530          6.304          109.991                11.432           12.119           12.700         68.53                         
      0.540          6.303          109.991                11.444           12.133           12.700         68.69                         
      0.550          6.302          109.991                11.455           12.147           12.700         68.84                         
      0.560          6.301          109.991                11.467           12.161           12.700         69.00                         
      0.570          6.300          109.990                11.479           12.176           12.700         69.16                         
      0.580          6.299          109.990                11.490           12.190           12.700         69.32                         
      0.590          6.297          109.990                11.502           12.205           12.700         69.48                         
      0.600          6.296          109.990                11.514           12.220           12.700         69.65                         
      0.610          6.295          109.990                11.526           12.234           12.700         69.82                         
      0.620          6.294          109.990                11.538           12.249           12.700         69.99                         
      0.630          6.292          109.989                11.550           12.264           12.700         70.16                         
      0.640          6.291          109.989                11.562           12.279           12.700         70.33                         
      0.650          6.290          109.989                11.574           12.295           12.700         70.51                         
      0.660          6.289          109.989                11.586           12.310           12.700         70.69                         
      0.670          6.287          109.989                11.598           12.325           12.700         70.87                         
      0.680          6.286          109.989                11.610           12.340           12.700         71.05                         
      0.690          6.285          109.988                11.622           12.355           12.700         71.23                         
      0.700          6.283          109.988                11.634           12.370           12.700         71.41                         
      0.710          6.282          109.988                11.646           12.386           12.700         71.60                         
      0.720          6.280          109.988                11.658           12.401           12.700         71.78                         
      0.730          6.279          109.988                11.670           12.416           12.700         71.97                         
      0.740          6.278          109.988                11.682           12.431           12.700         72.16                         
      0.750          6.276          109.987                11.693           12.446           12.700         72.35                         
      0.760          6.275          109.987                11.705           12.461           12.700         72.54                         
      0.770          6.273          109.987                11.717           12.476           12.700         72.73                         
      0.780          6.272          109.987                11.728           12.491           12.700         72.92                         
      0.790          6.270          109.987                11.740           12.506           12.700         73.11                         
      0.800          6.269          109.986                11.751           12.521           12.700         73.31                         
      0.810          6.268          109.986                11.762           12.536           12.700         73.50                         
      0.820          6.266          109.986                11.773           12.550           12.700         73.70                         
      0.830          6.265          109.986                11.784           12.565           12.700         73.89                         
      0.840          6.263          109.986                11.795           12.579           12.700         74.09                         
      0.850          6.262          109.986                11.806           12.594           12.700         74.29                         
      0.860          6.260          109.985                11.817           12.608           12.700         74.48                         
      0.870          6.259          109.985                11.828           12.622           12.700         74.68                         
      0.880          6.257          109.985                11.838           12.636           12.700         74.88                         
      0.890          6.256          109.985                11.848           12.650           12.700         75.08                         
      0.900          6.254          109.985                11.859           12.664           12.700         75.27                         
      0.910          6.253          109.984                11.869           12.677           12.700         75.47                         
      0.920          6.251          109.984                11.878           12.691           12.700         75.67                         
      0.930          6.250          109.984                11.888           12.704           12.700         75.87                         
      0.940          6.248          109.984                11.898           12.717           12.700         76.07                         
      0.950          6.246          109.984                11.907           12.730           12.700         76.26                         
      0.960          6.245          109.983                11.917           12.743           12.700         76.46                         
      0.970          6.243          109.983                11.926           12.756           12.700         76.66                         
      0.980          6.242          109.983                11.935           12.768           12.700         76.86                         
      0.990          6.240          109.983                11.944           12.781           12.700         77.05                         
      1.000          6.239          109.983                11.952           12.793           12.700         77.25                         
      1.010          6.237          109.982                11.961           12.805           12.700         77.44                         
      1.020          6.236          109.982                11.969           12.817           12.700         77.64                         
      1.030          6.234          109.982                11.978           12.829           12.700         77.83                         
      1.040          6.233          109.982                11.986           12.840           12.700         78.03                         
      1.050          6.231          109.982                11.994           12.852           12.700         78.22                         
      1.060          6.230          109.982                12.001           12.863           12.700         78.41                         
      1.070          6.228          109.981                12.009           12.874           12.700         78.61                         
      1.080          6.227          109.981                12.016           12.885           12.700         78.80                         
      1.090          6.225          109.981                12.023           12.896           12.700         78.99                         
      1.100          6.224          109.981                12.030           12.906           12.700         79.18                         
      1.110          6.222          109.981                12.037           12.917           12.700         79.37                         
      1.120          6.221          109.980                12.044           12.927           12.700         79.55                         
      1.130          6.219          109.980                12.051           12.937           12.700         79.74                         
      1.140          6.218          109.980                12.057           12.946           12.700         79.92                         
      1.150          6.216          109.980                12.063           12.956           12.700         80.11                         
      1.160          6.215          109.980                12.069           12.965           12.700         80.29                         
      1.170          6.214          109.980                12.075           12.975           12.700         80.47                         
      1.180          6.212          109.979                12.081           12.984           12.700         80.65                         
      1.190          6.211          109.979                12.087           12.993           12.700         80.83                         
      1.200          6.209          109.979                12.092           13.001           12.700         81.01                         
      1.210          6.208          109.979                12.097           13.010           12.700         81.19                         
      1.220          6.206          109.979                12.102           13.018           12.700         81.36                         
      1.230          6.205          109.979                12.107           13.026           12.700         81.54                         
      1.240          6.204          109.978                12.112           13.034           12.700         81.71                         
      1.250          6.202          109.978                12.117           13.042           12.700         81.88                         
      1.260          6.201          109.978                12.121           13.050           12.700         82.05                         
      1.270          6.200          109.978                12.126           13.057           12.700         82.22                         
      1.280          6.198          109.978                12.130           13.064           12.700         82.38                         
      1.290          6.197          109.978                12.134           13.071           12.700         82.55                         
      1.300          6.196          109.977                12.138           13.078           12.700         82.71                         
      1.310          6.194          109.977                12.142           13.085           12.700         82.87                         
      1.320          6.193          109.977                12.145           13.092           12.700         83.03                         
      1.330          6.192          109.977                12.149           13.098           12.700         83.19                         
      1.340          6.191          109.977                12.152           13.104           12.700         83.34                         
      1.350          6.189          109.977                12.156           13.111           12.700         83.50                         
      1.360          6.188          109.976                12.159           13.117           12.700         83.65                         
      1.370          6.187          109.976                12.162           13.122           12.700         83.80                         
      1.380          6.186          109.976                12.165           13.128           12.700         83.95                         
      1.390          6.185          109.976                12.167           13.133           12.700         84.09                         
      1.400          6.183          109.976                12.170           13.139           12.700         84.24                         
      1.410          6.182          109.976                12.173           13.144           12.700         84.38                         
      1.420          6.181          109.976                12.175           13.149           12.700         84.52                         
      1.430          6.180          109.976                12.177           13.154           12.700         84.66                         
      1.440          6.179          109.975                12.180           13.159           12.700         84.80                         
      1.450          6.178          109.975                12.182           13.163           12.700         84.93                         
      1.460          6.177          109.975                12.184           13.168           12.700         85.07                         
      1.470          6.176          109.975                12.186           13.172           12.700         85.20                         
      1.480          6.175          109.975                12.188           13.176           12.700         85.32                         
      1.490          6.174          109.975                12.189           13.181           12.700         85.45                         
      1.500          6.173          109.975                12.191           13.185           12.700         85.58                         
      1.510          6.172          109.974                12.193           13.188           12.700         85.70                         
      1.520          6.171          109.974                12.194           13.192           12.700         85.82                         
      1.530          6.170          109.974                12.196           13.196           12.700         85.94                         
      1.540          6.169          109.974                12.197           13.199           12.700         86.05                         
      1.550          6.168          109.974                12.198           13.203           12.700         86.17                         
      1.560          6.167          109.974                12.199           13.206           12.700         86.28                         
      1.570          6.166          109.974                12.201           13.209           12.700         86.39                         
      1.580          6.165          109.974                12.202           13.212           12.700         86.49                         
      1.590          6.164          109.974                12.203           13.215           12.700         86.60                         
      1.600          6.163          109.974                12.204           13.218           12.700         86.70                         
      1.610          6.163          109.973                12.205           13.221           12.700         86.80                         
      1.620          6.162          109.973                12.205           13.223           12.700         86.90                         
      1.630          6.161          109.973                12.206           13.226           12.700         86.99                         
      1.640          6.160          109.973                12.207           13.228           12.700         87.09                         
      1.650          6.160          109.973                12.208           13.231           12.700         87.18                         
      1.660          6.159          109.973                12.208           13.233           12.700         87.27                         
      1.670          6.158          109.973                12.209           13.235           12.700         87.35                         
      1.680          6.157          109.973                12.209           13.237           12.700         87.44                         
      1.690          6.157          109.973                12.210           13.239           12.700         87.52                         
      1.700          6.156          109.973                12.210           13.241           12.700         87.60                         
      1.710          6.156          109.973                12.211           13.243           12.700         87.67                         
      1.720          6.155          109.972                12.211           13.245           12.700         87.75                         
      1.730          6.154          109.972                12.211           13.246           12.700         87.82                         
      1.740          6.154          109.972                12.212           13.248           12.700         87.89                         
      1.750          6.153          109.972                12.212           13.250           12.700         87.96                         
      1.760          6.153          109.972                12.212           13.251           12.700         88.02                         
      1.770          6.152          109.972                12.213           13.253           12.700         88.09                         
      1.780          6.152          109.972                12.213           13.254           12.700         88.15                         
      1.790          6.151          109.972                12.213           13.255           12.700         88.20                         
      1.800          6.151          109.972                12.213           13.256           12.700         88.26                         
      1.810          6.150          109.972                12.213           13.258           12.700         88.31                         
      1.820          6.150          109.972                12.214           13.259           12.700         88.36                         
      1.830          6.149          109.972                12.214           13.260           12.700         88.41                         
      1.840          6.149          109.972                12.214           13.261           12.700         88.46                         
      1.850          6.149          109.972                12.214           13.261           12.700         88.50                         
      1.860          6.148          109.972                12.214           13.262           12.700         88.54                         
      1.870          6.148          109.972                12.214           13.263           12.700         88.58                         
      1.880          6.148          109.972                12.214           13.264           12.700         88.62                         
      1.890          6.148          109.972                12.214           13.265           12.700         88.65                         
      1.900          6.147          109.972                12.214           13.265           12.700         88.68                         
      1.910          6.147          109.972                12.214           13.266           12.700         88.71                         
      1.920          6.147          109.972                12.214           13.266           12.700         88.73                         
      1.930          6.147          109.972                12.214           13.267           12.700         88.76                         
      1.940          6.146          109.971                12.214           13.267           12.700         88.78                         
      1.950          6.146          109.971                12.214           13.268           12.700         88.80                         
      1.960          6.146          109.971                12.214           13.268           12.700         88.81                         
      1.970          6.146          109.971                12.214           13.268           12.700         88.83                         
      1.980          6.146          109.971                12.214           13.268           12.700         88.84                         
      1.990          6.146          109.971                12.214           13.269           12.700         88.85                         
      2.000          6.146          109.971                12.214           13.269           12.700         88.85                         

