  ¬рем€            U                U                Pij              –г               –т г             ”гол рот         ќтн угол U       
                   601              1002             1001             601              601              601              601              
                                                     1002                                                                                 
                                                     1                                                                                    

                     6.300          110.000                 6.384           13.700           13.700         73.78                         
      0.010          6.300          110.000                 6.384           13.700           13.700         73.78                         
      0.020          6.300          110.000                 6.384           13.700           13.700         73.78                         
      0.030          6.300          110.000                 6.384           13.700           13.700         73.78                         
      0.040          6.300          110.000                 6.384           13.700           13.700         73.78                         
      0.050          6.300          110.000                 6.384           13.700           13.700         73.78                         
      0.060          6.300          110.000                 6.384           13.700           13.700         73.78                         
      0.070          6.300          110.000                 6.384           13.700           13.700         73.78                         
      0.080          6.300          110.000                 6.384           13.700           13.700         73.78                         
      0.090          6.300          110.000                 6.384           13.700           13.700         73.78                         
      0.100          6.300          110.000                 6.384           13.700           13.700         73.78                         
      0.100          6.336          109.995                11.923           12.712           13.700         73.78                         
      0.110          6.336          109.995                11.923           12.712           13.700         73.78                         
      0.120          6.336          109.995                11.923           12.712           13.700         73.79                         
      0.130          6.336          109.995                11.924           12.713           13.700         73.80                         
      0.140          6.335          109.995                11.925           12.714           13.700         73.82                         
      0.150          6.335          109.995                11.926           12.716           13.700         73.84                         
      0.160          6.335          109.995                11.927           12.718           13.700         73.86                         
      0.170          6.335          109.995                11.929           12.720           13.700         73.89                         
      0.180          6.335          109.995                11.931           12.722           13.700         73.93                         
      0.190          6.334          109.995                11.933           12.725           13.700         73.96                         
      0.200          6.334          109.995                11.935           12.728           13.700         74.01                         
      0.210          6.334          109.995                11.938           12.732           13.700         74.05                         
      0.220          6.333          109.995                11.941           12.736           13.700         74.10                         
      0.230          6.333          109.995                11.944           12.740           13.700         74.16                         
      0.240          6.332          109.994                11.947           12.744           13.700         74.22                         
      0.250          6.332          109.994                11.951           12.749           13.700         74.28                         
      0.260          6.331          109.994                11.954           12.754           13.700         74.35                         
      0.270          6.331          109.994                11.958           12.759           13.700         74.42                         
      0.280          6.330          109.994                11.962           12.764           13.700         74.50                         
      0.290          6.330          109.994                11.967           12.770           13.700         74.57                         
      0.300          6.329          109.994                11.971           12.776           13.700         74.66                         
      0.310          6.328          109.994                11.976           12.783           13.700         74.75                         
      0.320          6.328          109.994                11.981           12.789           13.700         74.84                         
      0.330          6.327          109.994                11.986           12.796           13.700         74.93                         
      0.340          6.326          109.994                11.991           12.803           13.700         75.03                         
      0.350          6.325          109.994                11.997           12.810           13.700         75.14                         
      0.360          6.325          109.993                12.002           12.818           13.700         75.24                         
      0.370          6.324          109.993                12.008           12.826           13.700         75.36                         
      0.380          6.323          109.993                12.014           12.834           13.700         75.47                         
      0.390          6.322          109.993                12.020           12.842           13.700         75.59                         
      0.400          6.321          109.993                12.026           12.850           13.700         75.71                         
      0.410          6.320          109.993                12.032           12.859           13.700         75.84                         
      0.420          6.319          109.993                12.039           12.868           13.700         75.97                         
      0.430          6.318          109.993                12.045           12.877           13.700         76.10                         
      0.440          6.317          109.992                12.052           12.886           13.700         76.24                         
      0.450          6.316          109.992                12.059           12.895           13.700         76.38                         
      0.460          6.315          109.992                12.066           12.904           13.700         76.52                         
      0.470          6.314          109.992                12.073           12.914           13.700         76.67                         
      0.480          6.312          109.992                12.079           12.924           13.700         76.82                         
      0.490          6.311          109.992                12.087           12.934           13.700         76.97                         
      0.500          6.310          109.992                12.094           12.944           13.700         77.13                         
      0.510          6.309          109.991                12.101           12.954           13.700         77.29                         
      0.520          6.307          109.991                12.108           12.964           13.700         77.46                         
      0.530          6.306          109.991                12.115           12.974           13.700         77.62                         
      0.540          6.305          109.991                12.123           12.985           13.700         77.79                         
      0.550          6.303          109.991                12.130           12.995           13.700         77.97                         
      0.560          6.302          109.991                12.137           13.006           13.700         78.14                         
      0.570          6.301          109.990                12.144           13.016           13.700         78.32                         
      0.580          6.299          109.990                12.152           13.027           13.700         78.50                         
      0.590          6.298          109.990                12.159           13.038           13.700         78.69                         
      0.600          6.296          109.990                12.166           13.048           13.700         78.87                         
      0.610          6.295          109.990                12.174           13.059           13.700         79.06                         
      0.620          6.293          109.990                12.181           13.070           13.700         79.26                         
      0.630          6.292          109.989                12.188           13.081           13.700         79.45                         
      0.640          6.290          109.989                12.195           13.091           13.700         79.65                         
      0.650          6.289          109.989                12.202           13.102           13.700         79.85                         
      0.660          6.287          109.989                12.209           13.113           13.700         80.06                         
      0.670          6.285          109.989                12.216           13.124           13.700         80.26                         
      0.680          6.284          109.988                12.223           13.134           13.700         80.47                         
      0.690          6.282          109.988                12.230           13.145           13.700         80.68                         
      0.700          6.280          109.988                12.236           13.156           13.700         80.89                         
      0.710          6.279          109.988                12.243           13.166           13.700         81.11                         
      0.720          6.277          109.988                12.249           13.177           13.700         81.33                         
      0.730          6.275          109.987                12.256           13.187           13.700         81.55                         
      0.740          6.273          109.987                12.262           13.198           13.700         81.77                         
      0.750          6.272          109.987                12.268           13.208           13.700         81.99                         
      0.760          6.270          109.987                12.274           13.218           13.700         82.22                         
      0.770          6.268          109.986                12.280           13.228           13.700         82.45                         
      0.780          6.266          109.986                12.286           13.238           13.700         82.68                         
      0.790          6.264          109.986                12.291           13.248           13.700         82.91                         
      0.800          6.262          109.986                12.297           13.258           13.700         83.14                         
      0.810          6.261          109.985                12.302           13.267           13.700         83.38                         
      0.820          6.259          109.985                12.307           13.277           13.700         83.62                         
      0.830          6.257          109.985                12.312           13.286           13.700         83.86                         
      0.840          6.255          109.985                12.316           13.295           13.700         84.10                         
      0.850          6.253          109.985                12.321           13.304           13.700         84.34                         
      0.860          6.251          109.984                12.325           13.313           13.700         84.59                         
      0.870          6.249          109.984                12.329           13.322           13.700         84.83                         
      0.880          6.247          109.984                12.333           13.330           13.700         85.08                         
      0.890          6.245          109.984                12.337           13.339           13.700         85.33                         
      0.900          6.243          109.983                12.340           13.347           13.700         85.58                         
      0.910          6.241          109.983                12.344           13.355           13.700         85.83                         
      0.920          6.239          109.983                12.347           13.363           13.700         86.09                         
      0.930          6.237          109.983                12.349           13.370           13.700         86.34                         
      0.940          6.235          109.982                12.352           13.378           13.700         86.60                         
      0.950          6.232          109.982                12.354           13.385           13.700         86.86                         
      0.960          6.230          109.982                12.356           13.392           13.700         87.12                         
      0.970          6.228          109.982                12.358           13.399           13.700         87.38                         
      0.980          6.226          109.981                12.360           13.405           13.700         87.64                         
      0.990          6.224          109.981                12.361           13.411           13.700         87.90                         
      1.000          6.222          109.981                12.362           13.417           13.700         88.17                         
      1.010          6.220          109.981                12.363           13.423           13.700         88.43                         
      1.020          6.217          109.980                12.364           13.429           13.700         88.70                         
      1.030          6.215          109.980                12.364           13.434           13.700         88.97                         
      1.040          6.213          109.980                12.364           13.439           13.700         89.23                         
      1.050          6.211          109.979                12.364           13.444           13.700         89.50                         
      1.060          6.208          109.979                12.363           13.448           13.700         89.78                         
      1.070          6.206          109.979                12.362           13.453           13.700         90.05                         
      1.080          6.204          109.979                12.361           13.457           13.700         90.32                         
      1.090          6.202          109.978                12.360           13.461           13.700         90.59                         
      1.100          6.199          109.978                12.358           13.464           13.700         90.87                         
      1.110          6.197          109.978                12.356           13.467           13.700         91.15                         
      1.120          6.195          109.978                12.354           13.470           13.700         91.42                         
      1.130          6.193          109.977                12.352           13.473           13.700         91.70                         
      1.140          6.190          109.977                12.349           13.475           13.700         91.98                         
      1.150          6.188          109.977                12.346           13.477           13.700         92.26                         
      1.160          6.186          109.976                12.342           13.479           13.700         92.54                         
      1.170          6.183          109.976                12.338           13.481           13.700         92.82                         
      1.180          6.181          109.976                12.334           13.482           13.700         93.11                         
      1.190          6.179          109.976                12.330           13.483           13.700         93.39                         
      1.200          6.176          109.975                12.325           13.483           13.700         93.67                         
      1.210          6.174          109.975                12.320           13.484           13.700         93.96                         
      1.220          6.172          109.975                12.315           13.484           13.700         94.25                         
      1.230          6.169          109.975                12.309           13.483           13.700         94.53                         
      1.240          6.167          109.974                12.303           13.483           13.700         94.82                         
      1.250          6.164          109.974                12.297           13.482           13.700         95.11                         
      1.260          6.162          109.974                12.290           13.481           13.700         95.40                         
      1.270          6.159          109.973                12.283           13.479           13.700         95.69                         
      1.280          6.157          109.973                12.276           13.477           13.700         95.98                         
      1.290          6.155          109.973                12.268           13.475           13.700         96.28                         
      1.300          6.152          109.973                12.260           13.472           13.700         96.57                         
      1.310          6.150          109.972                12.251           13.469           13.700         96.86                         
      1.320          6.147          109.972                12.243           13.466           13.700         97.16                         
      1.330          6.145          109.972                12.233           13.462           13.700         97.46                         
      1.340          6.142          109.971                12.224           13.458           13.700         97.75                         
      1.350          6.140          109.971                12.214           13.454           13.700         98.05                         
      1.360          6.137          109.971                12.204           13.449           13.700         98.35                         
      1.370          6.135          109.971                12.193           13.444           13.700         98.65                         
      1.380          6.132          109.970                12.182           13.439           13.700         98.96                         
      1.390          6.130          109.970                12.171           13.433           13.700         99.26                         
      1.400          6.127          109.970                12.159           13.427           13.700         99.56                         
      1.410          6.125          109.969                12.147           13.421           13.700         99.87                         
      1.420          6.122          109.969                12.134           13.414           13.700        100.18                         
      1.430          6.120          109.969                12.122           13.407           13.700        100.48                         
      1.440          6.117          109.969                12.108           13.399           13.700        100.79                         
      1.450          6.114          109.968                12.094           13.391           13.700        101.10                         
      1.460          6.112          109.968                12.080           13.382           13.700        101.42                         
      1.470          6.109          109.968                12.066           13.374           13.700        101.73                         
      1.480          6.107          109.967                12.051           13.364           13.700        102.04                         
      1.490          6.104          109.967                12.035           13.355           13.700        102.36                         
      1.500          6.101          109.967                12.019           13.345           13.700        102.68                         
      1.510          6.099          109.966                12.003           13.334           13.700        103.00                         
      1.520          6.096          109.966                11.986           13.323           13.700        103.32                         
      1.530          6.093          109.966                11.969           13.312           13.700        103.64                         
      1.540          6.091          109.966                11.951           13.300           13.700        103.97                         
      1.550          6.088          109.965                11.933           13.288           13.700        104.29                         
      1.560          6.085          109.965                11.914           13.275           13.700        104.62                         
      1.570          6.082          109.965                11.895           13.262           13.700        104.95                         
      1.580          6.080          109.964                11.875           13.248           13.700        105.28                         
      1.590          6.077          109.964                11.855           13.234           13.700        105.62                         
      1.600          6.074          109.964                11.834           13.219           13.700        105.95                         
      1.610          6.071          109.963                11.813           13.204           13.700        106.29                         
      1.620          6.068          109.963                11.791           13.188           13.700        106.63                         
      1.630          6.066          109.963                11.768           13.171           13.700        106.97                         
      1.640          6.063          109.962                11.745           13.155           13.700        107.32                         
      1.650          6.060          109.962                11.722           13.137           13.700        107.66                         
      1.660          6.057          109.962                11.697           13.119           13.700        108.01                         
      1.670          6.054          109.961                11.673           13.101           13.700        108.36                         
      1.680          6.051          109.961                11.647           13.081           13.700        108.72                         
      1.690          6.048          109.961                11.621           13.062           13.700        109.08                         
      1.700          6.045          109.960                11.594           13.041           13.700        109.44                         
      1.710          6.042          109.960                11.567           13.020           13.700        109.80                         
      1.720          6.039          109.960                11.538           12.998           13.700        110.17                         
      1.730          6.036          109.959                11.510           12.976           13.700        110.54                         
      1.740          6.033          109.959                11.480           12.953           13.700        110.91                         
      1.750          6.030          109.959                11.450           12.929           13.700        111.28                         
      1.760          6.027          109.958                11.418           12.904           13.700        111.66                         
      1.770          6.024          109.958                11.386           12.879           13.700        112.05                         
      1.780          6.021          109.958                11.354           12.853           13.700        112.43                         
      1.790          6.018          109.957                11.320           12.826           13.700        112.82                         
      1.800          6.015          109.957                11.285           12.798           13.700        113.22                         
      1.810          6.011          109.957                11.250           12.770           13.700        113.62                         
      1.820          6.008          109.956                11.214           12.740           13.700        114.02                         
      1.830          6.005          109.956                11.176           12.710           13.700        114.42                         
      1.840          6.002          109.956                11.138           12.679           13.700        114.84                         
      1.850          5.998          109.955                11.099           12.647           13.700        115.25                         
      1.860          5.995          109.955                11.059           12.614           13.700        115.67                         
      1.870          5.992          109.955                11.017           12.579           13.700        116.10                         
      1.880          5.988          109.954                10.975           12.544           13.700        116.53                         
      1.890          5.985          109.954                10.931           12.508           13.700        116.96                         
      1.900          5.981          109.954                10.887           12.470           13.700        117.40                         
      1.910          5.978          109.953                10.841           12.432           13.700        117.85                         
      1.920          5.974          109.953                10.793           12.392           13.700        118.30                         
      1.930          5.971          109.952                10.745           12.351           13.700        118.75                         
      1.940          5.967          109.952                10.695           12.309           13.700        119.22                         
      1.950          5.963          109.952                10.644           12.265           13.700        119.69                         
      1.960          5.960          109.951                10.591           12.220           13.700        120.16                         
      1.970          5.956          109.951                10.537           12.174           13.700        120.65                         
      1.980          5.952          109.950                10.481           12.126           13.700        121.13                         
      1.990          5.948          109.950                10.424           12.077           13.700        121.63                         
      2.000          5.944          109.950                10.365           12.026           13.700        122.13                         

