  ¬рем€            U                U                Pij              –г               –т г             ”гол рот         ќтн угол U       
                   601              1002             1001             601              601              601              601              
                                                     1002                                                                                 
                                                     1                                                                                    

                     6.300          110.000                 6.345           13.600           13.600         72.79                         
      0.010          6.300          110.000                 6.345           13.600           13.600         72.79                         
      0.020          6.300          110.000                 6.345           13.600           13.600         72.79                         
      0.030          6.300          110.000                 6.345           13.600           13.600         72.79                         
      0.040          6.300          110.000                 6.345           13.600           13.600         72.79                         
      0.050          6.300          110.000                 6.345           13.600           13.600         72.79                         
      0.060          6.300          110.000                 6.345           13.600           13.600         72.79                         
      0.070          6.300          110.000                 6.345           13.600           13.600         72.79                         
      0.080          6.300          110.000                 6.345           13.600           13.600         72.79                         
      0.090          6.300          110.000                 6.345           13.600           13.600         72.79                         
      0.100          6.300          110.000                 6.345           13.600           13.600         72.79                         
      0.100          6.335          109.995                11.847           12.617           13.600         72.79                         
      0.110          6.335          109.995                11.847           12.617           13.600         72.80                         
      0.120          6.335          109.995                11.848           12.618           13.600         72.80                         
      0.130          6.335          109.995                11.848           12.619           13.600         72.81                         
      0.140          6.335          109.995                11.849           12.620           13.600         72.83                         
      0.150          6.335          109.995                11.851           12.622           13.600         72.85                         
      0.160          6.334          109.995                11.852           12.624           13.600         72.88                         
      0.170          6.334          109.995                11.854           12.626           13.600         72.90                         
      0.180          6.334          109.995                11.856           12.628           13.600         72.94                         
      0.190          6.334          109.995                11.858           12.631           13.600         72.97                         
      0.200          6.333          109.995                11.861           12.635           13.600         73.02                         
      0.210          6.333          109.995                11.863           12.638           13.600         73.06                         
      0.220          6.333          109.994                11.866           12.642           13.600         73.11                         
      0.230          6.332          109.994                11.870           12.646           13.600         73.17                         
      0.240          6.332          109.994                11.873           12.651           13.600         73.23                         
      0.250          6.331          109.994                11.877           12.656           13.600         73.29                         
      0.260          6.331          109.994                11.881           12.661           13.600         73.36                         
      0.270          6.330          109.994                11.885           12.666           13.600         73.43                         
      0.280          6.330          109.994                11.889           12.672           13.600         73.50                         
      0.290          6.329          109.994                11.894           12.678           13.600         73.58                         
      0.300          6.328          109.994                11.899           12.684           13.600         73.67                         
      0.310          6.328          109.994                11.904           12.691           13.600         73.75                         
      0.320          6.327          109.994                11.909           12.698           13.600         73.84                         
      0.330          6.326          109.994                11.914           12.705           13.600         73.94                         
      0.340          6.326          109.994                11.920           12.712           13.600         74.04                         
      0.350          6.325          109.993                11.926           12.720           13.600         74.14                         
      0.360          6.324          109.993                11.932           12.728           13.600         74.25                         
      0.370          6.323          109.993                11.938           12.736           13.600         74.36                         
      0.380          6.322          109.993                11.944           12.744           13.600         74.47                         
      0.390          6.321          109.993                11.950           12.753           13.600         74.59                         
      0.400          6.320          109.993                11.957           12.761           13.600         74.71                         
      0.410          6.319          109.993                11.964           12.770           13.600         74.84                         
      0.420          6.318          109.993                11.970           12.780           13.600         74.96                         
      0.430          6.317          109.993                11.977           12.789           13.600         75.10                         
      0.440          6.316          109.992                11.984           12.798           13.600         75.23                         
      0.450          6.315          109.992                11.992           12.808           13.600         75.37                         
      0.460          6.314          109.992                11.999           12.818           13.600         75.51                         
      0.470          6.313          109.992                12.006           12.828           13.600         75.66                         
      0.480          6.312          109.992                12.014           12.838           13.600         75.81                         
      0.490          6.311          109.992                12.021           12.848           13.600         75.96                         
      0.500          6.310          109.992                12.029           12.859           13.600         76.12                         
      0.510          6.308          109.991                12.036           12.869           13.600         76.28                         
      0.520          6.307          109.991                12.044           12.880           13.600         76.44                         
      0.530          6.306          109.991                12.052           12.891           13.600         76.60                         
      0.540          6.305          109.991                12.060           12.902           13.600         76.77                         
      0.550          6.303          109.991                12.068           12.913           13.600         76.94                         
      0.560          6.302          109.991                12.075           12.924           13.600         77.12                         
      0.570          6.301          109.990                12.083           12.935           13.600         77.29                         
      0.580          6.299          109.990                12.091           12.946           13.600         77.47                         
      0.590          6.298          109.990                12.099           12.957           13.600         77.66                         
      0.600          6.296          109.990                12.107           12.969           13.600         77.84                         
      0.610          6.295          109.990                12.115           12.980           13.600         78.03                         
      0.620          6.293          109.990                12.123           12.991           13.600         78.22                         
      0.630          6.292          109.989                12.131           13.003           13.600         78.41                         
      0.640          6.290          109.989                12.138           13.014           13.600         78.61                         
      0.650          6.289          109.989                12.146           13.025           13.600         78.81                         
      0.660          6.287          109.989                12.154           13.037           13.600         79.01                         
      0.670          6.286          109.989                12.161           13.048           13.600         79.21                         
      0.680          6.284          109.988                12.169           13.059           13.600         79.41                         
      0.690          6.282          109.988                12.176           13.071           13.600         79.62                         
      0.700          6.281          109.988                12.184           13.082           13.600         79.83                         
      0.710          6.279          109.988                12.191           13.093           13.600         80.04                         
      0.720          6.277          109.988                12.198           13.104           13.600         80.26                         
      0.730          6.276          109.987                12.205           13.115           13.600         80.47                         
      0.740          6.274          109.987                12.212           13.127           13.600         80.69                         
      0.750          6.272          109.987                12.219           13.137           13.600         80.91                         
      0.760          6.270          109.987                12.226           13.148           13.600         81.13                         
      0.770          6.269          109.986                12.233           13.159           13.600         81.36                         
      0.780          6.267          109.986                12.239           13.170           13.600         81.58                         
      0.790          6.265          109.986                12.246           13.180           13.600         81.81                         
      0.800          6.263          109.986                12.252           13.191           13.600         82.04                         
      0.810          6.261          109.986                12.258           13.201           13.600         82.27                         
      0.820          6.259          109.985                12.264           13.211           13.600         82.51                         
      0.830          6.258          109.985                12.269           13.222           13.600         82.74                         
      0.840          6.256          109.985                12.275           13.231           13.600         82.98                         
      0.850          6.254          109.985                12.280           13.241           13.600         83.21                         
      0.860          6.252          109.984                12.286           13.251           13.600         83.45                         
      0.870          6.250          109.984                12.291           13.260           13.600         83.69                         
      0.880          6.248          109.984                12.295           13.270           13.600         83.94                         
      0.890          6.246          109.984                12.300           13.279           13.600         84.18                         
      0.900          6.244          109.983                12.305           13.288           13.600         84.42                         
      0.910          6.242          109.983                12.309           13.297           13.600         84.67                         
      0.920          6.240          109.983                12.313           13.305           13.600         84.92                         
      0.930          6.238          109.983                12.317           13.314           13.600         85.16                         
      0.940          6.236          109.982                12.320           13.322           13.600         85.41                         
      0.950          6.234          109.982                12.324           13.330           13.600         85.67                         
      0.960          6.232          109.982                12.327           13.338           13.600         85.92                         
      0.970          6.230          109.982                12.330           13.346           13.600         86.17                         
      0.980          6.228          109.981                12.332           13.353           13.600         86.42                         
      0.990          6.226          109.981                12.335           13.361           13.600         86.68                         
      1.000          6.224          109.981                12.337           13.368           13.600         86.94                         
      1.010          6.222          109.981                12.339           13.374           13.600         87.19                         
      1.020          6.219          109.980                12.341           13.381           13.600         87.45                         
      1.030          6.217          109.980                12.342           13.387           13.600         87.71                         
      1.040          6.215          109.980                12.344           13.393           13.600         87.97                         
      1.050          6.213          109.980                12.345           13.399           13.600         88.23                         
      1.060          6.211          109.979                12.345           13.405           13.600         88.49                         
      1.070          6.209          109.979                12.346           13.410           13.600         88.75                         
      1.080          6.207          109.979                12.346           13.416           13.600         89.02                         
      1.090          6.204          109.979                12.346           13.420           13.600         89.28                         
      1.100          6.202          109.978                12.346           13.425           13.600         89.54                         
      1.110          6.200          109.978                12.345           13.430           13.600         89.81                         
      1.120          6.198          109.978                12.345           13.434           13.600         90.07                         
      1.130          6.196          109.978                12.343           13.438           13.600         90.34                         
      1.140          6.193          109.977                12.342           13.441           13.600         90.61                         
      1.150          6.191          109.977                12.340           13.445           13.600         90.88                         
      1.160          6.189          109.977                12.339           13.448           13.600         91.14                         
      1.170          6.187          109.977                12.336           13.451           13.600         91.41                         
      1.180          6.185          109.976                12.334           13.453           13.600         91.68                         
      1.190          6.182          109.976                12.331           13.456           13.600         91.95                         
      1.200          6.180          109.976                12.328           13.458           13.600         92.22                         
      1.210          6.178          109.976                12.325           13.459           13.600         92.50                         
      1.220          6.176          109.975                12.321           13.461           13.600         92.77                         
      1.230          6.173          109.975                12.317           13.462           13.600         93.04                         
      1.240          6.171          109.975                12.313           13.463           13.600         93.31                         
      1.250          6.169          109.974                12.309           13.464           13.600         93.59                         
      1.260          6.167          109.974                12.304           13.464           13.600         93.86                         
      1.270          6.164          109.974                12.299           13.464           13.600         94.14                         
      1.280          6.162          109.974                12.294           13.464           13.600         94.41                         
      1.290          6.160          109.973                12.288           13.464           13.600         94.69                         
      1.300          6.157          109.973                12.282           13.463           13.600         94.97                         
      1.310          6.155          109.973                12.276           13.462           13.600         95.24                         
      1.320          6.153          109.973                12.269           13.460           13.600         95.52                         
      1.330          6.150          109.972                12.262           13.459           13.600         95.80                         
      1.340          6.148          109.972                12.255           13.457           13.600         96.08                         
      1.350          6.146          109.972                12.248           13.455           13.600         96.36                         
      1.360          6.143          109.972                12.240           13.452           13.600         96.64                         
      1.370          6.141          109.971                12.232           13.449           13.600         96.92                         
      1.380          6.139          109.971                12.224           13.446           13.600         97.20                         
      1.390          6.136          109.971                12.215           13.443           13.600         97.48                         
      1.400          6.134          109.970                12.206           13.439           13.600         97.77                         
      1.410          6.132          109.970                12.197           13.435           13.600         98.05                         
      1.420          6.129          109.970                12.187           13.430           13.600         98.33                         
      1.430          6.127          109.970                12.177           13.426           13.600         98.62                         
      1.440          6.125          109.969                12.167           13.421           13.600         98.90                         
      1.450          6.122          109.969                12.156           13.415           13.600         99.19                         
      1.460          6.120          109.969                12.145           13.410           13.600         99.48                         
      1.470          6.117          109.969                12.134           13.404           13.600         99.77                         
      1.480          6.115          109.968                12.122           13.397           13.600        100.05                         
      1.490          6.113          109.968                12.110           13.390           13.600        100.34                         
      1.500          6.110          109.968                12.098           13.383           13.600        100.63                         
      1.510          6.108          109.967                12.085           13.376           13.600        100.93                         
      1.520          6.105          109.967                12.072           13.368           13.600        101.22                         
      1.530          6.103          109.967                12.058           13.360           13.600        101.51                         
      1.540          6.100          109.967                12.045           13.352           13.600        101.81                         
      1.550          6.098          109.966                12.030           13.343           13.600        102.10                         
      1.560          6.095          109.966                12.016           13.334           13.600        102.40                         
      1.570          6.093          109.966                12.001           13.325           13.600        102.70                         
      1.580          6.090          109.965                11.986           13.315           13.600        103.00                         
      1.590          6.088          109.965                11.970           13.305           13.600        103.30                         
      1.600          6.085          109.965                11.954           13.294           13.600        103.60                         
      1.610          6.083          109.965                11.937           13.283           13.600        103.90                         
      1.620          6.080          109.964                11.920           13.271           13.600        104.21                         
      1.630          6.078          109.964                11.903           13.260           13.600        104.51                         
      1.640          6.075          109.964                11.885           13.247           13.600        104.82                         
      1.650          6.073          109.963                11.867           13.235           13.600        105.13                         
      1.660          6.070          109.963                11.848           13.222           13.600        105.44                         
      1.670          6.068          109.963                11.829           13.208           13.600        105.76                         
      1.680          6.065          109.963                11.809           13.194           13.600        106.07                         
      1.690          6.062          109.962                11.789           13.180           13.600        106.39                         
      1.700          6.060          109.962                11.769           13.165           13.600        106.70                         
      1.710          6.057          109.962                11.748           13.150           13.600        107.02                         
      1.720          6.054          109.961                11.726           13.134           13.600        107.34                         
      1.730          6.052          109.961                11.704           13.118           13.600        107.67                         
      1.740          6.049          109.961                11.682           13.101           13.600        107.99                         
      1.750          6.046          109.961                11.659           13.084           13.600        108.32                         
      1.760          6.044          109.960                11.635           13.066           13.600        108.65                         
      1.770          6.041          109.960                11.611           13.048           13.600        108.99                         
      1.780          6.038          109.960                11.586           13.029           13.600        109.32                         
      1.790          6.035          109.959                11.561           13.009           13.600        109.66                         
      1.800          6.033          109.959                11.535           12.989           13.600        110.00                         
      1.810          6.030          109.959                11.508           12.969           13.600        110.34                         
      1.820          6.027          109.958                11.481           12.948           13.600        110.69                         
      1.830          6.024          109.958                11.453           12.926           13.600        111.04                         
      1.840          6.021          109.958                11.424           12.903           13.600        111.39                         
      1.850          6.018          109.957                11.395           12.880           13.600        111.74                         
      1.860          6.015          109.957                11.365           12.857           13.600        112.10                         
      1.870          6.013          109.957                11.334           12.832           13.600        112.46                         
      1.880          6.010          109.956                11.303           12.807           13.600        112.83                         
      1.890          6.007          109.956                11.271           12.781           13.600        113.20                         
      1.900          6.004          109.956                11.238           12.755           13.600        113.57                         
      1.910          6.001          109.956                11.204           12.727           13.600        113.95                         
      1.920          5.998          109.955                11.169           12.699           13.600        114.32                         
      1.930          5.994          109.955                11.134           12.670           13.600        114.71                         
      1.940          5.991          109.955                11.098           12.640           13.600        115.10                         
      1.950          5.988          109.954                11.060           12.610           13.600        115.49                         
      1.960          5.985          109.954                11.022           12.578           13.600        115.88                         
      1.970          5.982          109.954                10.983           12.546           13.600        116.29                         
      1.980          5.979          109.953                10.943           12.512           13.600        116.69                         
      1.990          5.975          109.953                10.901           12.478           13.600        117.10                         
      2.000          5.972          109.952                10.859           12.442           13.600        117.52                         

