  ¬рем€            U                U                Pij              –г               –т г             ”гол рот         ќтн угол U       
                   601              1002             1001             601              601              601              601              
                                                     1002                                                                                 
                                                     1                                                                                    

                     6.300          110.000                 6.187           13.200           13.200         69.07                         
      0.010          6.300          110.000                 6.187           13.200           13.200         69.07                         
      0.020          6.300          110.000                 6.187           13.200           13.200         69.07                         
      0.030          6.300          110.000                 6.187           13.200           13.200         69.07                         
      0.040          6.300          110.000                 6.187           13.200           13.200         69.07                         
      0.050          6.300          110.000                 6.187           13.200           13.200         69.07                         
      0.060          6.300          110.000                 6.187           13.200           13.200         69.07                         
      0.070          6.300          110.000                 6.187           13.200           13.200         69.07                         
      0.080          6.300          110.000                 6.187           13.200           13.200         69.07                         
      0.090          6.300          110.000                 6.187           13.200           13.200         69.07                         
      0.100          6.300          110.000                 6.187           13.200           13.200         69.07                         
      0.100          6.332          109.994                11.541           12.241           13.200         69.07                         
      0.110          6.332          109.994                11.541           12.241           13.200         69.07                         
      0.120          6.332          109.994                11.542           12.242           13.200         69.07                         
      0.130          6.332          109.994                11.543           12.243           13.200         69.09                         
      0.140          6.332          109.994                11.544           12.244           13.200         69.10                         
      0.150          6.332          109.994                11.545           12.246           13.200         69.12                         
      0.160          6.332          109.994                11.547           12.248           13.200         69.14                         
      0.170          6.331          109.994                11.549           12.251           13.200         69.17                         
      0.180          6.331          109.994                11.551           12.254           13.200         69.21                         
      0.190          6.331          109.994                11.554           12.257           13.200         69.24                         
      0.200          6.331          109.994                11.557           12.261           13.200         69.28                         
      0.210          6.330          109.994                11.560           12.265           13.200         69.33                         
      0.220          6.330          109.994                11.564           12.269           13.200         69.38                         
      0.230          6.330          109.994                11.568           12.274           13.200         69.43                         
      0.240          6.329          109.994                11.572           12.279           13.200         69.49                         
      0.250          6.329          109.994                11.576           12.284           13.200         69.55                         
      0.260          6.328          109.994                11.581           12.290           13.200         69.61                         
      0.270          6.328          109.994                11.586           12.296           13.200         69.68                         
      0.280          6.327          109.994                11.591           12.303           13.200         69.76                         
      0.290          6.327          109.994                11.597           12.310           13.200         69.83                         
      0.300          6.326          109.994                11.602           12.317           13.200         69.91                         
      0.310          6.325          109.994                11.608           12.324           13.200         70.00                         
      0.320          6.325          109.994                11.614           12.332           13.200         70.09                         
      0.330          6.324          109.993                11.621           12.340           13.200         70.18                         
      0.340          6.323          109.993                11.628           12.349           13.200         70.28                         
      0.350          6.323          109.993                11.635           12.357           13.200         70.38                         
      0.360          6.322          109.993                11.642           12.366           13.200         70.48                         
      0.370          6.321          109.993                11.649           12.375           13.200         70.59                         
      0.380          6.320          109.993                11.657           12.385           13.200         70.70                         
      0.390          6.319          109.993                11.664           12.395           13.200         70.81                         
      0.400          6.319          109.993                11.672           12.405           13.200         70.93                         
      0.410          6.318          109.993                11.680           12.415           13.200         71.05                         
      0.420          6.317          109.993                11.688           12.425           13.200         71.17                         
      0.430          6.316          109.992                11.697           12.436           13.200         71.30                         
      0.440          6.315          109.992                11.705           12.447           13.200         71.43                         
      0.450          6.314          109.992                11.714           12.458           13.200         71.57                         
      0.460          6.313          109.992                11.723           12.469           13.200         71.70                         
      0.470          6.312          109.992                11.732           12.481           13.200         71.84                         
      0.480          6.311          109.992                11.741           12.492           13.200         71.99                         
      0.490          6.310          109.992                11.750           12.504           13.200         72.13                         
      0.500          6.309          109.991                11.760           12.516           13.200         72.28                         
      0.510          6.307          109.991                11.769           12.528           13.200         72.44                         
      0.520          6.306          109.991                11.779           12.541           13.200         72.59                         
      0.530          6.305          109.991                11.788           12.553           13.200         72.75                         
      0.540          6.304          109.991                11.798           12.566           13.200         72.91                         
      0.550          6.303          109.991                11.808           12.578           13.200         73.07                         
      0.560          6.301          109.991                11.818           12.591           13.200         73.24                         
      0.570          6.300          109.990                11.827           12.604           13.200         73.41                         
      0.580          6.299          109.990                11.837           12.617           13.200         73.58                         
      0.590          6.297          109.990                11.847           12.630           13.200         73.75                         
      0.600          6.296          109.990                11.857           12.643           13.200         73.93                         
      0.610          6.295          109.990                11.867           12.657           13.200         74.11                         
      0.620          6.293          109.990                11.877           12.670           13.200         74.29                         
      0.630          6.292          109.989                11.887           12.683           13.200         74.47                         
      0.640          6.291          109.989                11.897           12.696           13.200         74.66                         
      0.650          6.289          109.989                11.907           12.710           13.200         74.84                         
      0.660          6.288          109.989                11.917           12.723           13.200         75.03                         
      0.670          6.286          109.989                11.927           12.737           13.200         75.23                         
      0.680          6.285          109.988                11.937           12.750           13.200         75.42                         
      0.690          6.283          109.988                11.947           12.763           13.200         75.61                         
      0.700          6.282          109.988                11.957           12.777           13.200         75.81                         
      0.710          6.280          109.988                11.967           12.790           13.200         76.01                         
      0.720          6.279          109.988                11.976           12.803           13.200         76.21                         
      0.730          6.277          109.987                11.986           12.817           13.200         76.41                         
      0.740          6.276          109.987                11.995           12.830           13.200         76.62                         
      0.750          6.274          109.987                12.005           12.843           13.200         76.82                         
      0.760          6.272          109.987                12.014           12.856           13.200         77.03                         
      0.770          6.271          109.987                12.024           12.869           13.200         77.24                         
      0.780          6.269          109.986                12.033           12.882           13.200         77.45                         
      0.790          6.267          109.986                12.042           12.895           13.200         77.66                         
      0.800          6.266          109.986                12.051           12.908           13.200         77.87                         
      0.810          6.264          109.986                12.060           12.921           13.200         78.08                         
      0.820          6.262          109.986                12.068           12.934           13.200         78.30                         
      0.830          6.261          109.985                12.077           12.946           13.200         78.51                         
      0.840          6.259          109.985                12.086           12.959           13.200         78.73                         
      0.850          6.257          109.985                12.094           12.971           13.200         78.95                         
      0.860          6.256          109.985                12.102           12.983           13.200         79.16                         
      0.870          6.254          109.985                12.110           12.995           13.200         79.38                         
      0.880          6.252          109.984                12.118           13.007           13.200         79.60                         
      0.890          6.250          109.984                12.126           13.019           13.200         79.83                         
      0.900          6.249          109.984                12.133           13.031           13.200         80.05                         
      0.910          6.247          109.984                12.141           13.042           13.200         80.27                         
      0.920          6.245          109.984                12.148           13.054           13.200         80.49                         
      0.930          6.243          109.983                12.155           13.065           13.200         80.72                         
      0.940          6.242          109.983                12.162           13.076           13.200         80.94                         
      0.950          6.240          109.983                12.169           13.087           13.200         81.16                         
      0.960          6.238          109.983                12.176           13.098           13.200         81.39                         
      0.970          6.236          109.982                12.182           13.108           13.200         81.61                         
      0.980          6.235          109.982                12.188           13.119           13.200         81.84                         
      0.990          6.233          109.982                12.194           13.129           13.200         82.07                         
      1.000          6.231          109.982                12.200           13.139           13.200         82.29                         
      1.010          6.229          109.982                12.206           13.149           13.200         82.52                         
      1.020          6.227          109.981                12.211           13.158           13.200         82.74                         
      1.030          6.225          109.981                12.217           13.168           13.200         82.97                         
      1.040          6.224          109.981                12.222           13.177           13.200         83.20                         
      1.050          6.222          109.981                12.227           13.186           13.200         83.43                         
      1.060          6.220          109.980                12.231           13.195           13.200         83.65                         
      1.070          6.218          109.980                12.236           13.204           13.200         83.88                         
      1.080          6.216          109.980                12.240           13.213           13.200         84.11                         
      1.090          6.214          109.980                12.245           13.221           13.200         84.33                         
      1.100          6.213          109.980                12.248           13.229           13.200         84.56                         
      1.110          6.211          109.979                12.252           13.237           13.200         84.78                         
      1.120          6.209          109.979                12.256           13.245           13.200         85.01                         
      1.130          6.207          109.979                12.259           13.253           13.200         85.24                         
      1.140          6.205          109.979                12.262           13.260           13.200         85.46                         
      1.150          6.204          109.978                12.265           13.267           13.200         85.69                         
      1.160          6.202          109.978                12.268           13.274           13.200         85.91                         
      1.170          6.200          109.978                12.271           13.281           13.200         86.14                         
      1.180          6.198          109.978                12.273           13.288           13.200         86.36                         
      1.190          6.196          109.978                12.275           13.294           13.200         86.58                         
      1.200          6.194          109.977                12.277           13.300           13.200         86.81                         
      1.210          6.193          109.977                12.279           13.306           13.200         87.03                         
      1.220          6.191          109.977                12.281           13.312           13.200         87.25                         
      1.230          6.189          109.977                12.282           13.318           13.200         87.47                         
      1.240          6.187          109.976                12.284           13.323           13.200         87.69                         
      1.250          6.185          109.976                12.285           13.328           13.200         87.92                         
      1.260          6.184          109.976                12.286           13.333           13.200         88.14                         
      1.270          6.182          109.976                12.286           13.338           13.200         88.35                         
      1.280          6.180          109.976                12.287           13.343           13.200         88.57                         
      1.290          6.178          109.975                12.287           13.347           13.200         88.79                         
      1.300          6.176          109.975                12.288           13.351           13.200         89.01                         
      1.310          6.175          109.975                12.288           13.355           13.200         89.23                         
      1.320          6.173          109.975                12.287           13.359           13.200         89.44                         
      1.330          6.171          109.975                12.287           13.363           13.200         89.66                         
      1.340          6.169          109.974                12.286           13.366           13.200         89.87                         
      1.350          6.168          109.974                12.286           13.370           13.200         90.08                         
      1.360          6.166          109.974                12.285           13.373           13.200         90.30                         
      1.370          6.164          109.974                12.284           13.376           13.200         90.51                         
      1.380          6.162          109.974                12.283           13.378           13.200         90.72                         
      1.390          6.161          109.973                12.281           13.381           13.200         90.93                         
      1.400          6.159          109.973                12.280           13.383           13.200         91.14                         
      1.410          6.157          109.973                12.278           13.386           13.200         91.35                         
      1.420          6.155          109.973                12.276           13.388           13.200         91.56                         
      1.430          6.154          109.973                12.274           13.390           13.200         91.77                         
      1.440          6.152          109.972                12.272           13.391           13.200         91.97                         
      1.450          6.150          109.972                12.270           13.393           13.200         92.18                         
      1.460          6.149          109.972                12.268           13.394           13.200         92.38                         
      1.470          6.147          109.972                12.265           13.396           13.200         92.59                         
      1.480          6.145          109.972                12.262           13.397           13.200         92.79                         
      1.490          6.143          109.971                12.260           13.398           13.200         92.99                         
      1.500          6.142          109.971                12.257           13.398           13.200         93.19                         
      1.510          6.140          109.971                12.253           13.399           13.200         93.39                         
      1.520          6.139          109.971                12.250           13.399           13.200         93.59                         
      1.530          6.137          109.971                12.247           13.400           13.200         93.79                         
      1.540          6.135          109.970                12.243           13.400           13.200         93.99                         
      1.550          6.134          109.970                12.240           13.400           13.200         94.19                         
      1.560          6.132          109.970                12.236           13.400           13.200         94.38                         
      1.570          6.130          109.970                12.232           13.399           13.200         94.58                         
      1.580          6.129          109.970                12.228           13.399           13.200         94.77                         
      1.590          6.127          109.969                12.224           13.398           13.200         94.97                         
      1.600          6.126          109.969                12.219           13.398           13.200         95.16                         
      1.610          6.124          109.969                12.215           13.397           13.200         95.35                         
      1.620          6.122          109.969                12.210           13.396           13.200         95.54                         
      1.630          6.121          109.969                12.206           13.395           13.200         95.73                         
      1.640          6.119          109.968                12.201           13.394           13.200         95.92                         
      1.650          6.118          109.968                12.196           13.392           13.200         96.11                         
      1.660          6.116          109.968                12.191           13.391           13.200         96.29                         
      1.670          6.114          109.968                12.186           13.389           13.200         96.48                         
      1.680          6.113          109.968                12.181           13.387           13.200         96.67                         
      1.690          6.111          109.968                12.176           13.386           13.200         96.85                         
      1.700          6.110          109.967                12.170           13.384           13.200         97.04                         
      1.710          6.108          109.967                12.165           13.382           13.200         97.22                         
      1.720          6.107          109.967                12.159           13.379           13.200         97.40                         
      1.730          6.105          109.967                12.154           13.377           13.200         97.58                         
      1.740          6.104          109.967                12.148           13.375           13.200         97.76                         
      1.750          6.102          109.967                12.142           13.372           13.200         97.94                         
      1.760          6.101          109.966                12.136           13.369           13.200         98.12                         
      1.770          6.099          109.966                12.130           13.367           13.200         98.30                         
      1.780          6.098          109.966                12.124           13.364           13.200         98.48                         
      1.790          6.096          109.966                12.118           13.361           13.200         98.66                         
      1.800          6.095          109.966                12.111           13.358           13.200         98.83                         
      1.810          6.093          109.966                12.105           13.355           13.200         99.01                         
      1.820          6.092          109.965                12.098           13.351           13.200         99.19                         
      1.830          6.090          109.965                12.092           13.348           13.200         99.36                         
      1.840          6.089          109.965                12.085           13.344           13.200         99.53                         
      1.850          6.088          109.965                12.078           13.341           13.200         99.71                         
      1.860          6.086          109.965                12.071           13.337           13.200         99.88                         
      1.870          6.085          109.965                12.064           13.333           13.200        100.05                         
      1.880          6.083          109.964                12.057           13.329           13.200        100.22                         
      1.890          6.082          109.964                12.050           13.325           13.200        100.39                         
      1.900          6.080          109.964                12.043           13.321           13.200        100.56                         
      1.910          6.079          109.964                12.036           13.317           13.200        100.73                         
      1.920          6.078          109.964                12.028           13.313           13.200        100.90                         
      1.930          6.076          109.964                12.021           13.309           13.200        101.07                         
      1.940          6.075          109.963                12.013           13.304           13.200        101.24                         
      1.950          6.073          109.963                12.006           13.300           13.200        101.41                         
      1.960          6.072          109.963                11.998           13.295           13.200        101.58                         
      1.970          6.071          109.963                11.990           13.290           13.200        101.74                         
      1.980          6.069          109.963                11.982           13.285           13.200        101.91                         
      1.990          6.068          109.963                11.974           13.280           13.200        102.08                         
      2.000          6.066          109.962                11.966           13.275           13.200        102.24                         

