  ¬рем€            U                U                Pij              –г               –т г             ”гол рот         ќтн угол U       
                   601              1002             1001             601              601              601              601              
                                                     1002                                                                                 
                                                     1                                                                                    

                    10.500          110.000                 9.361           20.000           20.000         46.95                         
      0.010         10.500          110.000                 9.361           20.000           20.000         46.95                         
      0.020         10.500          110.000                 9.361           20.000           20.000         46.95                         
      0.030         10.500          110.000                 9.361           20.000           20.000         46.95                         
      0.040         10.500          110.000                 9.361           20.000           20.000         46.95                         
      0.050         10.500          110.000                 9.361           20.000           20.000         46.95                         
      0.060         10.500          110.000                 9.361           20.000           20.000         46.95                         
      0.070         10.500          110.000                 9.361           20.000           20.000         46.95                         
      0.080         10.500          110.000                 9.361           20.000           20.000         46.95                         
      0.090         10.500          110.000                 9.361           20.000           20.000         46.95                         
      0.100         10.500          110.000                 9.361           20.000           20.000         46.95                         
      0.100          9.789          109.304                -0.001            3.001           20.000         46.95                         
      0.110          9.789          109.304                -0.001            3.001           20.000         46.97                         
      0.120          9.789          109.304                -0.001            3.001           20.000         47.03                         
      0.130          9.789          109.304                -0.001            3.001           20.000         47.13                         
      0.140          9.789          109.304                -0.001            3.001           20.000         47.27                         
      0.150          9.789          109.304                -0.001            3.001           20.000         47.45                         
      0.160          9.789          109.304                -0.001            3.001           20.000         47.66                         
      0.170          9.789          109.304                -0.001            3.001           20.000         47.92                         
      0.180          9.789          109.304                -0.001            3.001           20.000         48.21                         
      0.190          9.789          109.304                -0.001            3.001           20.000         48.55                         
      0.200          9.789          109.304                -0.001            3.001           20.000         48.92                         
      0.210          9.789          109.304                -0.001            3.001           20.000         49.33                         
      0.220          9.789          109.304                -0.001            3.001           20.000         49.77                         
      0.230          9.789          109.304                -0.001            3.001           20.000         50.26                         
      0.240          9.789          109.304                -0.001            3.001           20.000         50.78                         
      0.250          9.789          109.304                -0.001            3.001           20.000         51.34                         
      0.260          9.789          109.304                -0.001            3.001           20.000         51.93                         
      0.260         10.494          109.989                17.737           18.912           20.000         51.93                         
      0.270         10.489          109.988                17.877           19.078           20.000         52.55                         
      0.280         10.484          109.987                18.016           19.242           20.000         53.16                         
      0.290         10.479          109.986                18.152           19.404           20.000         53.78                         
      0.300         10.474          109.985                18.286           19.564           20.000         54.39                         
      0.310         10.469          109.984                18.417           19.722           20.000         55.00                         
      0.320         10.464          109.983                18.546           19.877           20.000         55.61                         
      0.330         10.459          109.982                18.672           20.030           20.000         56.22                         
      0.340         10.454          109.981                18.796           20.180           20.000         56.82                         
      0.350         10.448          109.980                18.917           20.328           20.000         57.43                         
      0.360         10.443          109.979                19.036           20.473           20.000         58.03                         
      0.370         10.438          109.978                19.152           20.616           20.000         58.63                         
      0.380         10.433          109.977                19.265           20.756           20.000         59.23                         
      0.390         10.427          109.977                19.376           20.894           20.000         59.82                         
      0.400         10.422          109.976                19.484           21.029           20.000         60.41                         
      0.410         10.417          109.975                19.589           21.161           20.000         61.00                         
      0.420         10.412          109.974                19.691           21.290           20.000         61.59                         
      0.430         10.406          109.973                19.791           21.417           20.000         62.17                         
      0.440         10.401          109.972                19.888           21.541           20.000         62.75                         
      0.450         10.396          109.971                19.982           21.662           20.000         63.32                         
      0.460         10.390          109.970                20.073           21.780           20.000         63.89                         
      0.470         10.385          109.969                20.162           21.895           20.000         64.45                         
      0.480         10.380          109.968                20.248           22.007           20.000         65.01                         
      0.490         10.374          109.967                20.331           22.117           20.000         65.56                         
      0.500         10.369          109.966                20.411           22.224           20.000         66.11                         
      0.510         10.364          109.965                20.489           22.328           20.000         66.66                         
      0.520         10.359          109.964                20.564           22.429           20.000         67.19                         
      0.530         10.354          109.963                20.636           22.527           20.000         67.73                         
      0.540         10.348          109.962                20.706           22.622           20.000         68.25                         
      0.550         10.343          109.961                20.773           22.715           20.000         68.77                         
      0.560         10.338          109.961                20.838           22.804           20.000         69.29                         
      0.570         10.333          109.960                20.900           22.891           20.000         69.79                         
      0.580         10.328          109.959                20.959           22.976           20.000         70.29                         
      0.590         10.323          109.958                21.017           23.057           20.000         70.79                         
      0.600         10.318          109.957                21.071           23.136           20.000         71.27                         
      0.610         10.314          109.956                21.124           23.212           20.000         71.75                         
      0.620         10.309          109.955                21.174           23.286           20.000         72.22                         
      0.630         10.304          109.955                21.222           23.357           20.000         72.69                         
      0.640         10.299          109.954                21.267           23.426           20.000         73.14                         
      0.650         10.295          109.953                21.311           23.492           20.000         73.59                         
      0.660         10.290          109.952                21.352           23.556           20.000         74.03                         
      0.670         10.286          109.951                21.392           23.617           20.000         74.47                         
      0.680         10.281          109.951                21.429           23.676           20.000         74.89                         
      0.690         10.277          109.950                21.465           23.733           20.000         75.31                         
      0.700         10.273          109.949                21.499           23.787           20.000         75.71                         
      0.710         10.269          109.948                21.531           23.839           20.000         76.11                         
      0.720         10.264          109.948                21.561           23.890           20.000         76.51                         
      0.730         10.260          109.947                21.589           23.938           20.000         76.89                         
      0.740         10.257          109.946                21.616           23.984           20.000         77.26                         
      0.750         10.253          109.946                21.641           24.028           20.000         77.63                         
      0.760         10.249          109.945                21.665           24.070           20.000         77.98                         
      0.770         10.245          109.944                21.688           24.110           20.000         78.33                         
      0.780         10.242          109.944                21.709           24.148           20.000         78.67                         
      0.790         10.238          109.943                21.729           24.185           20.000         79.00                         
      0.800         10.235          109.943                21.747           24.220           20.000         79.31                         
      0.810         10.231          109.942                21.764           24.253           20.000         79.62                         
      0.820         10.228          109.942                21.780           24.285           20.000         79.93                         
      0.830         10.225          109.941                21.795           24.315           20.000         80.22                         
      0.840         10.222          109.941                21.809           24.344           20.000         80.50                         
      0.850         10.219          109.940                21.822           24.371           20.000         80.77                         
      0.860         10.216          109.940                21.834           24.396           20.000         81.03                         
      0.870         10.213          109.939                21.846           24.421           20.000         81.29                         
      0.880         10.211          109.939                21.856           24.444           20.000         81.53                         
      0.890         10.208          109.938                21.865           24.465           20.000         81.76                         
      0.900         10.206          109.938                21.874           24.486           20.000         81.99                         
      0.910         10.203          109.938                21.882           24.505           20.000         82.20                         
      0.920         10.201          109.937                21.890           24.523           20.000         82.41                         
      0.930         10.199          109.937                21.896           24.540           20.000         82.60                         
      0.940         10.197          109.936                21.903           24.555           20.000         82.78                         
      0.950         10.195          109.936                21.908           24.570           20.000         82.96                         
      0.960         10.193          109.936                21.913           24.584           20.000         83.12                         
      0.970         10.192          109.936                21.918           24.597           20.000         83.28                         
      0.980         10.190          109.935                21.922           24.608           20.000         83.42                         
      0.990         10.189          109.935                21.926           24.619           20.000         83.56                         
      1.000         10.187          109.935                21.929           24.629           20.000         83.68                         
      1.010         10.186          109.935                21.932           24.638           20.000         83.80                         
      1.020         10.185          109.934                21.935           24.646           20.000         83.90                         
      1.030         10.184          109.934                21.937           24.653           20.000         83.99                         
      1.040         10.183          109.934                21.939           24.660           20.000         84.08                         
      1.050         10.182          109.934                21.941           24.665           20.000         84.15                         
      1.060         10.181          109.934                21.943           24.670           20.000         84.22                         
      1.070         10.181          109.934                21.944           24.674           20.000         84.27                         
      1.080         10.180          109.934                21.945           24.678           20.000         84.31                         
      1.090         10.180          109.934                21.946           24.680           20.000         84.35                         
      1.100         10.180          109.934                21.946           24.682           20.000         84.37                         
      1.110         10.180          109.934                21.946           24.683           20.000         84.38                         
      1.120         10.180          109.934                21.946           24.683           20.000         84.39                         
      1.130         10.180          109.934                21.946           24.682           20.000         84.38                         
      1.140         10.180          109.934                21.946           24.681           20.000         84.36                         
      1.150         10.180          109.934                21.945           24.679           20.000         84.34                         
      1.160         10.181          109.934                21.944           24.676           20.000         84.30                         
      1.170         10.181          109.934                21.943           24.673           20.000         84.25                         
      1.180         10.182          109.934                21.942           24.669           20.000         84.19                         
      1.190         10.182          109.934                21.940           24.663           20.000         84.13                         
      1.200         10.183          109.934                21.939           24.658           20.000         84.05                         
      1.210         10.184          109.934                21.936           24.651           20.000         83.96                         
      1.220         10.185          109.935                21.934           24.643           20.000         83.86                         
      1.230         10.186          109.935                21.931           24.635           20.000         83.76                         
      1.240         10.188          109.935                21.928           24.626           20.000         83.64                         
      1.250         10.189          109.935                21.925           24.615           20.000         83.51                         
      1.260         10.191          109.935                21.921           24.604           20.000         83.37                         
      1.270         10.192          109.936                21.916           24.592           20.000         83.23                         
      1.280         10.194          109.936                21.912           24.579           20.000         83.07                         
      1.290         10.196          109.936                21.906           24.565           20.000         82.90                         
      1.300         10.198          109.937                21.901           24.550           20.000         82.72                         
      1.310         10.200          109.937                21.894           24.534           20.000         82.54                         
      1.320         10.202          109.937                21.887           24.517           20.000         82.34                         
      1.330         10.204          109.938                21.880           24.499           20.000         82.13                         
      1.340         10.207          109.938                21.871           24.479           20.000         81.92                         
      1.350         10.209          109.938                21.863           24.459           20.000         81.69                         
      1.360         10.212          109.939                21.853           24.437           20.000         81.46                         
      1.370         10.214          109.939                21.842           24.414           20.000         81.21                         
      1.380         10.217          109.940                21.831           24.389           20.000         80.96                         
      1.390         10.220          109.940                21.819           24.363           20.000         80.70                         
      1.400         10.223          109.941                21.806           24.336           20.000         80.42                         
      1.410         10.226          109.941                21.792           24.307           20.000         80.14                         
      1.420         10.229          109.942                21.776           24.277           20.000         79.85                         
      1.430         10.232          109.942                21.760           24.245           20.000         79.55                         
      1.440         10.235          109.943                21.743           24.212           20.000         79.24                         
      1.450         10.239          109.943                21.724           24.177           20.000         78.92                         
      1.460         10.242          109.944                21.704           24.140           20.000         78.59                         
      1.470         10.246          109.945                21.683           24.102           20.000         78.26                         
      1.480         10.250          109.945                21.661           24.062           20.000         77.91                         
      1.490         10.253          109.946                21.637           24.020           20.000         77.56                         
      1.500         10.257          109.947                21.612           23.976           20.000         77.20                         
      1.510         10.261          109.947                21.585           23.930           20.000         76.83                         
      1.520         10.265          109.948                21.556           23.882           20.000         76.45                         
      1.530         10.269          109.949                21.526           23.833           20.000         76.06                         
      1.540         10.273          109.949                21.495           23.781           20.000         75.67                         
      1.550         10.277          109.950                21.461           23.727           20.000         75.26                         
      1.560         10.282          109.951                21.426           23.671           20.000         74.85                         
      1.570         10.286          109.951                21.389           23.612           20.000         74.43                         
      1.580         10.291          109.952                21.350           23.552           20.000         74.01                         
      1.590         10.295          109.953                21.309           23.489           20.000         73.57                         
      1.600         10.300          109.954                21.266           23.424           20.000         73.13                         
      1.610         10.304          109.955                21.221           23.357           20.000         72.68                         
      1.620         10.309          109.955                21.174           23.287           20.000         72.23                         
      1.630         10.313          109.956                21.125           23.215           20.000         71.77                         
      1.640         10.318          109.957                21.074           23.140           20.000         71.30                         
      1.650         10.323          109.958                21.021           23.063           20.000         70.82                         
      1.660         10.328          109.959                20.965           22.983           20.000         70.34                         
      1.670         10.333          109.960                20.907           22.901           20.000         69.85                         
      1.680         10.338          109.960                20.847           22.817           20.000         69.36                         
      1.690         10.343          109.961                20.784           22.730           20.000         68.86                         
      1.700         10.348          109.962                20.719           22.640           20.000         68.35                         
      1.710         10.353          109.963                20.652           22.547           20.000         67.84                         
      1.720         10.358          109.964                20.582           22.453           20.000         67.32                         
      1.730         10.363          109.965                20.509           22.355           20.000         66.80                         
      1.740         10.368          109.966                20.435           22.255           20.000         66.28                         
      1.750         10.373          109.967                20.358           22.152           20.000         65.75                         
      1.760         10.378          109.968                20.278           22.047           20.000         65.21                         
      1.770         10.383          109.968                20.196           21.940           20.000         64.67                         
      1.780         10.388          109.969                20.111           21.829           20.000         64.13                         
      1.790         10.393          109.970                20.024           21.717           20.000         63.58                         
      1.800         10.398          109.971                19.935           21.601           20.000         63.03                         
      1.810         10.403          109.972                19.843           21.484           20.000         62.48                         
      1.820         10.408          109.973                19.749           21.364           20.000         61.92                         
      1.830         10.414          109.974                19.652           21.241           20.000         61.37                         
      1.840         10.419          109.975                19.553           21.117           20.000         60.80                         
      1.850         10.424          109.976                19.452           20.990           20.000         60.24                         
      1.860         10.429          109.977                19.349           20.860           20.000         59.68                         
      1.870         10.434          109.978                19.243           20.729           20.000         59.11                         
      1.880         10.439          109.979                19.135           20.596           20.000         58.54                         
      1.890         10.444          109.980                19.025           20.460           20.000         57.98                         
      1.900         10.449          109.980                18.913           20.323           20.000         57.41                         
      1.910         10.453          109.981                18.799           20.184           20.000         56.84                         
      1.920         10.458          109.982                18.683           20.043           20.000         56.27                         
      1.930         10.463          109.983                18.565           19.900           20.000         55.70                         
      1.940         10.468          109.984                18.446           19.756           20.000         55.14                         
      1.950         10.472          109.985                18.324           19.611           20.000         54.57                         
      1.960         10.477          109.986                18.202           19.464           20.000         54.00                         
      1.970         10.482          109.987                18.077           19.316           20.000         53.44                         
      1.980         10.486          109.988                17.952           19.166           20.000         52.88                         
      1.990         10.491          109.988                17.825           19.016           20.000         52.32                         
      2.000         10.495          109.989                17.697           18.865           20.000         51.76                         

