  ¬рем€            U                U                Pij              –г               –т г             ”гол рот         ќтн угол U       
                   601              1002             1001             601              601              601              601              
                                                     1002                                                                                 
                                                     1                                                                                    

                    10.500          110.000                 9.319           19.900           19.900         46.67                         
      0.010         10.500          110.000                 9.319           19.900           19.900         46.67                         
      0.020         10.500          110.000                 9.319           19.900           19.900         46.67                         
      0.030         10.500          110.000                 9.319           19.900           19.900         46.67                         
      0.040         10.500          110.000                 9.319           19.900           19.900         46.67                         
      0.050         10.500          110.000                 9.319           19.900           19.900         46.67                         
      0.060         10.500          110.000                 9.319           19.900           19.900         46.67                         
      0.070         10.500          110.000                 9.319           19.900           19.900         46.67                         
      0.080         10.500          110.000                 9.319           19.900           19.900         46.67                         
      0.090         10.500          110.000                 9.319           19.900           19.900         46.67                         
      0.100         10.500          110.000                 9.319           19.900           19.900         46.67                         
      0.100          9.787          109.303                -0.001            2.999           19.900         46.67                         
      0.110          9.787          109.303                -0.001            2.999           19.900         46.69                         
      0.120          9.787          109.303                -0.001            2.999           19.900         46.75                         
      0.130          9.787          109.303                -0.001            2.999           19.900         46.85                         
      0.140          9.787          109.303                -0.001            2.999           19.900         46.99                         
      0.150          9.787          109.303                -0.001            2.999           19.900         47.16                         
      0.160          9.787          109.303                -0.001            2.999           19.900         47.38                         
      0.170          9.787          109.303                -0.001            2.999           19.900         47.63                         
      0.180          9.787          109.303                -0.001            2.999           19.900         47.93                         
      0.190          9.787          109.303                -0.001            2.999           19.900         48.26                         
      0.200          9.787          109.303                -0.001            2.999           19.900         48.63                         
      0.210          9.787          109.303                -0.001            2.999           19.900         49.03                         
      0.220          9.787          109.303                -0.001            2.999           19.900         49.48                         
      0.230          9.787          109.303                -0.001            2.999           19.900         49.96                         
      0.240          9.787          109.303                -0.001            2.999           19.900         50.48                         
      0.250          9.787          109.303                -0.001            2.999           19.900         51.03                         
      0.260          9.787          109.303                -0.001            2.999           19.900         51.63                         
      0.260         10.494          109.989                17.661           18.823           19.900         51.63                         
      0.270         10.489          109.988                17.802           18.989           19.900         52.24                         
      0.280         10.484          109.987                17.940           19.153           19.900         52.85                         
      0.290         10.479          109.986                18.077           19.315           19.900         53.46                         
      0.300         10.474          109.985                18.211           19.475           19.900         54.07                         
      0.310         10.469          109.984                18.342           19.633           19.900         54.67                         
      0.320         10.464          109.983                18.472           19.788           19.900         55.28                         
      0.330         10.459          109.982                18.598           19.941           19.900         55.88                         
      0.340         10.454          109.981                18.723           20.091           19.900         56.49                         
      0.350         10.449          109.980                18.844           20.240           19.900         57.09                         
      0.360         10.444          109.980                18.963           20.385           19.900         57.69                         
      0.370         10.439          109.979                19.080           20.528           19.900         58.28                         
      0.380         10.433          109.978                19.194           20.669           19.900         58.88                         
      0.390         10.428          109.977                19.305           20.806           19.900         59.47                         
      0.400         10.423          109.976                19.413           20.942           19.900         60.06                         
      0.410         10.418          109.975                19.519           21.074           19.900         60.64                         
      0.420         10.413          109.974                19.622           21.204           19.900         61.22                         
      0.430         10.407          109.973                19.722           21.331           19.900         61.80                         
      0.440         10.402          109.972                19.820           21.455           19.900         62.37                         
      0.450         10.397          109.971                19.915           21.576           19.900         62.94                         
      0.460         10.392          109.970                20.007           21.695           19.900         63.50                         
      0.470         10.386          109.969                20.096           21.811           19.900         64.06                         
      0.480         10.381          109.968                20.183           21.923           19.900         64.62                         
      0.490         10.376          109.967                20.267           22.033           19.900         65.17                         
      0.500         10.371          109.966                20.348           22.141           19.900         65.71                         
      0.510         10.366          109.965                20.426           22.245           19.900         66.25                         
      0.520         10.360          109.964                20.502           22.347           19.900         66.79                         
      0.530         10.355          109.963                20.575           22.445           19.900         67.31                         
      0.540         10.350          109.963                20.646           22.541           19.900         67.84                         
      0.550         10.345          109.962                20.714           22.634           19.900         68.35                         
      0.560         10.340          109.961                20.779           22.724           19.900         68.86                         
      0.570         10.335          109.960                20.842           22.812           19.900         69.36                         
      0.580         10.330          109.959                20.903           22.897           19.900         69.86                         
      0.590         10.325          109.958                20.961           22.979           19.900         70.35                         
      0.600         10.321          109.957                21.016           23.059           19.900         70.83                         
      0.610         10.316          109.957                21.070           23.135           19.900         71.30                         
      0.620         10.311          109.956                21.121           23.210           19.900         71.77                         
      0.630         10.306          109.955                21.169           23.281           19.900         72.23                         
      0.640         10.302          109.954                21.216           23.351           19.900         72.68                         
      0.650         10.297          109.953                21.260           23.417           19.900         73.13                         
      0.660         10.293          109.953                21.303           23.482           19.900         73.56                         
      0.670         10.288          109.952                21.343           23.544           19.900         73.99                         
      0.680         10.284          109.951                21.381           23.603           19.900         74.41                         
      0.690         10.280          109.950                21.418           23.660           19.900         74.82                         
      0.700         10.276          109.950                21.453           23.715           19.900         75.22                         
      0.710         10.271          109.949                21.485           23.768           19.900         75.62                         
      0.720         10.267          109.948                21.516           23.819           19.900         76.01                         
      0.730         10.263          109.948                21.546           23.868           19.900         76.38                         
      0.740         10.260          109.947                21.574           23.914           19.900         76.75                         
      0.750         10.256          109.946                21.600           23.959           19.900         77.11                         
      0.760         10.252          109.946                21.625           24.002           19.900         77.46                         
      0.770         10.249          109.945                21.648           24.042           19.900         77.80                         
      0.780         10.245          109.944                21.670           24.081           19.900         78.13                         
      0.790         10.242          109.944                21.690           24.118           19.900         78.46                         
      0.800         10.238          109.943                21.710           24.154           19.900         78.77                         
      0.810         10.235          109.943                21.728           24.188           19.900         79.07                         
      0.820         10.232          109.942                21.745           24.220           19.900         79.37                         
      0.830         10.229          109.942                21.760           24.250           19.900         79.65                         
      0.840         10.226          109.941                21.775           24.279           19.900         79.93                         
      0.850         10.223          109.941                21.789           24.307           19.900         80.20                         
      0.860         10.220          109.940                21.802           24.333           19.900         80.45                         
      0.870         10.217          109.940                21.813           24.357           19.900         80.70                         
      0.880         10.215          109.939                21.824           24.381           19.900         80.94                         
      0.890         10.212          109.939                21.835           24.403           19.900         81.16                         
      0.900         10.210          109.939                21.844           24.423           19.900         81.38                         
      0.910         10.208          109.938                21.853           24.443           19.900         81.59                         
      0.920         10.206          109.938                21.861           24.461           19.900         81.79                         
      0.930         10.204          109.938                21.868           24.478           19.900         81.97                         
      0.940         10.202          109.937                21.875           24.494           19.900         82.15                         
      0.950         10.200          109.937                21.881           24.509           19.900         82.32                         
      0.960         10.198          109.937                21.886           24.523           19.900         82.48                         
      0.970         10.197          109.936                21.892           24.535           19.900         82.62                         
      0.980         10.195          109.936                21.896           24.547           19.900         82.76                         
      0.990         10.194          109.936                21.900           24.558           19.900         82.89                         
      1.000         10.192          109.936                21.904           24.568           19.900         83.01                         
      1.010         10.191          109.935                21.907           24.577           19.900         83.11                         
      1.020         10.190          109.935                21.910           24.585           19.900         83.21                         
      1.030         10.189          109.935                21.913           24.592           19.900         83.30                         
      1.040         10.188          109.935                21.915           24.598           19.900         83.37                         
      1.050         10.188          109.935                21.917           24.603           19.900         83.44                         
      1.060         10.187          109.935                21.919           24.608           19.900         83.49                         
      1.070         10.187          109.935                21.920           24.612           19.900         83.54                         
      1.080         10.186          109.935                21.921           24.614           19.900         83.58                         
      1.090         10.186          109.935                21.922           24.616           19.900         83.60                         
      1.100         10.186          109.935                21.922           24.618           19.900         83.62                         
      1.110         10.186          109.935                21.922           24.618           19.900         83.62                         
      1.120         10.186          109.935                21.922           24.618           19.900         83.62                         
      1.130         10.186          109.935                21.922           24.616           19.900         83.60                         
      1.140         10.186          109.935                21.921           24.614           19.900         83.58                         
      1.150         10.187          109.935                21.920           24.611           19.900         83.54                         
      1.160         10.187          109.935                21.919           24.608           19.900         83.49                         
      1.170         10.188          109.935                21.917           24.603           19.900         83.44                         
      1.180         10.188          109.935                21.915           24.598           19.900         83.37                         
      1.190         10.189          109.935                21.913           24.592           19.900         83.30                         
      1.200         10.190          109.935                21.910           24.585           19.900         83.21                         
      1.210         10.191          109.935                21.907           24.577           19.900         83.11                         
      1.220         10.192          109.936                21.904           24.568           19.900         83.01                         
      1.230         10.194          109.936                21.900           24.558           19.900         82.89                         
      1.240         10.195          109.936                21.896           24.547           19.900         82.76                         
      1.250         10.197          109.936                21.892           24.536           19.900         82.63                         
      1.260         10.198          109.937                21.887           24.523           19.900         82.48                         
      1.270         10.200          109.937                21.881           24.509           19.900         82.32                         
      1.280         10.202          109.937                21.875           24.494           19.900         82.16                         
      1.290         10.204          109.937                21.868           24.479           19.900         81.98                         
      1.300         10.206          109.938                21.861           24.462           19.900         81.79                         
      1.310         10.208          109.938                21.853           24.444           19.900         81.60                         
      1.320         10.210          109.939                21.844           24.424           19.900         81.39                         
      1.330         10.212          109.939                21.835           24.404           19.900         81.18                         
      1.340         10.215          109.939                21.825           24.382           19.900         80.95                         
      1.350         10.217          109.940                21.814           24.359           19.900         80.72                         
      1.360         10.220          109.940                21.802           24.335           19.900         80.47                         
      1.370         10.223          109.941                21.790           24.309           19.900         80.22                         
      1.380         10.226          109.941                21.776           24.282           19.900         79.95                         
      1.390         10.228          109.942                21.762           24.253           19.900         79.68                         
      1.400         10.231          109.942                21.746           24.223           19.900         79.40                         
      1.410         10.235          109.943                21.730           24.191           19.900         79.11                         
      1.420         10.238          109.943                21.712           24.158           19.900         78.81                         
      1.430         10.241          109.944                21.693           24.123           19.900         78.50                         
      1.440         10.244          109.944                21.673           24.087           19.900         78.18                         
      1.450         10.248          109.945                21.651           24.048           19.900         77.85                         
      1.460         10.252          109.946                21.628           24.008           19.900         77.52                         
      1.470         10.255          109.946                21.604           23.966           19.900         77.17                         
      1.480         10.259          109.947                21.579           23.923           19.900         76.82                         
      1.490         10.263          109.947                21.551           23.877           19.900         76.46                         
      1.500         10.267          109.948                21.523           23.829           19.900         76.08                         
      1.510         10.271          109.949                21.492           23.780           19.900         75.71                         
      1.520         10.275          109.949                21.460           23.728           19.900         75.32                         
      1.530         10.279          109.950                21.427           23.674           19.900         74.92                         
      1.540         10.283          109.951                21.391           23.619           19.900         74.52                         
      1.550         10.287          109.952                21.354           23.561           19.900         74.11                         
      1.560         10.291          109.952                21.315           23.500           19.900         73.69                         
      1.570         10.296          109.953                21.274           23.438           19.900         73.26                         
      1.580         10.300          109.954                21.231           23.373           19.900         72.83                         
      1.590         10.305          109.955                21.186           23.306           19.900         72.39                         
      1.600         10.309          109.955                21.139           23.236           19.900         71.94                         
      1.610         10.314          109.956                21.090           23.164           19.900         71.49                         
      1.620         10.319          109.957                21.038           23.090           19.900         71.02                         
      1.630         10.323          109.958                20.985           23.013           19.900         70.55                         
      1.640         10.328          109.959                20.929           22.934           19.900         70.08                         
      1.650         10.333          109.960                20.871           22.852           19.900         69.60                         
      1.660         10.338          109.960                20.811           22.768           19.900         69.11                         
      1.670         10.343          109.961                20.748           22.681           19.900         68.62                         
      1.680         10.348          109.962                20.683           22.592           19.900         68.12                         
      1.690         10.352          109.963                20.616           22.500           19.900         67.61                         
      1.700         10.357          109.964                20.546           22.406           19.900         67.10                         
      1.710         10.362          109.965                20.474           22.309           19.900         66.59                         
      1.720         10.367          109.966                20.399           22.209           19.900         66.07                         
      1.730         10.372          109.967                20.322           22.107           19.900         65.54                         
      1.740         10.377          109.967                20.243           22.002           19.900         65.01                         
      1.750         10.382          109.968                20.161           21.895           19.900         64.48                         
      1.760         10.388          109.969                20.077           21.785           19.900         63.94                         
      1.770         10.393          109.970                19.990           21.673           19.900         63.40                         
      1.780         10.398          109.971                19.901           21.558           19.900         62.86                         
      1.790         10.403          109.972                19.809           21.441           19.900         62.31                         
      1.800         10.408          109.973                19.715           21.322           19.900         61.76                         
      1.810         10.413          109.974                19.619           21.200           19.900         61.20                         
      1.820         10.418          109.975                19.520           21.076           19.900         60.65                         
      1.830         10.423          109.976                19.419           20.949           19.900         60.09                         
      1.840         10.428          109.977                19.316           20.821           19.900         59.53                         
      1.850         10.433          109.977                19.211           20.690           19.900         58.97                         
      1.860         10.438          109.978                19.103           20.557           19.900         58.40                         
      1.870         10.443          109.979                18.993           20.422           19.900         57.84                         
      1.880         10.447          109.980                18.882           20.285           19.900         57.28                         
      1.890         10.452          109.981                18.768           20.147           19.900         56.71                         
      1.900         10.457          109.982                18.652           20.006           19.900         56.15                         
      1.910         10.462          109.983                18.535           19.864           19.900         55.58                         
      1.920         10.466          109.984                18.416           19.721           19.900         55.02                         
      1.930         10.471          109.985                18.295           19.576           19.900         54.45                         
      1.940         10.476          109.986                18.172           19.429           19.900         53.89                         
      1.950         10.480          109.986                18.048           19.282           19.900         53.33                         
      1.960         10.485          109.987                17.923           19.133           19.900         52.77                         
      1.970         10.489          109.988                17.796           18.983           19.900         52.21                         
      1.980         10.494          109.989                17.669           18.832           19.900         51.66                         
      1.990         10.498          109.990                17.540           18.681           19.900         51.11                         
      2.000         10.502          109.991                17.410           18.528           19.900         50.56                         

