  ¬рем€            U                U                Pij              –г               –т г             ”гол рот         ќтн угол U       
                   601              1002             1001             601              601              601              601              
                                                     1002                                                                                 
                                                     1                                                                                    

                    10.500          110.000                 9.659           20.700           20.700         48.93                         
      0.010         10.500          110.000                 9.659           20.700           20.700         48.93                         
      0.020         10.500          110.000                 9.659           20.700           20.700         48.93                         
      0.030         10.500          110.000                 9.659           20.700           20.700         48.93                         
      0.040         10.500          110.000                 9.659           20.700           20.700         48.93                         
      0.050         10.500          110.000                 9.659           20.700           20.700         48.93                         
      0.060         10.500          110.000                 9.659           20.700           20.700         48.93                         
      0.070         10.500          110.000                 9.659           20.700           20.700         48.93                         
      0.080         10.500          110.000                 9.659           20.700           20.700         48.93                         
      0.090         10.500          110.000                 9.659           20.700           20.700         48.93                         
      0.100         10.500          110.000                 9.659           20.700           20.700         48.93                         
      0.100          9.805          109.307                -0.001            3.011           20.700         48.93                         
      0.110          9.805          109.307                -0.001            3.011           20.700         48.95                         
      0.120          9.805          109.307                -0.001            3.011           20.700         49.01                         
      0.130          9.805          109.307                -0.001            3.011           20.700         49.12                         
      0.140          9.805          109.307                -0.001            3.011           20.700         49.26                         
      0.150          9.805          109.307                -0.001            3.011           20.700         49.45                         
      0.160          9.805          109.307                -0.001            3.011           20.700         49.67                         
      0.170          9.805          109.307                -0.001            3.011           20.700         49.94                         
      0.180          9.805          109.307                -0.001            3.011           20.700         50.25                         
      0.190          9.805          109.307                -0.001            3.011           20.700         50.59                         
      0.200          9.805          109.307                -0.001            3.011           20.700         50.98                         
      0.210          9.805          109.307                -0.001            3.011           20.700         51.40                         
      0.220          9.805          109.307                -0.001            3.011           20.700         51.87                         
      0.230          9.805          109.307                -0.001            3.011           20.700         52.37                         
      0.240          9.805          109.307                -0.001            3.011           20.700         52.92                         
      0.250          9.805          109.307                -0.001            3.011           20.700         53.50                         
      0.260          9.805          109.307                -0.001            3.011           20.700         54.12                         
      0.260         10.493          109.989                18.261           19.531           20.700         54.12                         
      0.270         10.488          109.988                18.400           19.697           20.700         54.76                         
      0.280         10.482          109.987                18.536           19.861           20.700         55.40                         
      0.290         10.477          109.986                18.670           20.022           20.700         56.04                         
      0.300         10.471          109.985                18.801           20.181           20.700         56.67                         
      0.310         10.466          109.984                18.929           20.338           20.700         57.31                         
      0.320         10.461          109.983                19.055           20.492           20.700         57.95                         
      0.330         10.455          109.982                19.178           20.643           20.700         58.58                         
      0.340         10.449          109.981                19.298           20.792           20.700         59.21                         
      0.350         10.444          109.980                19.416           20.938           20.700         59.84                         
      0.360         10.438          109.979                19.530           21.081           20.700         60.47                         
      0.370         10.433          109.978                19.642           21.222           20.700         61.10                         
      0.380         10.427          109.977                19.751           21.360           20.700         61.72                         
      0.390         10.421          109.976                19.857           21.495           20.700         62.34                         
      0.400         10.416          109.975                19.961           21.627           20.700         62.96                         
      0.410         10.410          109.974                20.061           21.756           20.700         63.58                         
      0.420         10.404          109.972                20.158           21.882           20.700         64.19                         
      0.430         10.398          109.971                20.253           22.006           20.700         64.80                         
      0.440         10.393          109.970                20.344           22.126           20.700         65.40                         
      0.450         10.387          109.969                20.433           22.244           20.700         66.00                         
      0.460         10.381          109.968                20.519           22.358           20.700         66.60                         
      0.470         10.375          109.967                20.602           22.470           20.700         67.19                         
      0.480         10.370          109.966                20.682           22.578           20.700         67.78                         
      0.490         10.364          109.965                20.759           22.684           20.700         68.36                         
      0.500         10.358          109.964                20.833           22.787           20.700         68.94                         
      0.510         10.353          109.963                20.905           22.886           20.700         69.51                         
      0.520         10.347          109.962                20.973           22.983           20.700         70.08                         
      0.530         10.341          109.961                21.039           23.077           20.700         70.64                         
      0.540         10.336          109.960                21.102           23.167           20.700         71.20                         
      0.550         10.330          109.959                21.163           23.255           20.700         71.75                         
      0.560         10.325          109.958                21.221           23.340           20.700         72.29                         
      0.570         10.319          109.957                21.276           23.423           20.700         72.83                         
      0.580         10.314          109.957                21.328           23.502           20.700         73.36                         
      0.590         10.308          109.956                21.379           23.579           20.700         73.89                         
      0.600         10.303          109.955                21.426           23.653           20.700         74.41                         
      0.610         10.298          109.954                21.472           23.724           20.700         74.92                         
      0.620         10.292          109.953                21.515           23.793           20.700         75.42                         
      0.630         10.287          109.952                21.555           23.859           20.700         75.92                         
      0.640         10.282          109.951                21.594           23.922           20.700         76.41                         
      0.650         10.277          109.950                21.630           23.983           20.700         76.90                         
      0.660         10.272          109.949                21.664           24.042           20.700         77.37                         
      0.670         10.267          109.949                21.696           24.098           20.700         77.84                         
      0.680         10.262          109.948                21.726           24.152           20.700         78.30                         
      0.690         10.257          109.947                21.754           24.203           20.700         78.76                         
      0.700         10.253          109.946                21.781           24.253           20.700         79.20                         
      0.710         10.248          109.945                21.805           24.300           20.700         79.64                         
      0.720         10.243          109.945                21.828           24.345           20.700         80.07                         
      0.730         10.239          109.944                21.849           24.388           20.700         80.49                         
      0.740         10.234          109.943                21.869           24.429           20.700         80.90                         
      0.750         10.230          109.942                21.887           24.468           20.700         81.31                         
      0.760         10.226          109.942                21.903           24.505           20.700         81.70                         
      0.770         10.221          109.941                21.918           24.540           20.700         82.09                         
      0.780         10.217          109.940                21.932           24.574           20.700         82.47                         
      0.790         10.213          109.940                21.945           24.606           20.700         82.84                         
      0.800         10.209          109.939                21.956           24.636           20.700         83.20                         
      0.810         10.205          109.938                21.966           24.665           20.700         83.56                         
      0.820         10.202          109.938                21.976           24.692           20.700         83.90                         
      0.830         10.198          109.937                21.984           24.718           20.700         84.24                         
      0.840         10.194          109.936                21.991           24.742           20.700         84.56                         
      0.850         10.191          109.936                21.997           24.765           20.700         84.88                         
      0.860         10.187          109.935                22.002           24.786           20.700         85.19                         
      0.870         10.184          109.935                22.007           24.807           20.700         85.49                         
      0.880         10.181          109.934                22.011           24.826           20.700         85.78                         
      0.890         10.178          109.934                22.014           24.844           20.700         86.07                         
      0.900         10.175          109.933                22.017           24.861           20.700         86.34                         
      0.910         10.172          109.933                22.018           24.877           20.700         86.60                         
      0.920         10.169          109.932                22.020           24.891           20.700         86.86                         
      0.930         10.166          109.932                22.021           24.905           20.700         87.11                         
      0.940         10.163          109.931                22.021           24.918           20.700         87.34                         
      0.950         10.161          109.931                22.022           24.930           20.700         87.57                         
      0.960         10.158          109.931                22.021           24.942           20.700         87.79                         
      0.970         10.156          109.930                22.021           24.952           20.700         88.00                         
      0.980         10.154          109.930                22.020           24.962           20.700         88.20                         
      0.990         10.152          109.930                22.019           24.971           20.700         88.39                         
      1.000         10.150          109.929                22.018           24.979           20.700         88.57                         
      1.010         10.148          109.929                22.017           24.987           20.700         88.74                         
      1.020         10.146          109.929                22.015           24.994           20.700         88.90                         
      1.030         10.144          109.928                22.014           25.001           20.700         89.06                         
      1.040         10.143          109.928                22.012           25.007           20.700         89.20                         
      1.050         10.141          109.928                22.011           25.012           20.700         89.34                         
      1.060         10.140          109.928                22.009           25.017           20.700         89.46                         
      1.070         10.138          109.927                22.007           25.022           20.700         89.58                         
      1.080         10.137          109.927                22.006           25.026           20.700         89.69                         
      1.090         10.136          109.927                22.004           25.029           20.700         89.78                         
      1.100         10.135          109.927                22.003           25.033           20.700         89.87                         
      1.110         10.134          109.927                22.002           25.036           20.700         89.95                         
      1.120         10.134          109.927                22.000           25.038           20.700         90.02                         
      1.130         10.133          109.926                21.999           25.040           20.700         90.08                         
      1.140         10.132          109.926                21.999           25.042           20.700         90.13                         
      1.150         10.132          109.926                21.998           25.043           20.700         90.17                         
      1.160         10.131          109.926                21.997           25.044           20.700         90.20                         
      1.170         10.131          109.926                21.997           25.045           20.700         90.22                         
      1.180         10.131          109.926                21.997           25.046           20.700         90.24                         
      1.190         10.131          109.926                21.997           25.046           20.700         90.24                         
      1.200         10.131          109.926                21.997           25.046           20.700         90.23                         
      1.210         10.131          109.926                21.997           25.045           20.700         90.22                         
      1.220         10.132          109.926                21.997           25.044           20.700         90.19                         
      1.230         10.132          109.926                21.998           25.043           20.700         90.16                         
      1.240         10.132          109.926                21.999           25.041           20.700         90.12                         
      1.250         10.133          109.926                22.000           25.040           20.700         90.06                         
      1.260         10.134          109.927                22.001           25.037           20.700         90.00                         
      1.270         10.134          109.927                22.002           25.035           20.700         89.93                         
      1.280         10.135          109.927                22.003           25.032           20.700         89.85                         
      1.290         10.136          109.927                22.005           25.029           20.700         89.76                         
      1.300         10.138          109.927                22.006           25.025           20.700         89.66                         
      1.310         10.139          109.927                22.008           25.021           20.700         89.55                         
      1.320         10.140          109.928                22.009           25.016           20.700         89.43                         
      1.330         10.142          109.928                22.011           25.011           20.700         89.31                         
      1.340         10.143          109.928                22.012           25.005           20.700         89.17                         
      1.350         10.145          109.928                22.014           24.999           20.700         89.02                         
      1.360         10.146          109.929                22.016           24.993           20.700         88.87                         
      1.370         10.148          109.929                22.017           24.985           20.700         88.70                         
      1.380         10.150          109.929                22.018           24.978           20.700         88.53                         
      1.390         10.152          109.930                22.019           24.969           20.700         88.35                         
      1.400         10.154          109.930                22.020           24.960           20.700         88.16                         
      1.410         10.157          109.930                22.021           24.950           20.700         87.96                         
      1.420         10.159          109.931                22.021           24.939           20.700         87.74                         
      1.430         10.161          109.931                22.022           24.928           20.700         87.53                         
      1.440         10.164          109.931                22.021           24.916           20.700         87.30                         
      1.450         10.167          109.932                22.021           24.903           20.700         87.06                         
      1.460         10.169          109.932                22.020           24.889           20.700         86.81                         
      1.470         10.172          109.933                22.018           24.874           20.700         86.56                         
      1.480         10.175          109.933                22.016           24.858           20.700         86.29                         
      1.490         10.178          109.934                22.013           24.841           20.700         86.02                         
      1.500         10.181          109.934                22.010           24.823           20.700         85.74                         
      1.510         10.185          109.935                22.006           24.804           20.700         85.45                         
      1.520         10.188          109.935                22.002           24.783           20.700         85.15                         
      1.530         10.191          109.936                21.996           24.762           20.700         84.84                         
      1.540         10.195          109.936                21.990           24.739           20.700         84.52                         
      1.550         10.198          109.937                21.983           24.714           20.700         84.19                         
      1.560         10.202          109.938                21.974           24.689           20.700         83.86                         
      1.570         10.206          109.938                21.965           24.662           20.700         83.52                         
      1.580         10.210          109.939                21.955           24.633           20.700         83.16                         
      1.590         10.214          109.940                21.944           24.603           20.700         82.80                         
      1.600         10.218          109.940                21.931           24.571           20.700         82.44                         
      1.610         10.222          109.941                21.917           24.538           20.700         82.06                         
      1.620         10.226          109.942                21.902           24.503           20.700         81.68                         
      1.630         10.230          109.942                21.886           24.466           20.700         81.28                         
      1.640         10.234          109.943                21.868           24.427           20.700         80.88                         
      1.650         10.239          109.944                21.848           24.386           20.700         80.47                         
      1.660         10.243          109.945                21.827           24.344           20.700         80.06                         
      1.670         10.248          109.945                21.805           24.299           20.700         79.63                         
      1.680         10.253          109.946                21.781           24.253           20.700         79.20                         
      1.690         10.257          109.947                21.755           24.204           20.700         78.76                         
      1.700         10.262          109.948                21.727           24.153           20.700         78.31                         
      1.710         10.267          109.949                21.697           24.100           20.700         77.86                         
      1.720         10.272          109.949                21.666           24.045           20.700         77.40                         
      1.730         10.277          109.950                21.632           23.987           20.700         76.93                         
      1.740         10.282          109.951                21.597           23.928           20.700         76.45                         
      1.750         10.287          109.952                21.559           23.865           20.700         75.97                         
      1.760         10.292          109.953                21.519           23.801           20.700         75.48                         
      1.770         10.297          109.954                21.478           23.734           20.700         74.99                         
      1.780         10.302          109.955                21.433           23.664           20.700         74.49                         
      1.790         10.307          109.955                21.387           23.592           20.700         73.98                         
      1.800         10.313          109.956                21.338           23.517           20.700         73.47                         
      1.810         10.318          109.957                21.287           23.440           20.700         72.95                         
      1.820         10.323          109.958                21.234           23.360           20.700         72.42                         
      1.830         10.329          109.959                21.178           23.278           20.700         71.89                         
      1.840         10.334          109.960                21.120           23.193           20.700         71.35                         
      1.850         10.340          109.961                21.059           23.105           20.700         70.81                         
      1.860         10.345          109.962                20.995           23.014           20.700         70.27                         
      1.870         10.351          109.963                20.929           22.921           20.700         69.72                         
      1.880         10.356          109.964                20.861           22.825           20.700         69.16                         
      1.890         10.362          109.965                20.790           22.727           20.700         68.60                         
      1.900         10.367          109.966                20.716           22.626           20.700         68.04                         
      1.910         10.373          109.967                20.640           22.522           20.700         67.47                         
      1.920         10.378          109.968                20.561           22.415           20.700         66.90                         
      1.930         10.384          109.969                20.480           22.306           20.700         66.32                         
      1.940         10.389          109.970                20.396           22.194           20.700         65.75                         
      1.950         10.395          109.971                20.309           22.080           20.700         65.16                         
      1.960         10.400          109.972                20.220           21.963           20.700         64.58                         
      1.970         10.406          109.973                20.128           21.843           20.700         64.00                         
      1.980         10.411          109.974                20.034           21.721           20.700         63.41                         
      1.990         10.417          109.975                19.937           21.597           20.700         62.82                         
      2.000         10.422          109.976                19.838           21.470           20.700         62.23                         

