  ¬рем€            U                U                Pij              –г               –т г             ”гол рот         ќтн угол U       
                   601              1002             1001             601              601              601              601              
                                                     1002                                                                                 
                                                     1                                                                                    

                    10.500          110.000                 9.489           20.300           20.300         47.79                         
      0.010         10.500          110.000                 9.489           20.300           20.300         47.79                         
      0.020         10.500          110.000                 9.489           20.300           20.300         47.79                         
      0.030         10.500          110.000                 9.489           20.300           20.300         47.79                         
      0.040         10.500          110.000                 9.489           20.300           20.300         47.79                         
      0.050         10.500          110.000                 9.489           20.300           20.300         47.79                         
      0.060         10.500          110.000                 9.489           20.300           20.300         47.79                         
      0.070         10.500          110.000                 9.489           20.300           20.300         47.79                         
      0.080         10.500          110.000                 9.489           20.300           20.300         47.79                         
      0.090         10.500          110.000                 9.489           20.300           20.300         47.79                         
      0.100         10.500          110.000                 9.489           20.300           20.300         47.79                         
      0.100          9.796          109.305                -0.001            3.005           20.300         47.79                         
      0.110          9.796          109.305                -0.001            3.005           20.300         47.81                         
      0.120          9.796          109.305                -0.001            3.005           20.300         47.87                         
      0.130          9.796          109.305                -0.001            3.005           20.300         47.97                         
      0.140          9.796          109.305                -0.001            3.005           20.300         48.12                         
      0.150          9.796          109.305                -0.001            3.005           20.300         48.30                         
      0.160          9.796          109.305                -0.001            3.005           20.300         48.52                         
      0.170          9.796          109.305                -0.001            3.005           20.300         48.78                         
      0.180          9.796          109.305                -0.001            3.005           20.300         49.08                         
      0.190          9.796          109.305                -0.001            3.005           20.300         49.42                         
      0.200          9.796          109.305                -0.001            3.005           20.300         49.79                         
      0.210          9.796          109.305                -0.001            3.005           20.300         50.21                         
      0.220          9.796          109.305                -0.001            3.005           20.300         50.66                         
      0.230          9.796          109.305                -0.001            3.005           20.300         51.16                         
      0.240          9.796          109.305                -0.001            3.005           20.300         51.69                         
      0.250          9.796          109.305                -0.001            3.005           20.300         52.26                         
      0.260          9.796          109.305                -0.001            3.005           20.300         52.86                         
      0.260         10.493          109.989                17.963           19.178           20.300         52.86                         
      0.270         10.488          109.988                18.103           19.345           20.300         53.49                         
      0.280         10.483          109.987                18.241           19.509           20.300         54.11                         
      0.290         10.478          109.986                18.376           19.670           20.300         54.74                         
      0.300         10.473          109.985                18.508           19.830           20.300         55.36                         
      0.310         10.468          109.984                18.639           19.987           20.300         55.98                         
      0.320         10.462          109.983                18.766           20.142           20.300         56.60                         
      0.330         10.457          109.982                18.891           20.294           20.300         57.22                         
      0.340         10.452          109.981                19.014           20.444           20.300         57.84                         
      0.350         10.446          109.980                19.133           20.591           20.300         58.46                         
      0.360         10.441          109.979                19.250           20.736           20.300         59.07                         
      0.370         10.436          109.978                19.365           20.878           20.300         59.68                         
      0.380         10.430          109.977                19.476           21.017           20.300         60.29                         
      0.390         10.425          109.976                19.585           21.154           20.300         60.90                         
      0.400         10.419          109.975                19.691           21.288           20.300         61.50                         
      0.410         10.414          109.974                19.795           21.419           20.300         62.10                         
      0.420         10.408          109.973                19.895           21.547           20.300         62.70                         
      0.430         10.403          109.972                19.993           21.672           20.300         63.29                         
      0.440         10.397          109.971                20.087           21.795           20.300         63.88                         
      0.450         10.392          109.970                20.179           21.915           20.300         64.46                         
      0.460         10.386          109.969                20.269           22.031           20.300         65.04                         
      0.470         10.381          109.968                20.355           22.145           20.300         65.62                         
      0.480         10.376          109.967                20.438           22.256           20.300         66.19                         
      0.490         10.370          109.966                20.519           22.364           20.300         66.76                         
      0.500         10.365          109.965                20.597           22.469           20.300         67.32                         
      0.510         10.359          109.964                20.672           22.571           20.300         67.87                         
      0.520         10.354          109.963                20.745           22.671           20.300         68.42                         
      0.530         10.348          109.962                20.814           22.767           20.300         68.97                         
      0.540         10.343          109.961                20.881           22.861           20.300         69.51                         
      0.550         10.338          109.961                20.946           22.951           20.300         70.04                         
      0.560         10.333          109.960                21.008           23.039           20.300         70.57                         
      0.570         10.327          109.959                21.067           23.124           20.300         71.09                         
      0.580         10.322          109.958                21.124           23.207           20.300         71.60                         
      0.590         10.317          109.957                21.178           23.286           20.300         72.11                         
      0.600         10.312          109.956                21.230           23.363           20.300         72.61                         
      0.610         10.307          109.955                21.280           23.438           20.300         73.10                         
      0.620         10.302          109.954                21.327           23.509           20.300         73.58                         
      0.630         10.297          109.953                21.372           23.579           20.300         74.06                         
      0.640         10.292          109.953                21.415           23.645           20.300         74.53                         
      0.650         10.287          109.952                21.455           23.709           20.300         75.00                         
      0.660         10.283          109.951                21.494           23.771           20.300         75.45                         
      0.670         10.278          109.950                21.530           23.830           20.300         75.90                         
      0.680         10.273          109.949                21.565           23.887           20.300         76.34                         
      0.690         10.269          109.949                21.598           23.942           20.300         76.77                         
      0.700         10.264          109.948                21.628           23.994           20.300         77.20                         
      0.710         10.260          109.947                21.657           24.045           20.300         77.61                         
      0.720         10.255          109.946                21.685           24.093           20.300         78.02                         
      0.730         10.251          109.946                21.710           24.139           20.300         78.42                         
      0.740         10.247          109.945                21.734           24.183           20.300         78.81                         
      0.750         10.243          109.944                21.757           24.225           20.300         79.19                         
      0.760         10.239          109.944                21.778           24.266           20.300         79.56                         
      0.770         10.235          109.943                21.797           24.304           20.300         79.93                         
      0.780         10.231          109.942                21.816           24.341           20.300         80.28                         
      0.790         10.228          109.942                21.832           24.375           20.300         80.63                         
      0.800         10.224          109.941                21.848           24.409           20.300         80.96                         
      0.810         10.220          109.941                21.863           24.440           20.300         81.29                         
      0.820         10.217          109.940                21.876           24.470           20.300         81.61                         
      0.830         10.214          109.939                21.889           24.499           20.300         81.92                         
      0.840         10.210          109.939                21.900           24.526           20.300         82.22                         
      0.850         10.207          109.938                21.910           24.551           20.300         82.51                         
      0.860         10.204          109.938                21.920           24.576           20.300         82.79                         
      0.870         10.201          109.937                21.929           24.598           20.300         83.07                         
      0.880         10.198          109.937                21.937           24.620           20.300         83.33                         
      0.890         10.195          109.936                21.944           24.641           20.300         83.58                         
      0.900         10.193          109.936                21.950           24.660           20.300         83.83                         
      0.910         10.190          109.936                21.956           24.678           20.300         84.06                         
      0.920         10.188          109.935                21.961           24.695           20.300         84.29                         
      0.930         10.185          109.935                21.966           24.711           20.300         84.50                         
      0.940         10.183          109.934                21.970           24.726           20.300         84.71                         
      0.950         10.181          109.934                21.974           24.740           20.300         84.91                         
      0.960         10.179          109.934                21.977           24.753           20.300         85.09                         
      0.970         10.177          109.933                21.980           24.765           20.300         85.27                         
      0.980         10.175          109.933                21.983           24.776           20.300         85.44                         
      0.990         10.173          109.933                21.985           24.787           20.300         85.59                         
      1.000         10.172          109.932                21.987           24.796           20.300         85.74                         
      1.010         10.170          109.932                21.988           24.805           20.300         85.88                         
      1.020         10.169          109.932                21.990           24.813           20.300         86.01                         
      1.030         10.167          109.932                21.991           24.821           20.300         86.13                         
      1.040         10.166          109.932                21.992           24.828           20.300         86.23                         
      1.050         10.165          109.931                21.993           24.834           20.300         86.33                         
      1.060         10.164          109.931                21.994           24.839           20.300         86.42                         
      1.070         10.163          109.931                21.994           24.844           20.300         86.50                         
      1.080         10.162          109.931                21.995           24.848           20.300         86.57                         
      1.090         10.162          109.931                21.995           24.851           20.300         86.63                         
      1.100         10.161          109.931                21.995           24.854           20.300         86.68                         
      1.110         10.161          109.931                21.996           24.857           20.300         86.72                         
      1.120         10.160          109.931                21.996           24.858           20.300         86.75                         
      1.130         10.160          109.931                21.996           24.859           20.300         86.77                         
      1.140         10.160          109.931                21.996           24.860           20.300         86.78                         
      1.150         10.160          109.931                21.996           24.860           20.300         86.78                         
      1.160         10.160          109.931                21.996           24.860           20.300         86.77                         
      1.170         10.160          109.931                21.996           24.858           20.300         86.75                         
      1.180         10.161          109.931                21.996           24.857           20.300         86.72                         
      1.190         10.161          109.931                21.995           24.854           20.300         86.68                         
      1.200         10.162          109.931                21.995           24.852           20.300         86.63                         
      1.210         10.162          109.931                21.995           24.848           20.300         86.57                         
      1.220         10.163          109.931                21.994           24.844           20.300         86.50                         
      1.230         10.164          109.931                21.994           24.839           20.300         86.43                         
      1.240         10.165          109.931                21.993           24.834           20.300         86.34                         
      1.250         10.166          109.932                21.992           24.828           20.300         86.24                         
      1.260         10.167          109.932                21.991           24.821           20.300         86.13                         
      1.270         10.169          109.932                21.990           24.814           20.300         86.01                         
      1.280         10.170          109.932                21.989           24.806           20.300         85.89                         
      1.290         10.172          109.932                21.987           24.797           20.300         85.75                         
      1.300         10.173          109.933                21.985           24.787           20.300         85.60                         
      1.310         10.175          109.933                21.983           24.777           20.300         85.45                         
      1.320         10.177          109.933                21.980           24.766           20.300         85.28                         
      1.330         10.179          109.934                21.977           24.754           20.300         85.11                         
      1.340         10.181          109.934                21.974           24.741           20.300         84.92                         
      1.350         10.183          109.934                21.970           24.727           20.300         84.73                         
      1.360         10.185          109.935                21.966           24.712           20.300         84.52                         
      1.370         10.187          109.935                21.962           24.696           20.300         84.31                         
      1.380         10.190          109.935                21.957           24.680           20.300         84.09                         
      1.390         10.192          109.936                21.951           24.662           20.300         83.85                         
      1.400         10.195          109.936                21.944           24.643           20.300         83.61                         
      1.410         10.198          109.937                21.937           24.623           20.300         83.36                         
      1.420         10.201          109.937                21.930           24.601           20.300         83.10                         
      1.430         10.204          109.938                21.921           24.579           20.300         82.83                         
      1.440         10.207          109.938                21.912           24.555           20.300         82.55                         
      1.450         10.210          109.939                21.901           24.530           20.300         82.26                         
      1.460         10.213          109.939                21.890           24.503           20.300         81.97                         
      1.470         10.216          109.940                21.878           24.475           20.300         81.66                         
      1.480         10.220          109.940                21.865           24.445           20.300         81.35                         
      1.490         10.223          109.941                21.851           24.414           20.300         81.02                         
      1.500         10.227          109.942                21.836           24.382           20.300         80.69                         
      1.510         10.231          109.942                21.819           24.348           20.300         80.35                         
      1.520         10.234          109.943                21.801           24.312           20.300         80.00                         
      1.530         10.238          109.943                21.782           24.274           20.300         79.64                         
      1.540         10.242          109.944                21.762           24.235           20.300         79.28                         
      1.550         10.246          109.945                21.740           24.193           20.300         78.90                         
      1.560         10.250          109.946                21.716           24.150           20.300         78.52                         
      1.570         10.254          109.946                21.692           24.105           20.300         78.12                         
      1.580         10.259          109.947                21.665           24.058           20.300         77.73                         
      1.590         10.263          109.948                21.637           24.009           20.300         77.32                         
      1.600         10.267          109.948                21.607           23.958           20.300         76.90                         
      1.610         10.272          109.949                21.575           23.905           20.300         76.48                         
      1.620         10.276          109.950                21.542           23.849           20.300         76.05                         
      1.630         10.281          109.951                21.507           23.792           20.300         75.61                         
      1.640         10.286          109.951                21.470           23.732           20.300         75.16                         
      1.650         10.290          109.952                21.430           23.670           20.300         74.71                         
      1.660         10.295          109.953                21.389           23.605           20.300         74.25                         
      1.670         10.300          109.954                21.346           23.538           20.300         73.78                         
      1.680         10.305          109.955                21.300           23.469           20.300         73.31                         
      1.690         10.310          109.956                21.253           23.397           20.300         72.83                         
      1.700         10.315          109.956                21.203           23.323           20.300         72.34                         
      1.710         10.320          109.957                21.151           23.246           20.300         71.85                         
      1.720         10.325          109.958                21.097           23.167           20.300         71.35                         
      1.730         10.330          109.959                21.040           23.085           20.300         70.85                         
      1.740         10.335          109.960                20.981           23.001           20.300         70.34                         
      1.750         10.340          109.961                20.919           22.914           20.300         69.82                         
      1.760         10.345          109.962                20.856           22.824           20.300         69.30                         
      1.770         10.350          109.963                20.789           22.732           20.300         68.77                         
      1.780         10.356          109.964                20.720           22.637           20.300         68.24                         
      1.790         10.361          109.965                20.649           22.540           20.300         67.70                         
      1.800         10.366          109.966                20.575           22.440           20.300         67.16                         
      1.810         10.371          109.966                20.499           22.337           20.300         66.61                         
      1.820         10.377          109.967                20.420           22.232           20.300         66.06                         
      1.830         10.382          109.968                20.339           22.124           20.300         65.51                         
      1.840         10.387          109.969                20.255           22.014           20.300         64.95                         
      1.850         10.393          109.970                20.169           21.901           20.300         64.39                         
      1.860         10.398          109.971                20.080           21.785           20.300         63.83                         
      1.870         10.403          109.972                19.989           21.667           20.300         63.26                         
      1.880         10.408          109.973                19.895           21.547           20.300         62.69                         
      1.890         10.414          109.974                19.799           21.424           20.300         62.12                         
      1.900         10.419          109.975                19.700           21.299           20.300         61.55                         
      1.910         10.424          109.976                19.599           21.171           20.300         60.97                         
      1.920         10.429          109.977                19.496           21.042           20.300         60.40                         
      1.930         10.434          109.978                19.390           20.910           20.300         59.82                         
      1.940         10.440          109.979                19.283           20.776           20.300         59.24                         
      1.950         10.445          109.980                19.173           20.640           20.300         58.66                         
      1.960         10.450          109.981                19.061           20.502           20.300         58.08                         
      1.970         10.455          109.982                18.947           20.362           20.300         57.50                         
      1.980         10.460          109.983                18.831           20.221           20.300         56.92                         
      1.990         10.465          109.983                18.713           20.077           20.300         56.35                         
      2.000         10.469          109.984                18.594           19.933           20.300         55.77                         

