  ¬рем€            U                U                Pij              –г               –т г             ”гол рот         ќтн угол U       
                   601              1002             1001             601              601              601              601              
                                                     1002                                                                                 
                                                     1                                                                                    

                    10.500          110.000                 9.447           20.200           20.200         47.51                         
      0.010         10.500          110.000                 9.447           20.200           20.200         47.51                         
      0.020         10.500          110.000                 9.447           20.200           20.200         47.51                         
      0.030         10.500          110.000                 9.447           20.200           20.200         47.51                         
      0.040         10.500          110.000                 9.447           20.200           20.200         47.51                         
      0.050         10.500          110.000                 9.447           20.200           20.200         47.51                         
      0.060         10.500          110.000                 9.447           20.200           20.200         47.51                         
      0.070         10.500          110.000                 9.447           20.200           20.200         47.51                         
      0.080         10.500          110.000                 9.447           20.200           20.200         47.51                         
      0.090         10.500          110.000                 9.447           20.200           20.200         47.51                         
      0.100         10.500          110.000                 9.447           20.200           20.200         47.51                         
      0.100          9.794          109.305                -0.001            3.003           20.200         47.51                         
      0.110          9.794          109.305                -0.001            3.003           20.200         47.53                         
      0.120          9.794          109.305                -0.001            3.003           20.200         47.59                         
      0.130          9.794          109.305                -0.001            3.003           20.200         47.69                         
      0.140          9.794          109.305                -0.001            3.003           20.200         47.83                         
      0.150          9.794          109.305                -0.001            3.003           20.200         48.01                         
      0.160          9.794          109.305                -0.001            3.003           20.200         48.23                         
      0.170          9.794          109.305                -0.001            3.003           20.200         48.49                         
      0.180          9.794          109.305                -0.001            3.003           20.200         48.79                         
      0.190          9.794          109.305                -0.001            3.003           20.200         49.13                         
      0.200          9.794          109.305                -0.001            3.003           20.200         49.50                         
      0.210          9.794          109.305                -0.001            3.003           20.200         49.91                         
      0.220          9.794          109.305                -0.001            3.003           20.200         50.37                         
      0.230          9.794          109.305                -0.001            3.003           20.200         50.86                         
      0.240          9.794          109.305                -0.001            3.003           20.200         51.38                         
      0.250          9.794          109.305                -0.001            3.003           20.200         51.95                         
      0.260          9.794          109.305                -0.001            3.003           20.200         52.55                         
      0.260         10.493          109.989                17.888           19.090           20.200         52.55                         
      0.270         10.488          109.988                18.028           19.256           20.200         53.18                         
      0.280         10.483          109.987                18.166           19.420           20.200         53.80                         
      0.290         10.478          109.986                18.301           19.582           20.200         54.42                         
      0.300         10.473          109.985                18.435           19.742           20.200         55.04                         
      0.310         10.468          109.984                18.565           19.899           20.200         55.66                         
      0.320         10.463          109.983                18.693           20.054           20.200         56.27                         
      0.330         10.458          109.982                18.819           20.206           20.200         56.89                         
      0.340         10.452          109.981                18.942           20.356           20.200         57.50                         
      0.350         10.447          109.980                19.062           20.504           20.200         58.11                         
      0.360         10.442          109.979                19.179           20.649           20.200         58.72                         
      0.370         10.436          109.978                19.294           20.791           20.200         59.33                         
      0.380         10.431          109.977                19.406           20.931           20.200         59.94                         
      0.390         10.426          109.976                19.516           21.068           20.200         60.54                         
      0.400         10.420          109.975                19.623           21.202           20.200         61.14                         
      0.410         10.415          109.974                19.727           21.333           20.200         61.73                         
      0.420         10.409          109.973                19.828           21.462           20.200         62.33                         
      0.430         10.404          109.972                19.926           21.588           20.200         62.91                         
      0.440         10.399          109.971                20.022           21.711           20.200         63.50                         
      0.450         10.393          109.970                20.114           21.831           20.200         64.08                         
      0.460         10.388          109.969                20.204           21.948           20.200         64.66                         
      0.470         10.382          109.968                20.291           22.062           20.200         65.23                         
      0.480         10.377          109.967                20.376           22.174           20.200         65.80                         
      0.490         10.372          109.966                20.457           22.282           20.200         66.36                         
      0.500         10.366          109.966                20.536           22.388           20.200         66.91                         
      0.510         10.361          109.965                20.612           22.491           20.200         67.47                         
      0.520         10.355          109.964                20.685           22.591           20.200         68.01                         
      0.530         10.350          109.963                20.756           22.688           20.200         68.55                         
      0.540         10.345          109.962                20.824           22.782           20.200         69.09                         
      0.550         10.340          109.961                20.889           22.873           20.200         69.62                         
      0.560         10.334          109.960                20.952           22.962           20.200         70.14                         
      0.570         10.329          109.959                21.012           23.048           20.200         70.65                         
      0.580         10.324          109.958                21.070           23.131           20.200         71.16                         
      0.590         10.319          109.957                21.125           23.211           20.200         71.66                         
      0.600         10.314          109.956                21.178           23.289           20.200         72.16                         
      0.610         10.309          109.956                21.229           23.364           20.200         72.65                         
      0.620         10.304          109.955                21.277           23.436           20.200         73.13                         
      0.630         10.299          109.954                21.323           23.506           20.200         73.60                         
      0.640         10.295          109.953                21.367           23.573           20.200         74.07                         
      0.650         10.290          109.952                21.408           23.638           20.200         74.53                         
      0.660         10.285          109.951                21.448           23.700           20.200         74.98                         
      0.670         10.280          109.951                21.486           23.760           20.200         75.42                         
      0.680         10.276          109.950                21.521           23.818           20.200         75.86                         
      0.690         10.271          109.949                21.555           23.873           20.200         76.28                         
      0.700         10.267          109.948                21.587           23.927           20.200         76.70                         
      0.710         10.263          109.948                21.617           23.978           20.200         77.11                         
      0.720         10.259          109.947                21.645           24.026           20.200         77.51                         
      0.730         10.254          109.946                21.671           24.073           20.200         77.91                         
      0.740         10.250          109.945                21.696           24.118           20.200         78.29                         
      0.750         10.246          109.945                21.720           24.161           20.200         78.67                         
      0.760         10.242          109.944                21.742           24.202           20.200         79.03                         
      0.770         10.238          109.943                21.763           24.241           20.200         79.39                         
      0.780         10.235          109.943                21.782           24.278           20.200         79.74                         
      0.790         10.231          109.942                21.800           24.314           20.200         80.08                         
      0.800         10.228          109.942                21.816           24.347           20.200         80.41                         
      0.810         10.224          109.941                21.832           24.380           20.200         80.73                         
      0.820         10.221          109.940                21.846           24.410           20.200         81.05                         
      0.830         10.217          109.940                21.860           24.439           20.200         81.35                         
      0.840         10.214          109.939                21.872           24.467           20.200         81.64                         
      0.850         10.211          109.939                21.883           24.493           20.200         81.93                         
      0.860         10.208          109.938                21.894           24.518           20.200         82.20                         
      0.870         10.205          109.938                21.903           24.541           20.200         82.47                         
      0.880         10.202          109.937                21.912           24.563           20.200         82.73                         
      0.890         10.200          109.937                21.920           24.584           20.200         82.97                         
      0.900         10.197          109.937                21.927           24.604           20.200         83.21                         
      0.910         10.195          109.936                21.934           24.622           20.200         83.44                         
      0.920         10.192          109.936                21.940           24.640           20.200         83.66                         
      0.930         10.190          109.935                21.945           24.656           20.200         83.86                         
      0.940         10.188          109.935                21.950           24.671           20.200         84.06                         
      0.950         10.186          109.935                21.955           24.686           20.200         84.25                         
      0.960         10.184          109.934                21.959           24.699           20.200         84.43                         
      0.970         10.182          109.934                21.962           24.711           20.200         84.60                         
      0.980         10.180          109.934                21.965           24.723           20.200         84.76                         
      0.990         10.178          109.934                21.968           24.734           20.200         84.91                         
      1.000         10.177          109.933                21.971           24.743           20.200         85.05                         
      1.010         10.175          109.933                21.973           24.752           20.200         85.18                         
      1.020         10.174          109.933                21.975           24.761           20.200         85.30                         
      1.030         10.173          109.933                21.976           24.768           20.200         85.41                         
      1.040         10.172          109.932                21.978           24.775           20.200         85.51                         
      1.050         10.171          109.932                21.979           24.781           20.200         85.60                         
      1.060         10.170          109.932                21.980           24.786           20.200         85.68                         
      1.070         10.169          109.932                21.981           24.791           20.200         85.75                         
      1.080         10.168          109.932                21.982           24.794           20.200         85.81                         
      1.090         10.168          109.932                21.982           24.798           20.200         85.86                         
      1.100         10.167          109.932                21.983           24.800           20.200         85.90                         
      1.110         10.167          109.932                21.983           24.802           20.200         85.93                         
      1.120         10.167          109.932                21.984           24.804           20.200         85.95                         
      1.130         10.167          109.932                21.984           24.804           20.200         85.96                         
      1.140         10.167          109.932                21.984           24.804           20.200         85.96                         
      1.150         10.167          109.932                21.984           24.804           20.200         85.96                         
      1.160         10.167          109.932                21.983           24.802           20.200         85.94                         
      1.170         10.167          109.932                21.983           24.801           20.200         85.91                         
      1.180         10.168          109.932                21.983           24.798           20.200         85.87                         
      1.190         10.168          109.932                21.982           24.795           20.200         85.82                         
      1.200         10.169          109.932                21.981           24.791           20.200         85.76                         
      1.210         10.170          109.932                21.980           24.787           20.200         85.69                         
      1.220         10.171          109.932                21.979           24.782           20.200         85.61                         
      1.230         10.172          109.932                21.978           24.776           20.200         85.52                         
      1.240         10.173          109.933                21.977           24.769           20.200         85.43                         
      1.250         10.174          109.933                21.975           24.762           20.200         85.32                         
      1.260         10.175          109.933                21.973           24.754           20.200         85.20                         
      1.270         10.177          109.933                21.971           24.745           20.200         85.07                         
      1.280         10.178          109.933                21.969           24.735           20.200         84.93                         
      1.290         10.180          109.934                21.966           24.725           20.200         84.79                         
      1.300         10.182          109.934                21.963           24.714           20.200         84.63                         
      1.310         10.183          109.934                21.959           24.701           20.200         84.46                         
      1.320         10.185          109.935                21.955           24.688           20.200         84.29                         
      1.330         10.187          109.935                21.951           24.674           20.200         84.10                         
      1.340         10.190          109.935                21.946           24.659           20.200         83.90                         
      1.350         10.192          109.936                21.941           24.643           20.200         83.70                         
      1.360         10.194          109.936                21.935           24.626           20.200         83.48                         
      1.370         10.197          109.937                21.929           24.608           20.200         83.26                         
      1.380         10.199          109.937                21.922           24.588           20.200         83.02                         
      1.390         10.202          109.937                21.914           24.568           20.200         82.78                         
      1.400         10.205          109.938                21.905           24.546           20.200         82.53                         
      1.410         10.207          109.938                21.896           24.523           20.200         82.27                         
      1.420         10.210          109.939                21.886           24.499           20.200         82.00                         
      1.430         10.213          109.939                21.875           24.473           20.200         81.72                         
      1.440         10.217          109.940                21.863           24.446           20.200         81.43                         
      1.450         10.220          109.940                21.850           24.418           20.200         81.13                         
      1.460         10.223          109.941                21.836           24.388           20.200         80.82                         
      1.470         10.227          109.941                21.821           24.357           20.200         80.50                         
      1.480         10.230          109.942                21.805           24.324           20.200         80.18                         
      1.490         10.234          109.943                21.787           24.289           20.200         79.84                         
      1.500         10.237          109.943                21.769           24.253           20.200         79.50                         
      1.510         10.241          109.944                21.749           24.214           20.200         79.15                         
      1.520         10.245          109.945                21.727           24.175           20.200         78.79                         
      1.530         10.249          109.945                21.705           24.133           20.200         78.42                         
      1.540         10.253          109.946                21.680           24.089           20.200         78.04                         
      1.550         10.257          109.947                21.655           24.044           20.200         77.66                         
      1.560         10.261          109.947                21.627           23.996           20.200         77.26                         
      1.570         10.265          109.948                21.599           23.947           20.200         76.86                         
      1.580         10.270          109.949                21.568           23.895           20.200         76.45                         
      1.590         10.274          109.949                21.535           23.842           20.200         76.04                         
      1.600         10.279          109.950                21.501           23.786           20.200         75.61                         
      1.610         10.283          109.951                21.465           23.728           20.200         75.18                         
      1.620         10.288          109.952                21.427           23.667           20.200         74.74                         
      1.630         10.292          109.953                21.387           23.605           20.200         74.29                         
      1.640         10.297          109.953                21.345           23.540           20.200         73.84                         
      1.650         10.302          109.954                21.301           23.473           20.200         73.38                         
      1.660         10.306          109.955                21.255           23.403           20.200         72.91                         
      1.670         10.311          109.956                21.207           23.331           20.200         72.43                         
      1.680         10.316          109.957                21.156           23.256           20.200         71.95                         
      1.690         10.321          109.958                21.103           23.179           20.200         71.46                         
      1.700         10.326          109.958                21.048           23.099           20.200         70.97                         
      1.710         10.331          109.959                20.991           23.017           20.200         70.47                         
      1.720         10.336          109.960                20.931           22.933           20.200         69.96                         
      1.730         10.341          109.961                20.869           22.845           20.200         69.45                         
      1.740         10.346          109.962                20.805           22.755           20.200         68.94                         
      1.750         10.352          109.963                20.738           22.663           20.200         68.41                         
      1.760         10.357          109.964                20.668           22.568           20.200         67.89                         
      1.770         10.362          109.965                20.597           22.470           20.200         67.35                         
      1.780         10.367          109.966                20.522           22.370           20.200         66.82                         
      1.790         10.372          109.967                20.446           22.267           20.200         66.28                         
      1.800         10.378          109.968                20.366           22.161           20.200         65.73                         
      1.810         10.383          109.968                20.284           22.053           20.200         65.18                         
      1.820         10.388          109.969                20.200           21.943           20.200         64.63                         
      1.830         10.393          109.970                20.113           21.830           20.200         64.07                         
      1.840         10.398          109.971                20.024           21.714           20.200         63.51                         
      1.850         10.404          109.972                19.932           21.596           20.200         62.95                         
      1.860         10.409          109.973                19.838           21.475           20.200         62.39                         
      1.870         10.414          109.974                19.742           21.352           20.200         61.82                         
      1.880         10.419          109.975                19.643           21.227           20.200         61.25                         
      1.890         10.424          109.976                19.541           21.100           20.200         60.68                         
      1.900         10.430          109.977                19.438           20.970           20.200         60.11                         
      1.910         10.435          109.978                19.332           20.838           20.200         59.53                         
      1.920         10.440          109.979                19.224           20.704           20.200         58.96                         
      1.930         10.445          109.980                19.114           20.568           20.200         58.38                         
      1.940         10.450          109.981                19.002           20.430           20.200         57.81                         
      1.950         10.455          109.982                18.888           20.290           20.200         57.23                         
      1.960         10.460          109.983                18.771           20.149           20.200         56.66                         
      1.970         10.464          109.983                18.653           20.006           20.200         56.08                         
      1.980         10.469          109.984                18.534           19.861           20.200         55.51                         
      1.990         10.474          109.985                18.412           19.715           20.200         54.93                         
      2.000         10.479          109.986                18.289           19.567           20.200         54.36                         

