  ¬рем€            U                U                Pij              –г               –т г             ”гол рот         ќтн угол U       
                   601              1002             1001             601              601              601              601              
                                                     1002                                                                                 
                                                     1                                                                                    

                     6.300          110.000                 5.333           11.200           11.200         54.59                         
      0.010          6.300          110.000                 5.333           11.200           11.200         54.59                         
      0.020          6.300          110.000                 5.333           11.200           11.200         54.59                         
      0.030          6.300          110.000                 5.333           11.200           11.200         54.59                         
      0.040          6.300          110.000                 5.333           11.200           11.200         54.59                         
      0.050          6.300          110.000                 5.333           11.200           11.200         54.59                         
      0.060          6.300          110.000                 5.333           11.200           11.200         54.59                         
      0.070          6.300          110.000                 5.333           11.200           11.200         54.59                         
      0.080          6.300          110.000                 5.333           11.200           11.200         54.59                         
      0.090          6.300          110.000                 5.333           11.200           11.200         54.59                         
      0.100          6.300          110.000                 5.333           11.200           11.200         54.59                         
      0.100          6.323          109.993                 9.917           10.369           11.200         54.59                         
      0.110          6.323          109.993                 9.917           10.369           11.200         54.59                         
      0.120          6.323          109.993                 9.918           10.370           11.200         54.59                         
      0.130          6.322          109.993                 9.919           10.371           11.200         54.60                         
      0.140          6.322          109.993                 9.921           10.373           11.200         54.62                         
      0.150          6.322          109.993                 9.923           10.375           11.200         54.63                         
      0.160          6.322          109.993                 9.925           10.378           11.200         54.65                         
      0.170          6.322          109.993                 9.928           10.381           11.200         54.68                         
      0.180          6.322          109.993                 9.932           10.385           11.200         54.71                         
      0.190          6.322          109.993                 9.935           10.389           11.200         54.74                         
      0.200          6.321          109.993                 9.940           10.394           11.200         54.77                         
      0.210          6.321          109.993                 9.944           10.399           11.200         54.81                         
      0.220          6.321          109.993                 9.949           10.405           11.200         54.85                         
      0.230          6.321          109.993                 9.955           10.411           11.200         54.90                         
      0.240          6.320          109.993                 9.960           10.417           11.200         54.95                         
      0.250          6.320          109.993                 9.967           10.424           11.200         55.00                         
      0.260          6.320          109.993                 9.973           10.432           11.200         55.06                         
      0.270          6.319          109.993                 9.980           10.440           11.200         55.12                         
      0.280          6.319          109.993                 9.988           10.448           11.200         55.18                         
      0.290          6.319          109.993                 9.996           10.457           11.200         55.25                         
      0.300          6.318          109.993                10.004           10.466           11.200         55.32                         
      0.310          6.318          109.993                10.012           10.476           11.200         55.39                         
      0.320          6.317          109.993                10.021           10.486           11.200         55.46                         
      0.330          6.317          109.993                10.030           10.496           11.200         55.54                         
      0.340          6.316          109.993                10.040           10.507           11.200         55.62                         
      0.350          6.316          109.993                10.050           10.518           11.200         55.71                         
      0.360          6.315          109.992                10.060           10.529           11.200         55.80                         
      0.370          6.315          109.992                10.070           10.541           11.200         55.89                         
      0.380          6.314          109.992                10.081           10.554           11.200         55.98                         
      0.390          6.313          109.992                10.092           10.566           11.200         56.08                         
      0.400          6.313          109.992                10.104           10.579           11.200         56.17                         
      0.410          6.312          109.992                10.115           10.592           11.200         56.28                         
      0.420          6.312          109.992                10.127           10.606           11.200         56.38                         
      0.430          6.311          109.992                10.139           10.619           11.200         56.49                         
      0.440          6.310          109.992                10.152           10.633           11.200         56.60                         
      0.450          6.309          109.992                10.164           10.648           11.200         56.71                         
      0.460          6.309          109.992                10.177           10.662           11.200         56.82                         
      0.470          6.308          109.992                10.190           10.677           11.200         56.94                         
      0.480          6.307          109.991                10.203           10.692           11.200         57.06                         
      0.490          6.307          109.991                10.217           10.708           11.200         57.18                         
      0.500          6.306          109.991                10.231           10.723           11.200         57.30                         
      0.510          6.305          109.991                10.244           10.739           11.200         57.42                         
      0.520          6.304          109.991                10.258           10.755           11.200         57.55                         
      0.530          6.303          109.991                10.272           10.771           11.200         57.68                         
      0.540          6.303          109.991                10.287           10.787           11.200         57.81                         
      0.550          6.302          109.991                10.301           10.804           11.200         57.94                         
      0.560          6.301          109.991                10.316           10.820           11.200         58.07                         
      0.570          6.300          109.990                10.330           10.837           11.200         58.21                         
      0.580          6.299          109.990                10.345           10.854           11.200         58.34                         
      0.590          6.298          109.990                10.360           10.871           11.200         58.48                         
      0.600          6.297          109.990                10.375           10.888           11.200         58.62                         
      0.610          6.296          109.990                10.390           10.906           11.200         58.76                         
      0.620          6.295          109.990                10.405           10.923           11.200         58.90                         
      0.630          6.295          109.990                10.420           10.940           11.200         59.05                         
      0.640          6.294          109.990                10.436           10.958           11.200         59.19                         
      0.650          6.293          109.990                10.451           10.975           11.200         59.34                         
      0.660          6.292          109.989                10.466           10.993           11.200         59.48                         
      0.670          6.291          109.989                10.481           11.010           11.200         59.63                         
      0.680          6.290          109.989                10.497           11.028           11.200         59.78                         
      0.690          6.289          109.989                10.512           11.046           11.200         59.92                         
      0.700          6.288          109.989                10.527           11.063           11.200         60.07                         
      0.710          6.287          109.989                10.542           11.081           11.200         60.22                         
      0.720          6.286          109.989                10.558           11.098           11.200         60.37                         
      0.730          6.285          109.988                10.573           11.116           11.200         60.52                         
      0.740          6.284          109.988                10.588           11.134           11.200         60.67                         
      0.750          6.283          109.988                10.603           11.151           11.200         60.82                         
      0.760          6.282          109.988                10.618           11.169           11.200         60.97                         
      0.770          6.281          109.988                10.633           11.186           11.200         61.12                         
      0.780          6.280          109.988                10.648           11.203           11.200         61.27                         
      0.790          6.279          109.988                10.663           11.220           11.200         61.42                         
      0.800          6.278          109.988                10.677           11.238           11.200         61.57                         
      0.810          6.277          109.987                10.692           11.255           11.200         61.72                         
      0.820          6.276          109.987                10.706           11.271           11.200         61.87                         
      0.830          6.275          109.987                10.721           11.288           11.200         62.02                         
      0.840          6.274          109.987                10.735           11.305           11.200         62.17                         
      0.850          6.273          109.987                10.749           11.322           11.200         62.32                         
      0.860          6.272          109.987                10.763           11.338           11.200         62.47                         
      0.870          6.271          109.987                10.777           11.354           11.200         62.62                         
      0.880          6.270          109.987                10.791           11.370           11.200         62.76                         
      0.890          6.269          109.986                10.805           11.386           11.200         62.91                         
      0.900          6.268          109.986                10.818           11.402           11.200         63.05                         
      0.910          6.267          109.986                10.831           11.418           11.200         63.20                         
      0.920          6.266          109.986                10.844           11.433           11.200         63.34                         
      0.930          6.265          109.986                10.857           11.449           11.200         63.48                         
      0.940          6.264          109.986                10.870           11.464           11.200         63.62                         
      0.950          6.263          109.986                10.883           11.479           11.200         63.76                         
      0.960          6.262          109.986                10.895           11.493           11.200         63.90                         
      0.970          6.261          109.985                10.907           11.508           11.200         64.03                         
      0.980          6.260          109.985                10.919           11.522           11.200         64.17                         
      0.990          6.259          109.985                10.931           11.536           11.200         64.30                         
      1.000          6.258          109.985                10.943           11.550           11.200         64.43                         
      1.010          6.258          109.985                10.954           11.564           11.200         64.56                         
      1.020          6.257          109.985                10.966           11.577           11.200         64.69                         
      1.030          6.256          109.985                10.977           11.590           11.200         64.82                         
      1.040          6.255          109.985                10.988           11.603           11.200         64.95                         
      1.050          6.254          109.984                10.998           11.616           11.200         65.07                         
      1.060          6.253          109.984                11.009           11.628           11.200         65.19                         
      1.070          6.252          109.984                11.019           11.640           11.200         65.31                         
      1.080          6.251          109.984                11.029           11.652           11.200         65.43                         
      1.090          6.251          109.984                11.039           11.664           11.200         65.54                         
      1.100          6.250          109.984                11.048           11.676           11.200         65.66                         
      1.110          6.249          109.984                11.058           11.687           11.200         65.77                         
      1.120          6.248          109.984                11.067           11.698           11.200         65.88                         
      1.130          6.248          109.984                11.076           11.709           11.200         65.99                         
      1.140          6.247          109.984                11.084           11.719           11.200         66.09                         
      1.150          6.246          109.983                11.093           11.729           11.200         66.19                         
      1.160          6.245          109.983                11.101           11.739           11.200         66.29                         
      1.170          6.245          109.983                11.109           11.749           11.200         66.39                         
      1.180          6.244          109.983                11.117           11.758           11.200         66.49                         
      1.190          6.243          109.983                11.124           11.767           11.200         66.58                         
      1.200          6.243          109.983                11.132           11.776           11.200         66.67                         
      1.210          6.242          109.983                11.139           11.784           11.200         66.76                         
      1.220          6.242          109.983                11.146           11.793           11.200         66.84                         
      1.230          6.241          109.983                11.152           11.801           11.200         66.92                         
      1.240          6.240          109.983                11.159           11.808           11.200         67.00                         
      1.250          6.240          109.983                11.165           11.816           11.200         67.08                         
      1.260          6.239          109.983                11.171           11.823           11.200         67.16                         
      1.270          6.239          109.983                11.176           11.830           11.200         67.23                         
      1.280          6.238          109.982                11.182           11.836           11.200         67.30                         
      1.290          6.238          109.982                11.187           11.843           11.200         67.36                         
      1.300          6.237          109.982                11.192           11.849           11.200         67.43                         
      1.310          6.237          109.982                11.196           11.855           11.200         67.49                         
      1.320          6.237          109.982                11.201           11.860           11.200         67.55                         
      1.330          6.236          109.982                11.205           11.865           11.200         67.60                         
      1.340          6.236          109.982                11.209           11.870           11.200         67.65                         
      1.350          6.235          109.982                11.213           11.875           11.200         67.70                         
      1.360          6.235          109.982                11.217           11.879           11.200         67.75                         
      1.370          6.235          109.982                11.220           11.883           11.200         67.79                         
      1.380          6.234          109.982                11.223           11.887           11.200         67.83                         
      1.390          6.234          109.982                11.226           11.890           11.200         67.87                         
      1.400          6.234          109.982                11.228           11.893           11.200         67.90                         
      1.410          6.234          109.982                11.231           11.896           11.200         67.93                         
      1.420          6.234          109.982                11.233           11.899           11.200         67.96                         
      1.430          6.233          109.982                11.235           11.901           11.200         67.98                         
      1.440          6.233          109.982                11.236           11.903           11.200         68.01                         
      1.450          6.233          109.982                11.238           11.905           11.200         68.02                         
      1.460          6.233          109.982                11.239           11.906           11.200         68.04                         
      1.470          6.233          109.982                11.240           11.908           11.200         68.05                         
      1.480          6.233          109.982                11.241           11.908           11.200         68.06                         
      1.490          6.233          109.982                11.241           11.909           11.200         68.07                         
      1.500          6.233          109.982                11.241           11.909           11.200         68.07                         
      1.510          6.233          109.982                11.241           11.909           11.200         68.07                         
      1.520          6.233          109.982                11.241           11.909           11.200         68.07                         
      1.530          6.233          109.982                11.241           11.909           11.200         68.06                         
      1.540          6.233          109.982                11.240           11.908           11.200         68.05                         
      1.550          6.233          109.982                11.239           11.907           11.200         68.04                         
      1.560          6.233          109.982                11.238           11.905           11.200         68.03                         
      1.570          6.233          109.982                11.237           11.903           11.200         68.01                         
      1.580          6.233          109.982                11.235           11.901           11.200         67.99                         
      1.590          6.234          109.982                11.233           11.899           11.200         67.96                         
      1.600          6.234          109.982                11.231           11.897           11.200         67.94                         
      1.610          6.234          109.982                11.229           11.894           11.200         67.90                         
      1.620          6.234          109.982                11.226           11.891           11.200         67.87                         
      1.630          6.234          109.982                11.223           11.887           11.200         67.83                         
      1.640          6.235          109.982                11.220           11.884           11.200         67.80                         
      1.650          6.235          109.982                11.217           11.880           11.200         67.75                         
      1.660          6.235          109.982                11.214           11.875           11.200         67.71                         
      1.670          6.236          109.982                11.210           11.871           11.200         67.66                         
      1.680          6.236          109.982                11.206           11.866           11.200         67.61                         
      1.690          6.236          109.982                11.202           11.861           11.200         67.55                         
      1.700          6.237          109.982                11.197           11.856           11.200         67.50                         
      1.710          6.237          109.982                11.193           11.850           11.200         67.44                         
      1.720          6.238          109.982                11.188           11.844           11.200         67.38                         
      1.730          6.238          109.982                11.183           11.838           11.200         67.31                         
      1.740          6.239          109.982                11.177           11.831           11.200         67.24                         
      1.750          6.239          109.983                11.172           11.824           11.200         67.17                         
      1.760          6.240          109.983                11.166           11.817           11.200         67.10                         
      1.770          6.240          109.983                11.160           11.810           11.200         67.02                         
      1.780          6.241          109.983                11.154           11.803           11.200         66.94                         
      1.790          6.241          109.983                11.147           11.795           11.200         66.86                         
      1.800          6.242          109.983                11.140           11.787           11.200         66.78                         
      1.810          6.243          109.983                11.134           11.778           11.200         66.69                         
      1.820          6.243          109.983                11.126           11.770           11.200         66.60                         
      1.830          6.244          109.983                11.119           11.761           11.200         66.51                         
      1.840          6.245          109.983                11.111           11.751           11.200         66.42                         
      1.850          6.245          109.983                11.104           11.742           11.200         66.32                         
      1.860          6.246          109.983                11.096           11.732           11.200         66.23                         
      1.870          6.247          109.984                11.087           11.722           11.200         66.12                         
      1.880          6.247          109.984                11.079           11.712           11.200         66.02                         
      1.890          6.248          109.984                11.070           11.702           11.200         65.92                         
      1.900          6.249          109.984                11.061           11.691           11.200         65.81                         
      1.910          6.250          109.984                11.052           11.680           11.200         65.70                         
      1.920          6.250          109.984                11.043           11.669           11.200         65.59                         
      1.930          6.251          109.984                11.033           11.657           11.200         65.48                         
      1.940          6.252          109.984                11.023           11.646           11.200         65.36                         
      1.950          6.253          109.984                11.013           11.634           11.200         65.24                         
      1.960          6.254          109.984                11.003           11.622           11.200         65.13                         
      1.970          6.254          109.985                10.993           11.609           11.200         65.01                         
      1.980          6.255          109.985                10.982           11.597           11.200         64.88                         
      1.990          6.256          109.985                10.971           11.584           11.200         64.76                         
      2.000          6.257          109.985                10.961           11.571           11.200         64.63                         

