  ¬рем€            U                U                Pij              –г               –т г             ”гол рот         ќтн угол U       
                   601              1002             1001             601              601              601              601              
                                                     1002                                                                                 
                                                     1                                                                                    

                     6.300          110.000                 5.289           11.100           11.100         53.96                         
      0.010          6.300          110.000                 5.289           11.100           11.100         53.96                         
      0.020          6.300          110.000                 5.289           11.100           11.100         53.96                         
      0.030          6.300          110.000                 5.289           11.100           11.100         53.96                         
      0.040          6.300          110.000                 5.289           11.100           11.100         53.96                         
      0.050          6.300          110.000                 5.289           11.100           11.100         53.96                         
      0.060          6.300          110.000                 5.289           11.100           11.100         53.96                         
      0.070          6.300          110.000                 5.289           11.100           11.100         53.96                         
      0.080          6.300          110.000                 5.289           11.100           11.100         53.96                         
      0.090          6.300          110.000                 5.289           11.100           11.100         53.96                         
      0.100          6.300          110.000                 5.289           11.100           11.100         53.96                         
      0.100          6.322          109.993                 9.834           10.275           11.100         53.96                         
      0.110          6.322          109.993                 9.834           10.276           11.100         53.96                         
      0.120          6.322          109.993                 9.835           10.276           11.100         53.96                         
      0.130          6.322          109.993                 9.836           10.278           11.100         53.97                         
      0.140          6.322          109.993                 9.837           10.279           11.100         53.99                         
      0.150          6.322          109.993                 9.839           10.282           11.100         54.00                         
      0.160          6.322          109.993                 9.842           10.285           11.100         54.02                         
      0.170          6.322          109.993                 9.845           10.288           11.100         54.05                         
      0.180          6.321          109.993                 9.848           10.292           11.100         54.08                         
      0.190          6.321          109.993                 9.852           10.296           11.100         54.11                         
      0.200          6.321          109.993                 9.856           10.301           11.100         54.14                         
      0.210          6.321          109.993                 9.861           10.306           11.100         54.18                         
      0.220          6.321          109.993                 9.866           10.312           11.100         54.22                         
      0.230          6.320          109.993                 9.871           10.318           11.100         54.27                         
      0.240          6.320          109.993                 9.877           10.324           11.100         54.32                         
      0.250          6.320          109.993                 9.884           10.331           11.100         54.37                         
      0.260          6.319          109.993                 9.890           10.339           11.100         54.42                         
      0.270          6.319          109.993                 9.897           10.347           11.100         54.48                         
      0.280          6.319          109.993                 9.905           10.355           11.100         54.55                         
      0.290          6.318          109.993                 9.913           10.364           11.100         54.61                         
      0.300          6.318          109.993                 9.921           10.373           11.100         54.68                         
      0.310          6.317          109.993                 9.929           10.383           11.100         54.75                         
      0.320          6.317          109.993                 9.938           10.393           11.100         54.83                         
      0.330          6.316          109.993                 9.948           10.403           11.100         54.90                         
      0.340          6.316          109.993                 9.957           10.414           11.100         54.99                         
      0.350          6.315          109.993                 9.967           10.425           11.100         55.07                         
      0.360          6.315          109.992                 9.977           10.437           11.100         55.16                         
      0.370          6.314          109.992                 9.988           10.449           11.100         55.25                         
      0.380          6.314          109.992                 9.999           10.461           11.100         55.34                         
      0.390          6.313          109.992                10.010           10.474           11.100         55.43                         
      0.400          6.313          109.992                10.021           10.487           11.100         55.53                         
      0.410          6.312          109.992                10.033           10.500           11.100         55.63                         
      0.420          6.311          109.992                10.045           10.513           11.100         55.74                         
      0.430          6.311          109.992                10.057           10.527           11.100         55.84                         
      0.440          6.310          109.992                10.070           10.541           11.100         55.95                         
      0.450          6.309          109.992                10.082           10.556           11.100         56.06                         
      0.460          6.309          109.992                10.095           10.570           11.100         56.17                         
      0.470          6.308          109.992                10.109           10.585           11.100         56.29                         
      0.480          6.307          109.991                10.122           10.600           11.100         56.40                         
      0.490          6.306          109.991                10.135           10.616           11.100         56.52                         
      0.500          6.306          109.991                10.149           10.631           11.100         56.64                         
      0.510          6.305          109.991                10.163           10.647           11.100         56.77                         
      0.520          6.304          109.991                10.177           10.663           11.100         56.89                         
      0.530          6.303          109.991                10.192           10.679           11.100         57.02                         
      0.540          6.303          109.991                10.206           10.696           11.100         57.15                         
      0.550          6.302          109.991                10.220           10.712           11.100         57.28                         
      0.560          6.301          109.991                10.235           10.729           11.100         57.41                         
      0.570          6.300          109.990                10.250           10.746           11.100         57.54                         
      0.580          6.299          109.990                10.265           10.763           11.100         57.68                         
      0.590          6.298          109.990                10.280           10.780           11.100         57.82                         
      0.600          6.297          109.990                10.295           10.797           11.100         57.95                         
      0.610          6.297          109.990                10.310           10.814           11.100         58.09                         
      0.620          6.296          109.990                10.325           10.832           11.100         58.23                         
      0.630          6.295          109.990                10.340           10.849           11.100         58.37                         
      0.640          6.294          109.990                10.356           10.867           11.100         58.52                         
      0.650          6.293          109.990                10.371           10.884           11.100         58.66                         
      0.660          6.292          109.989                10.386           10.902           11.100         58.80                         
      0.670          6.291          109.989                10.402           10.920           11.100         58.95                         
      0.680          6.290          109.989                10.417           10.937           11.100         59.09                         
      0.690          6.289          109.989                10.433           10.955           11.100         59.24                         
      0.700          6.288          109.989                10.448           10.973           11.100         59.39                         
      0.710          6.287          109.989                10.463           10.990           11.100         59.53                         
      0.720          6.286          109.989                10.479           11.008           11.100         59.68                         
      0.730          6.285          109.989                10.494           11.026           11.100         59.83                         
      0.740          6.284          109.988                10.509           11.043           11.100         59.98                         
      0.750          6.283          109.988                10.524           11.061           11.100         60.12                         
      0.760          6.282          109.988                10.539           11.078           11.100         60.27                         
      0.770          6.281          109.988                10.554           11.096           11.100         60.42                         
      0.780          6.280          109.988                10.569           11.113           11.100         60.57                         
      0.790          6.279          109.988                10.584           11.130           11.100         60.72                         
      0.800          6.278          109.988                10.599           11.147           11.100         60.86                         
      0.810          6.277          109.987                10.614           11.164           11.100         61.01                         
      0.820          6.276          109.987                10.628           11.181           11.100         61.16                         
      0.830          6.276          109.987                10.643           11.198           11.100         61.31                         
      0.840          6.275          109.987                10.657           11.215           11.100         61.45                         
      0.850          6.274          109.987                10.671           11.232           11.100         61.60                         
      0.860          6.273          109.987                10.686           11.248           11.100         61.74                         
      0.870          6.272          109.987                10.700           11.264           11.100         61.89                         
      0.880          6.271          109.987                10.713           11.280           11.100         62.03                         
      0.890          6.270          109.986                10.727           11.296           11.100         62.17                         
      0.900          6.269          109.986                10.741           11.312           11.100         62.32                         
      0.910          6.268          109.986                10.754           11.328           11.100         62.46                         
      0.920          6.267          109.986                10.767           11.343           11.100         62.60                         
      0.930          6.266          109.986                10.780           11.359           11.100         62.73                         
      0.940          6.265          109.986                10.793           11.374           11.100         62.87                         
      0.950          6.264          109.986                10.806           11.388           11.100         63.01                         
      0.960          6.263          109.986                10.818           11.403           11.100         63.14                         
      0.970          6.262          109.986                10.830           11.418           11.100         63.28                         
      0.980          6.261          109.985                10.842           11.432           11.100         63.41                         
      0.990          6.260          109.985                10.854           11.446           11.100         63.54                         
      1.000          6.260          109.985                10.866           11.460           11.100         63.67                         
      1.010          6.259          109.985                10.877           11.473           11.100         63.79                         
      1.020          6.258          109.985                10.889           11.487           11.100         63.92                         
      1.030          6.257          109.985                10.900           11.500           11.100         64.04                         
      1.040          6.256          109.985                10.911           11.513           11.100         64.16                         
      1.050          6.255          109.985                10.921           11.525           11.100         64.28                         
      1.060          6.254          109.985                10.932           11.538           11.100         64.40                         
      1.070          6.254          109.984                10.942           11.550           11.100         64.52                         
      1.080          6.253          109.984                10.952           11.562           11.100         64.63                         
      1.090          6.252          109.984                10.962           11.573           11.100         64.74                         
      1.100          6.251          109.984                10.971           11.585           11.100         64.85                         
      1.110          6.251          109.984                10.981           11.596           11.100         64.96                         
      1.120          6.250          109.984                10.990           11.607           11.100         65.07                         
      1.130          6.249          109.984                10.999           11.617           11.100         65.17                         
      1.140          6.248          109.984                11.007           11.628           11.100         65.27                         
      1.150          6.248          109.984                11.016           11.638           11.100         65.37                         
      1.160          6.247          109.984                11.024           11.647           11.100         65.47                         
      1.170          6.246          109.983                11.032           11.657           11.100         65.56                         
      1.180          6.246          109.983                11.039           11.666           11.100         65.65                         
      1.190          6.245          109.983                11.047           11.675           11.100         65.74                         
      1.200          6.245          109.983                11.054           11.684           11.100         65.83                         
      1.210          6.244          109.983                11.061           11.692           11.100         65.91                         
      1.220          6.243          109.983                11.068           11.700           11.100         65.99                         
      1.230          6.243          109.983                11.074           11.708           11.100         66.07                         
      1.240          6.242          109.983                11.080           11.715           11.100         66.15                         
      1.250          6.242          109.983                11.086           11.723           11.100         66.22                         
      1.260          6.241          109.983                11.092           11.730           11.100         66.29                         
      1.270          6.241          109.983                11.098           11.736           11.100         66.36                         
      1.280          6.240          109.983                11.103           11.743           11.100         66.42                         
      1.290          6.240          109.983                11.108           11.749           11.100         66.48                         
      1.300          6.239          109.983                11.113           11.754           11.100         66.54                         
      1.310          6.239          109.983                11.117           11.760           11.100         66.60                         
      1.320          6.239          109.982                11.122           11.765           11.100         66.65                         
      1.330          6.238          109.982                11.126           11.770           11.100         66.70                         
      1.340          6.238          109.982                11.130           11.775           11.100         66.75                         
      1.350          6.238          109.982                11.133           11.779           11.100         66.79                         
      1.360          6.237          109.982                11.136           11.783           11.100         66.83                         
      1.370          6.237          109.982                11.140           11.787           11.100         66.87                         
      1.380          6.237          109.982                11.142           11.790           11.100         66.91                         
      1.390          6.237          109.982                11.145           11.793           11.100         66.94                         
      1.400          6.236          109.982                11.147           11.796           11.100         66.97                         
      1.410          6.236          109.982                11.149           11.799           11.100         67.00                         
      1.420          6.236          109.982                11.151           11.801           11.100         67.02                         
      1.430          6.236          109.982                11.153           11.803           11.100         67.04                         
      1.440          6.236          109.982                11.154           11.804           11.100         67.06                         
      1.450          6.236          109.982                11.155           11.806           11.100         67.07                         
      1.460          6.236          109.982                11.156           11.807           11.100         67.08                         
      1.470          6.236          109.982                11.157           11.808           11.100         67.09                         
      1.480          6.236          109.982                11.157           11.808           11.100         67.10                         
      1.490          6.236          109.982                11.157           11.808           11.100         67.10                         
      1.500          6.236          109.982                11.157           11.808           11.100         67.10                         
      1.510          6.236          109.982                11.157           11.808           11.100         67.09                         
      1.520          6.236          109.982                11.156           11.807           11.100         67.08                         
      1.530          6.236          109.982                11.155           11.806           11.100         67.07                         
      1.540          6.236          109.982                11.154           11.805           11.100         67.06                         
      1.550          6.236          109.982                11.153           11.803           11.100         67.04                         
      1.560          6.236          109.982                11.151           11.801           11.100         67.02                         
      1.570          6.236          109.982                11.150           11.799           11.100         67.00                         
      1.580          6.236          109.982                11.148           11.796           11.100         66.97                         
      1.590          6.237          109.982                11.145           11.794           11.100         66.95                         
      1.600          6.237          109.982                11.143           11.791           11.100         66.91                         
      1.610          6.237          109.982                11.140           11.787           11.100         66.88                         
      1.620          6.237          109.982                11.137           11.784           11.100         66.84                         
      1.630          6.238          109.982                11.134           11.780           11.100         66.80                         
      1.640          6.238          109.982                11.130           11.775           11.100         66.76                         
      1.650          6.238          109.982                11.126           11.771           11.100         66.71                         
      1.660          6.239          109.982                11.122           11.766           11.100         66.66                         
      1.670          6.239          109.983                11.118           11.761           11.100         66.61                         
      1.680          6.239          109.983                11.114           11.756           11.100         66.55                         
      1.690          6.240          109.983                11.109           11.750           11.100         66.50                         
      1.700          6.240          109.983                11.104           11.744           11.100         66.43                         
      1.710          6.241          109.983                11.099           11.738           11.100         66.37                         
      1.720          6.241          109.983                11.094           11.731           11.100         66.30                         
      1.730          6.242          109.983                11.088           11.724           11.100         66.24                         
      1.740          6.242          109.983                11.082           11.717           11.100         66.16                         
      1.750          6.243          109.983                11.076           11.710           11.100         66.09                         
      1.760          6.243          109.983                11.070           11.702           11.100         66.01                         
      1.770          6.244          109.983                11.063           11.694           11.100         65.93                         
      1.780          6.244          109.983                11.056           11.686           11.100         65.85                         
      1.790          6.245          109.983                11.049           11.678           11.100         65.77                         
      1.800          6.246          109.983                11.042           11.669           11.100         65.68                         
      1.810          6.246          109.983                11.034           11.660           11.100         65.59                         
      1.820          6.247          109.984                11.026           11.650           11.100         65.50                         
      1.830          6.247          109.984                11.018           11.641           11.100         65.40                         
      1.840          6.248          109.984                11.010           11.631           11.100         65.31                         
      1.850          6.249          109.984                11.002           11.621           11.100         65.21                         
      1.860          6.250          109.984                10.993           11.611           11.100         65.11                         
      1.870          6.250          109.984                10.984           11.600           11.100         65.00                         
      1.880          6.251          109.984                10.975           11.589           11.100         64.90                         
      1.890          6.252          109.984                10.966           11.578           11.100         64.79                         
      1.900          6.253          109.984                10.956           11.567           11.100         64.68                         
      1.910          6.253          109.984                10.947           11.555           11.100         64.57                         
      1.920          6.254          109.984                10.937           11.543           11.100         64.46                         
      1.930          6.255          109.985                10.926           11.531           11.100         64.34                         
      1.940          6.256          109.985                10.916           11.519           11.100         64.22                         
      1.950          6.257          109.985                10.905           11.506           11.100         64.10                         
      1.960          6.257          109.985                10.895           11.494           11.100         63.98                         
      1.970          6.258          109.985                10.884           11.481           11.100         63.86                         
      1.980          6.259          109.985                10.873           11.467           11.100         63.74                         
      1.990          6.260          109.985                10.861           11.454           11.100         63.61                         
      2.000          6.261          109.985                10.850           11.440           11.100         63.49                         

