  ¬рем€            U                U                Pij              –г               –т г             ”гол рот         ќтн угол U       
                   601              1002             1001             601              601              601              601              
                                                     1002                                                                                 
                                                     1                                                                                    

                     6.300          110.000                 5.769           12.200           12.200         61.29                         
      0.010          6.300          110.000                 5.769           12.200           12.200         61.29                         
      0.020          6.300          110.000                 5.769           12.200           12.200         61.29                         
      0.030          6.300          110.000                 5.769           12.200           12.200         61.29                         
      0.040          6.300          110.000                 5.769           12.200           12.200         61.29                         
      0.050          6.300          110.000                 5.769           12.200           12.200         61.29                         
      0.060          6.300          110.000                 5.769           12.200           12.200         61.29                         
      0.070          6.300          110.000                 5.769           12.200           12.200         61.29                         
      0.080          6.300          110.000                 5.769           12.200           12.200         61.29                         
      0.090          6.300          110.000                 5.769           12.200           12.200         61.29                         
      0.100          6.300          110.000                 5.769           12.200           12.200         61.29                         
      0.100          6.327          109.994                10.742           11.303           12.200         61.29                         
      0.110          6.327          109.994                10.742           11.303           12.200         61.29                         
      0.120          6.327          109.994                10.742           11.304           12.200         61.29                         
      0.130          6.327          109.994                10.743           11.305           12.200         61.30                         
      0.140          6.327          109.994                10.745           11.306           12.200         61.32                         
      0.150          6.327          109.994                10.747           11.309           12.200         61.34                         
      0.160          6.326          109.994                10.749           11.311           12.200         61.36                         
      0.170          6.326          109.994                10.752           11.314           12.200         61.39                         
      0.180          6.326          109.994                10.755           11.318           12.200         61.42                         
      0.190          6.326          109.994                10.758           11.322           12.200         61.45                         
      0.200          6.326          109.994                10.762           11.326           12.200         61.49                         
      0.210          6.325          109.994                10.766           11.331           12.200         61.53                         
      0.220          6.325          109.994                10.770           11.336           12.200         61.58                         
      0.230          6.325          109.994                10.775           11.342           12.200         61.63                         
      0.240          6.324          109.994                10.780           11.348           12.200         61.68                         
      0.250          6.324          109.994                10.786           11.354           12.200         61.74                         
      0.260          6.323          109.993                10.792           11.361           12.200         61.80                         
      0.270          6.323          109.993                10.798           11.369           12.200         61.86                         
      0.280          6.323          109.993                10.805           11.376           12.200         61.93                         
      0.290          6.322          109.993                10.812           11.384           12.200         62.00                         
      0.300          6.322          109.993                10.819           11.393           12.200         62.08                         
      0.310          6.321          109.993                10.827           11.402           12.200         62.15                         
      0.320          6.320          109.993                10.835           11.411           12.200         62.24                         
      0.330          6.320          109.993                10.843           11.421           12.200         62.32                         
      0.340          6.319          109.993                10.851           11.431           12.200         62.41                         
      0.350          6.319          109.993                10.860           11.441           12.200         62.50                         
      0.360          6.318          109.993                10.869           11.452           12.200         62.60                         
      0.370          6.317          109.993                10.879           11.463           12.200         62.70                         
      0.380          6.317          109.993                10.888           11.474           12.200         62.80                         
      0.390          6.316          109.993                10.898           11.486           12.200         62.90                         
      0.400          6.315          109.992                10.908           11.497           12.200         63.01                         
      0.410          6.314          109.992                10.919           11.510           12.200         63.12                         
      0.420          6.314          109.992                10.929           11.522           12.200         63.24                         
      0.430          6.313          109.992                10.940           11.535           12.200         63.36                         
      0.440          6.312          109.992                10.951           11.548           12.200         63.47                         
      0.450          6.311          109.992                10.962           11.561           12.200         63.60                         
      0.460          6.310          109.992                10.974           11.575           12.200         63.72                         
      0.470          6.309          109.992                10.986           11.589           12.200         63.85                         
      0.480          6.309          109.992                10.997           11.603           12.200         63.98                         
      0.490          6.308          109.991                11.009           11.617           12.200         64.11                         
      0.500          6.307          109.991                11.022           11.631           12.200         64.25                         
      0.510          6.306          109.991                11.034           11.646           12.200         64.39                         
      0.520          6.305          109.991                11.046           11.661           12.200         64.53                         
      0.530          6.304          109.991                11.059           11.676           12.200         64.67                         
      0.540          6.303          109.991                11.072           11.691           12.200         64.82                         
      0.550          6.302          109.991                11.084           11.706           12.200         64.96                         
      0.560          6.301          109.991                11.097           11.721           12.200         65.11                         
      0.570          6.300          109.990                11.110           11.737           12.200         65.26                         
      0.580          6.299          109.990                11.123           11.753           12.200         65.42                         
      0.590          6.298          109.990                11.137           11.769           12.200         65.57                         
      0.600          6.296          109.990                11.150           11.784           12.200         65.73                         
      0.610          6.295          109.990                11.163           11.800           12.200         65.89                         
      0.620          6.294          109.990                11.177           11.817           12.200         66.05                         
      0.630          6.293          109.990                11.190           11.833           12.200         66.21                         
      0.640          6.292          109.989                11.204           11.849           12.200         66.37                         
      0.650          6.291          109.989                11.217           11.865           12.200         66.53                         
      0.660          6.290          109.989                11.231           11.882           12.200         66.70                         
      0.670          6.288          109.989                11.244           11.898           12.200         66.87                         
      0.680          6.287          109.989                11.258           11.914           12.200         67.04                         
      0.690          6.286          109.989                11.271           11.931           12.200         67.21                         
      0.700          6.285          109.988                11.285           11.947           12.200         67.38                         
      0.710          6.283          109.988                11.298           11.964           12.200         67.55                         
      0.720          6.282          109.988                11.312           11.980           12.200         67.72                         
      0.730          6.281          109.988                11.325           11.996           12.200         67.89                         
      0.740          6.280          109.988                11.338           12.013           12.200         68.07                         
      0.750          6.279          109.988                11.352           12.029           12.200         68.24                         
      0.760          6.277          109.987                11.365           12.045           12.200         68.42                         
      0.770          6.276          109.987                11.378           12.062           12.200         68.60                         
      0.780          6.275          109.987                11.391           12.078           12.200         68.77                         
      0.790          6.273          109.987                11.404           12.094           12.200         68.95                         
      0.800          6.272          109.987                11.417           12.110           12.200         69.13                         
      0.810          6.271          109.987                11.430           12.126           12.200         69.31                         
      0.820          6.270          109.987                11.443           12.142           12.200         69.48                         
      0.830          6.268          109.986                11.456           12.158           12.200         69.66                         
      0.840          6.267          109.986                11.468           12.173           12.200         69.84                         
      0.850          6.266          109.986                11.481           12.189           12.200         70.02                         
      0.860          6.264          109.986                11.493           12.204           12.200         70.20                         
      0.870          6.263          109.986                11.505           12.220           12.200         70.38                         
      0.880          6.262          109.986                11.518           12.235           12.200         70.56                         
      0.890          6.260          109.985                11.530           12.250           12.200         70.73                         
      0.900          6.259          109.985                11.542           12.265           12.200         70.91                         
      0.910          6.258          109.985                11.553           12.280           12.200         71.09                         
      0.920          6.256          109.985                11.565           12.295           12.200         71.27                         
      0.930          6.255          109.985                11.576           12.309           12.200         71.44                         
      0.940          6.254          109.985                11.588           12.323           12.200         71.62                         
      0.950          6.252          109.984                11.599           12.338           12.200         71.79                         
      0.960          6.251          109.984                11.610           12.352           12.200         71.97                         
      0.970          6.250          109.984                11.621           12.366           12.200         72.14                         
      0.980          6.249          109.984                11.631           12.379           12.200         72.31                         
      0.990          6.247          109.984                11.642           12.393           12.200         72.49                         
      1.000          6.246          109.984                11.652           12.406           12.200         72.66                         
      1.010          6.245          109.983                11.662           12.420           12.200         72.83                         
      1.020          6.243          109.983                11.673           12.433           12.200         73.00                         
      1.030          6.242          109.983                11.682           12.446           12.200         73.17                         
      1.040          6.241          109.983                11.692           12.458           12.200         73.33                         
      1.050          6.240          109.983                11.702           12.471           12.200         73.50                         
      1.060          6.238          109.983                11.711           12.483           12.200         73.66                         
      1.070          6.237          109.982                11.720           12.495           12.200         73.83                         
      1.080          6.236          109.982                11.729           12.507           12.200         73.99                         
      1.090          6.235          109.982                11.738           12.519           12.200         74.15                         
      1.100          6.234          109.982                11.747           12.530           12.200         74.31                         
      1.110          6.232          109.982                11.755           12.542           12.200         74.47                         
      1.120          6.231          109.982                11.764           12.553           12.200         74.62                         
      1.130          6.230          109.982                11.772           12.564           12.200         74.78                         
      1.140          6.229          109.981                11.780           12.575           12.200         74.93                         
      1.150          6.228          109.981                11.788           12.585           12.200         75.08                         
      1.160          6.227          109.981                11.796           12.595           12.200         75.23                         
      1.170          6.225          109.981                11.803           12.606           12.200         75.38                         
      1.180          6.224          109.981                11.810           12.616           12.200         75.52                         
      1.190          6.223          109.981                11.818           12.625           12.200         75.67                         
      1.200          6.222          109.981                11.825           12.635           12.200         75.81                         
      1.210          6.221          109.980                11.831           12.644           12.200         75.95                         
      1.220          6.220          109.980                11.838           12.653           12.200         76.09                         
      1.230          6.219          109.980                11.845           12.662           12.200         76.23                         
      1.240          6.218          109.980                11.851           12.671           12.200         76.36                         
      1.250          6.217          109.980                11.857           12.680           12.200         76.49                         
      1.260          6.216          109.980                11.863           12.688           12.200         76.62                         
      1.270          6.215          109.980                11.869           12.696           12.200         76.75                         
      1.280          6.214          109.980                11.875           12.704           12.200         76.87                         
      1.290          6.213          109.979                11.880           12.712           12.200         77.00                         
      1.300          6.212          109.979                11.886           12.719           12.200         77.12                         
      1.310          6.211          109.979                11.891           12.727           12.200         77.24                         
      1.320          6.210          109.979                11.896           12.734           12.200         77.35                         
      1.330          6.209          109.979                11.901           12.741           12.200         77.47                         
      1.340          6.208          109.979                11.906           12.748           12.200         77.58                         
      1.350          6.208          109.979                11.910           12.754           12.200         77.69                         
      1.360          6.207          109.979                11.915           12.761           12.200         77.80                         
      1.370          6.206          109.979                11.919           12.767           12.200         77.90                         
      1.380          6.205          109.978                11.923           12.773           12.200         78.00                         
      1.390          6.204          109.978                11.927           12.779           12.200         78.10                         
      1.400          6.204          109.978                11.931           12.784           12.200         78.20                         
      1.410          6.203          109.978                11.935           12.790           12.200         78.29                         
      1.420          6.202          109.978                11.939           12.795           12.200         78.38                         
      1.430          6.201          109.978                11.942           12.800           12.200         78.47                         
      1.440          6.201          109.978                11.946           12.805           12.200         78.56                         
      1.450          6.200          109.978                11.949           12.810           12.200         78.64                         
      1.460          6.199          109.978                11.952           12.815           12.200         78.72                         
      1.470          6.199          109.978                11.955           12.819           12.200         78.80                         
      1.480          6.198          109.978                11.958           12.823           12.200         78.88                         
      1.490          6.198          109.978                11.961           12.827           12.200         78.95                         
      1.500          6.197          109.977                11.963           12.831           12.200         79.02                         
      1.510          6.197          109.977                11.966           12.835           12.200         79.09                         
      1.520          6.196          109.977                11.968           12.839           12.200         79.15                         
      1.530          6.196          109.977                11.970           12.842           12.200         79.21                         
      1.540          6.195          109.977                11.972           12.845           12.200         79.27                         
      1.550          6.195          109.977                11.974           12.848           12.200         79.33                         
      1.560          6.194          109.977                11.976           12.851           12.200         79.38                         
      1.570          6.194          109.977                11.978           12.854           12.200         79.43                         
      1.580          6.194          109.977                11.980           12.856           12.200         79.48                         
      1.590          6.193          109.977                11.982           12.859           12.200         79.53                         
      1.600          6.193          109.977                11.983           12.861           12.200         79.57                         
      1.610          6.193          109.977                11.984           12.863           12.200         79.61                         
      1.620          6.192          109.977                11.986           12.865           12.200         79.64                         
      1.630          6.192          109.977                11.987           12.867           12.200         79.68                         
      1.640          6.192          109.977                11.988           12.868           12.200         79.71                         
      1.650          6.192          109.977                11.989           12.870           12.200         79.73                         
      1.660          6.191          109.977                11.990           12.871           12.200         79.76                         
      1.670          6.191          109.977                11.990           12.872           12.200         79.78                         
      1.680          6.191          109.977                11.991           12.873           12.200         79.80                         
      1.690          6.191          109.977                11.992           12.874           12.200         79.81                         
      1.700          6.191          109.977                11.992           12.875           12.200         79.83                         
      1.710          6.191          109.977                11.992           12.875           12.200         79.84                         
      1.720          6.191          109.977                11.993           12.876           12.200         79.84                         
      1.730          6.191          109.977                11.993           12.876           12.200         79.85                         
      1.740          6.191          109.977                11.993           12.876           12.200         79.85                         
      1.750          6.191          109.977                11.993           12.876           12.200         79.85                         
      1.760          6.191          109.977                11.993           12.876           12.200         79.84                         
      1.770          6.191          109.977                11.992           12.875           12.200         79.83                         
      1.780          6.191          109.977                11.992           12.875           12.200         79.82                         
      1.790          6.191          109.977                11.991           12.874           12.200         79.81                         
      1.800          6.191          109.977                11.991           12.873           12.200         79.79                         
      1.810          6.191          109.977                11.990           12.872           12.200         79.77                         
      1.820          6.191          109.977                11.989           12.871           12.200         79.75                         
      1.830          6.192          109.977                11.989           12.869           12.200         79.73                         
      1.840          6.192          109.977                11.988           12.868           12.200         79.70                         
      1.850          6.192          109.977                11.986           12.866           12.200         79.67                         
      1.860          6.192          109.977                11.985           12.865           12.200         79.63                         
      1.870          6.193          109.977                11.984           12.863           12.200         79.60                         
      1.880          6.193          109.977                11.983           12.860           12.200         79.56                         
      1.890          6.193          109.977                11.981           12.858           12.200         79.51                         
      1.900          6.194          109.977                11.979           12.856           12.200         79.47                         
      1.910          6.194          109.977                11.978           12.853           12.200         79.42                         
      1.920          6.194          109.977                11.976           12.850           12.200         79.37                         
      1.930          6.195          109.977                11.974           12.847           12.200         79.31                         
      1.940          6.195          109.977                11.972           12.844           12.200         79.26                         
      1.950          6.196          109.977                11.970           12.841           12.200         79.20                         
      1.960          6.196          109.977                11.967           12.838           12.200         79.14                         
      1.970          6.197          109.977                11.965           12.834           12.200         79.07                         
      1.980          6.197          109.977                11.962           12.830           12.200         79.00                         
      1.990          6.198          109.978                11.960           12.826           12.200         78.93                         
      2.000          6.198          109.978                11.957           12.822           12.200         78.86                         

