  ¬рем€            U                U                Pij              –г               –т г             ”гол рот         ќтн угол U       
                   601              1002             1001             601              601              601              601              
                                                     1002                                                                                 
                                                     1                                                                                    

                     6.300          110.000                 5.596           11.800           11.800         58.51                         
      0.010          6.300          110.000                 5.596           11.800           11.800         58.51                         
      0.020          6.300          110.000                 5.596           11.800           11.800         58.51                         
      0.030          6.300          110.000                 5.596           11.800           11.800         58.51                         
      0.040          6.300          110.000                 5.596           11.800           11.800         58.51                         
      0.050          6.300          110.000                 5.596           11.800           11.800         58.51                         
      0.060          6.300          110.000                 5.596           11.800           11.800         58.51                         
      0.070          6.300          110.000                 5.596           11.800           11.800         58.51                         
      0.080          6.300          110.000                 5.596           11.800           11.800         58.51                         
      0.090          6.300          110.000                 5.596           11.800           11.800         58.51                         
      0.100          6.300          110.000                 5.596           11.800           11.800         58.51                         
      0.100          6.325          109.994                10.414           10.929           11.800         58.51                         
      0.110          6.325          109.994                10.414           10.929           11.800         58.51                         
      0.120          6.325          109.994                10.415           10.930           11.800         58.51                         
      0.130          6.325          109.994                10.416           10.931           11.800         58.52                         
      0.140          6.325          109.994                10.418           10.933           11.800         58.54                         
      0.150          6.325          109.994                10.420           10.935           11.800         58.56                         
      0.160          6.325          109.994                10.422           10.937           11.800         58.58                         
      0.170          6.324          109.994                10.425           10.941           11.800         58.60                         
      0.180          6.324          109.994                10.428           10.944           11.800         58.63                         
      0.190          6.324          109.994                10.431           10.948           11.800         58.67                         
      0.200          6.324          109.994                10.435           10.953           11.800         58.70                         
      0.210          6.324          109.994                10.440           10.958           11.800         58.74                         
      0.220          6.323          109.994                10.445           10.963           11.800         58.79                         
      0.230          6.323          109.993                10.450           10.969           11.800         58.84                         
      0.240          6.323          109.993                10.455           10.976           11.800         58.89                         
      0.250          6.322          109.993                10.461           10.982           11.800         58.94                         
      0.260          6.322          109.993                10.467           10.990           11.800         59.00                         
      0.270          6.321          109.993                10.474           10.997           11.800         59.06                         
      0.280          6.321          109.993                10.481           11.005           11.800         59.13                         
      0.290          6.321          109.993                10.488           11.014           11.800         59.20                         
      0.300          6.320          109.993                10.496           11.023           11.800         59.27                         
      0.310          6.320          109.993                10.504           11.032           11.800         59.35                         
      0.320          6.319          109.993                10.512           11.041           11.800         59.43                         
      0.330          6.319          109.993                10.521           11.051           11.800         59.51                         
      0.340          6.318          109.993                10.530           11.062           11.800         59.60                         
      0.350          6.317          109.993                10.539           11.072           11.800         59.69                         
      0.360          6.317          109.993                10.549           11.084           11.800         59.78                         
      0.370          6.316          109.993                10.559           11.095           11.800         59.87                         
      0.380          6.316          109.992                10.569           11.107           11.800         59.97                         
      0.390          6.315          109.992                10.580           11.119           11.800         60.07                         
      0.400          6.314          109.992                10.590           11.131           11.800         60.18                         
      0.410          6.313          109.992                10.601           11.144           11.800         60.29                         
      0.420          6.313          109.992                10.613           11.157           11.800         60.40                         
      0.430          6.312          109.992                10.624           11.170           11.800         60.51                         
      0.440          6.311          109.992                10.636           11.184           11.800         60.62                         
      0.450          6.310          109.992                10.648           11.198           11.800         60.74                         
      0.460          6.310          109.992                10.660           11.212           11.800         60.86                         
      0.470          6.309          109.992                10.672           11.226           11.800         60.99                         
      0.480          6.308          109.991                10.685           11.240           11.800         61.11                         
      0.490          6.307          109.991                10.697           11.255           11.800         61.24                         
      0.500          6.306          109.991                10.710           11.270           11.800         61.37                         
      0.510          6.305          109.991                10.723           11.285           11.800         61.50                         
      0.520          6.304          109.991                10.737           11.301           11.800         61.64                         
      0.530          6.304          109.991                10.750           11.316           11.800         61.77                         
      0.540          6.303          109.991                10.763           11.332           11.800         61.91                         
      0.550          6.302          109.991                10.777           11.348           11.800         62.05                         
      0.560          6.301          109.991                10.791           11.364           11.800         62.20                         
      0.570          6.300          109.990                10.805           11.380           11.800         62.34                         
      0.580          6.299          109.990                10.818           11.397           11.800         62.49                         
      0.590          6.298          109.990                10.832           11.413           11.800         62.63                         
      0.600          6.297          109.990                10.847           11.430           11.800         62.78                         
      0.610          6.296          109.990                10.861           11.446           11.800         62.93                         
      0.620          6.295          109.990                10.875           11.463           11.800         63.09                         
      0.630          6.294          109.990                10.889           11.480           11.800         63.24                         
      0.640          6.293          109.989                10.904           11.497           11.800         63.40                         
      0.650          6.291          109.989                10.918           11.514           11.800         63.55                         
      0.660          6.290          109.989                10.932           11.531           11.800         63.71                         
      0.670          6.289          109.989                10.947           11.548           11.800         63.87                         
      0.680          6.288          109.989                10.961           11.565           11.800         64.03                         
      0.690          6.287          109.989                10.975           11.582           11.800         64.19                         
      0.700          6.286          109.989                10.990           11.599           11.800         64.35                         
      0.710          6.285          109.988                11.004           11.616           11.800         64.51                         
      0.720          6.284          109.988                11.019           11.633           11.800         64.68                         
      0.730          6.283          109.988                11.033           11.650           11.800         64.84                         
      0.740          6.281          109.988                11.047           11.667           11.800         65.00                         
      0.750          6.280          109.988                11.061           11.684           11.800         65.17                         
      0.760          6.279          109.988                11.076           11.701           11.800         65.33                         
      0.770          6.278          109.988                11.090           11.718           11.800         65.50                         
      0.780          6.277          109.987                11.104           11.735           11.800         65.66                         
      0.790          6.276          109.987                11.118           11.751           11.800         65.83                         
      0.800          6.274          109.987                11.132           11.768           11.800         66.00                         
      0.810          6.273          109.987                11.145           11.785           11.800         66.16                         
      0.820          6.272          109.987                11.159           11.801           11.800         66.33                         
      0.830          6.271          109.987                11.173           11.817           11.800         66.49                         
      0.840          6.270          109.987                11.186           11.834           11.800         66.66                         
      0.850          6.269          109.986                11.199           11.850           11.800         66.83                         
      0.860          6.267          109.986                11.213           11.866           11.800         66.99                         
      0.870          6.266          109.986                11.226           11.882           11.800         67.16                         
      0.880          6.265          109.986                11.239           11.898           11.800         67.32                         
      0.890          6.264          109.986                11.252           11.913           11.800         67.48                         
      0.900          6.263          109.986                11.264           11.929           11.800         67.65                         
      0.910          6.262          109.985                11.277           11.944           11.800         67.81                         
      0.920          6.260          109.985                11.289           11.959           11.800         67.97                         
      0.930          6.259          109.985                11.302           11.974           11.800         68.13                         
      0.940          6.258          109.985                11.314           11.989           11.800         68.30                         
      0.950          6.257          109.985                11.326           12.004           11.800         68.45                         
      0.960          6.256          109.985                11.338           12.019           11.800         68.61                         
      0.970          6.255          109.985                11.349           12.033           11.800         68.77                         
      0.980          6.254          109.984                11.361           12.047           11.800         68.93                         
      0.990          6.252          109.984                11.372           12.061           11.800         69.08                         
      1.000          6.251          109.984                11.383           12.075           11.800         69.24                         
      1.010          6.250          109.984                11.394           12.089           11.800         69.39                         
      1.020          6.249          109.984                11.405           12.102           11.800         69.54                         
      1.030          6.248          109.984                11.416           12.115           11.800         69.69                         
      1.040          6.247          109.984                11.426           12.128           11.800         69.84                         
      1.050          6.246          109.983                11.437           12.141           11.800         69.99                         
      1.060          6.245          109.983                11.447           12.154           11.800         70.13                         
      1.070          6.244          109.983                11.457           12.166           11.800         70.28                         
      1.080          6.243          109.983                11.466           12.178           11.800         70.42                         
      1.090          6.242          109.983                11.476           12.190           11.800         70.56                         
      1.100          6.241          109.983                11.485           12.202           11.800         70.70                         
      1.110          6.240          109.983                11.494           12.214           11.800         70.84                         
      1.120          6.239          109.983                11.503           12.225           11.800         70.97                         
      1.130          6.238          109.982                11.512           12.236           11.800         71.11                         
      1.140          6.237          109.982                11.521           12.247           11.800         71.24                         
      1.150          6.236          109.982                11.529           12.258           11.800         71.37                         
      1.160          6.235          109.982                11.537           12.268           11.800         71.49                         
      1.170          6.234          109.982                11.545           12.278           11.800         71.62                         
      1.180          6.233          109.982                11.553           12.288           11.800         71.74                         
      1.190          6.232          109.982                11.561           12.298           11.800         71.86                         
      1.200          6.231          109.982                11.568           12.307           11.800         71.98                         
      1.210          6.230          109.981                11.575           12.317           11.800         72.10                         
      1.220          6.229          109.981                11.582           12.326           11.800         72.21                         
      1.230          6.228          109.981                11.589           12.335           11.800         72.32                         
      1.240          6.228          109.981                11.596           12.343           11.800         72.43                         
      1.250          6.227          109.981                11.603           12.352           11.800         72.54                         
      1.260          6.226          109.981                11.609           12.360           11.800         72.65                         
      1.270          6.225          109.981                11.615           12.368           11.800         72.75                         
      1.280          6.225          109.981                11.621           12.375           11.800         72.85                         
      1.290          6.224          109.981                11.627           12.383           11.800         72.94                         
      1.300          6.223          109.981                11.632           12.390           11.800         73.04                         
      1.310          6.222          109.981                11.638           12.397           11.800         73.13                         
      1.320          6.222          109.980                11.643           12.404           11.800         73.22                         
      1.330          6.221          109.980                11.648           12.410           11.800         73.31                         
      1.340          6.220          109.980                11.653           12.417           11.800         73.39                         
      1.350          6.220          109.980                11.657           12.423           11.800         73.47                         
      1.360          6.219          109.980                11.662           12.429           11.800         73.55                         
      1.370          6.219          109.980                11.666           12.434           11.800         73.63                         
      1.380          6.218          109.980                11.670           12.440           11.800         73.70                         
      1.390          6.218          109.980                11.674           12.445           11.800         73.77                         
      1.400          6.217          109.980                11.678           12.450           11.800         73.84                         
      1.410          6.217          109.980                11.682           12.455           11.800         73.90                         
      1.420          6.216          109.980                11.685           12.459           11.800         73.96                         
      1.430          6.216          109.980                11.688           12.463           11.800         74.02                         
      1.440          6.215          109.980                11.691           12.468           11.800         74.08                         
      1.450          6.215          109.980                11.694           12.471           11.800         74.13                         
      1.460          6.215          109.980                11.697           12.475           11.800         74.18                         
      1.470          6.214          109.979                11.700           12.478           11.800         74.23                         
      1.480          6.214          109.979                11.702           12.482           11.800         74.27                         
      1.490          6.214          109.979                11.704           12.485           11.800         74.31                         
      1.500          6.213          109.979                11.706           12.487           11.800         74.35                         
      1.510          6.213          109.979                11.708           12.490           11.800         74.39                         
      1.520          6.213          109.979                11.710           12.492           11.800         74.42                         
      1.530          6.212          109.979                11.711           12.494           11.800         74.45                         
      1.540          6.212          109.979                11.713           12.496           11.800         74.47                         
      1.550          6.212          109.979                11.714           12.498           11.800         74.50                         
      1.560          6.212          109.979                11.715           12.499           11.800         74.52                         
      1.570          6.212          109.979                11.716           12.500           11.800         74.53                         
      1.580          6.212          109.979                11.717           12.501           11.800         74.55                         
      1.590          6.212          109.979                11.717           12.502           11.800         74.56                         
      1.600          6.212          109.979                11.718           12.503           11.800         74.56                         
      1.610          6.212          109.979                11.718           12.503           11.800         74.57                         
      1.620          6.212          109.979                11.718           12.503           11.800         74.57                         
      1.630          6.212          109.979                11.718           12.503           11.800         74.57                         
      1.640          6.212          109.979                11.718           12.503           11.800         74.56                         
      1.650          6.212          109.979                11.717           12.502           11.800         74.56                         
      1.660          6.212          109.979                11.717           12.501           11.800         74.55                         
      1.670          6.212          109.979                11.716           12.500           11.800         74.53                         
      1.680          6.212          109.979                11.715           12.499           11.800         74.52                         
      1.690          6.212          109.979                11.714           12.498           11.800         74.50                         
      1.700          6.212          109.979                11.713           12.496           11.800         74.47                         
      1.710          6.212          109.979                11.711           12.494           11.800         74.45                         
      1.720          6.213          109.979                11.710           12.492           11.800         74.42                         
      1.730          6.213          109.979                11.708           12.490           11.800         74.39                         
      1.740          6.213          109.979                11.706           12.487           11.800         74.35                         
      1.750          6.213          109.979                11.704           12.485           11.800         74.31                         
      1.760          6.214          109.979                11.702           12.482           11.800         74.27                         
      1.770          6.214          109.979                11.700           12.479           11.800         74.23                         
      1.780          6.214          109.980                11.697           12.475           11.800         74.18                         
      1.790          6.215          109.980                11.694           12.472           11.800         74.13                         
      1.800          6.215          109.980                11.692           12.468           11.800         74.08                         
      1.810          6.216          109.980                11.689           12.464           11.800         74.03                         
      1.820          6.216          109.980                11.685           12.460           11.800         73.97                         
      1.830          6.217          109.980                11.682           12.455           11.800         73.91                         
      1.840          6.217          109.980                11.678           12.450           11.800         73.84                         
      1.850          6.218          109.980                11.675           12.446           11.800         73.78                         
      1.860          6.218          109.980                11.671           12.440           11.800         73.71                         
      1.870          6.219          109.980                11.667           12.435           11.800         73.64                         
      1.880          6.219          109.980                11.662           12.429           11.800         73.56                         
      1.890          6.220          109.980                11.658           12.424           11.800         73.48                         
      1.900          6.220          109.980                11.653           12.418           11.800         73.40                         
      1.910          6.221          109.980                11.649           12.411           11.800         73.32                         
      1.920          6.222          109.980                11.644           12.405           11.800         73.23                         
      1.930          6.222          109.981                11.638           12.398           11.800         73.15                         
      1.940          6.223          109.981                11.633           12.391           11.800         73.05                         
      1.950          6.224          109.981                11.628           12.384           11.800         72.96                         
      1.960          6.224          109.981                11.622           12.377           11.800         72.87                         
      1.970          6.225          109.981                11.616           12.369           11.800         72.77                         
      1.980          6.226          109.981                11.610           12.361           11.800         72.67                         
      1.990          6.227          109.981                11.604           12.353           11.800         72.56                         
      2.000          6.227          109.981                11.598           12.345           11.800         72.46                         

