  ¬рем€            U                U                Pij              –г               –т г             ”гол рот         ќтн угол U       
                   601              1002             1001             601              601              601              601              
                                                     1002                                                                                 
                                                     1                                                                                    

                     6.300          110.000                 9.578           20.700           20.700         64.20                         
      0.010          6.300          110.000                 9.578           20.700           20.700         64.20                         
      0.020          6.300          110.000                 9.578           20.700           20.700         64.20                         
      0.030          6.300          110.000                 9.578           20.700           20.700         64.20                         
      0.040          6.300          110.000                 9.578           20.700           20.700         64.20                         
      0.050          6.300          110.000                 9.578           20.700           20.700         64.20                         
      0.060          6.300          110.000                 9.578           20.700           20.700         64.20                         
      0.070          6.300          110.000                 9.578           20.700           20.700         64.20                         
      0.080          6.300          110.000                 9.578           20.700           20.700         64.20                         
      0.090          6.300          110.000                 9.578           20.700           20.700         64.20                         
      0.100          6.300          110.000                 9.578           20.700           20.700         64.20                         
      0.110          6.300          110.000                 9.578           20.700           20.700         64.20                         
      0.120          6.300          110.000                 9.578           20.700           20.700         64.20                         
      0.130          6.300          110.000                 9.578           20.700           20.700         64.20                         
      0.140          6.300          110.000                 9.578           20.700           20.700         64.20                         
      0.150          6.300          110.000                 9.578           20.700           20.700         64.20                         
      0.160          6.300          110.000                 9.578           20.700           20.700         64.20                         
      0.170          6.300          110.000                 9.578           20.700           20.700         64.20                         
      0.180          6.300          110.000                 9.578           20.700           20.700         64.20                         
      0.190          6.300          110.000                 9.578           20.700           20.700         64.20                         
      0.200          6.300          110.000                 9.578           20.700           20.700         64.20                         
      0.200          6.369          109.998                16.784           17.927           20.700         64.20                         
      0.210          6.369          109.998                16.785           17.928           20.700         64.21                         
      0.220          6.369          109.998                16.788           17.931           20.700         64.23                         
      0.230          6.368          109.998                16.792           17.936           20.700         64.26                         
      0.240          6.368          109.998                16.798           17.944           20.700         64.30                         
      0.250          6.367          109.998                16.806           17.953           20.700         64.36                         
      0.260          6.367          109.998                16.815           17.965           20.700         64.43                         
      0.270          6.366          109.998                16.826           17.978           20.700         64.51                         
      0.280          6.365          109.998                16.839           17.994           20.700         64.60                         
      0.290          6.364          109.998                16.853           18.011           20.700         64.71                         
      0.300          6.363          109.997                16.869           18.030           20.700         64.83                         
      0.310          6.361          109.997                16.886           18.052           20.700         64.96                         
      0.320          6.360          109.997                16.904           18.075           20.700         65.10                         
      0.330          6.359          109.997                16.924           18.099           20.700         65.25                         
      0.340          6.357          109.997                16.946           18.126           20.700         65.41                         
      0.350          6.355          109.996                16.969           18.154           20.700         65.59                         
      0.360          6.353          109.996                16.993           18.184           20.700         65.77                         
      0.370          6.351          109.996                17.018           18.215           20.700         65.97                         
      0.380          6.349          109.996                17.044           18.248           20.700         66.18                         
      0.390          6.347          109.995                17.072           18.283           20.700         66.40                         
      0.400          6.345          109.995                17.100           18.318           20.700         66.63                         
      0.410          6.342          109.995                17.130           18.356           20.700         66.86                         
      0.420          6.340          109.994                17.160           18.394           20.700         67.11                         
      0.430          6.337          109.994                17.192           18.434           20.700         67.37                         
      0.440          6.335          109.994                17.224           18.474           20.700         67.64                         
      0.450          6.332          109.993                17.257           18.516           20.700         67.92                         
      0.460          6.329          109.993                17.290           18.559           20.700         68.21                         
      0.470          6.326          109.992                17.324           18.603           20.700         68.51                         
      0.480          6.323          109.992                17.359           18.647           20.700         68.81                         
      0.490          6.319          109.991                17.394           18.692           20.700         69.13                         
      0.500          6.316          109.991                17.430           18.739           20.700         69.45                         
      0.510          6.313          109.991                17.466           18.785           20.700         69.78                         
      0.520          6.309          109.990                17.502           18.832           20.700         70.12                         
      0.530          6.306          109.990                17.539           18.880           20.700         70.47                         
      0.540          6.302          109.989                17.575           18.928           20.700         70.82                         
      0.550          6.298          109.989                17.612           18.977           20.700         71.19                         
      0.560          6.294          109.988                17.649           19.026           20.700         71.56                         
      0.570          6.290          109.987                17.686           19.075           20.700         71.94                         
      0.580          6.286          109.987                17.722           19.124           20.700         72.32                         
      0.590          6.282          109.986                17.758           19.173           20.700         72.71                         
      0.600          6.278          109.986                17.795           19.222           20.700         73.11                         
      0.610          6.273          109.985                17.830           19.272           20.700         73.51                         
      0.620          6.269          109.985                17.866           19.321           20.700         73.92                         
      0.630          6.264          109.984                17.901           19.369           20.700         74.34                         
      0.640          6.260          109.983                17.935           19.418           20.700         74.76                         
      0.650          6.255          109.983                17.970           19.466           20.700         75.18                         
      0.660          6.250          109.982                18.003           19.514           20.700         75.61                         
      0.670          6.246          109.982                18.036           19.561           20.700         76.05                         
      0.680          6.241          109.981                18.068           19.608           20.700         76.49                         
      0.690          6.236          109.980                18.099           19.654           20.700         76.93                         
      0.700          6.231          109.980                18.130           19.700           20.700         77.38                         
      0.710          6.226          109.979                18.159           19.745           20.700         77.84                         
      0.720          6.221          109.978                18.188           19.789           20.700         78.29                         
      0.730          6.216          109.978                18.216           19.832           20.700         78.76                         
      0.740          6.210          109.977                18.243           19.875           20.700         79.22                         
      0.750          6.205          109.976                18.269           19.917           20.700         79.69                         
      0.760          6.200          109.976                18.294           19.957           20.700         80.16                         
      0.770          6.194          109.975                18.317           19.997           20.700         80.63                         
      0.780          6.189          109.974                18.340           20.036           20.700         81.11                         
      0.790          6.184          109.973                18.361           20.074           20.700         81.59                         
      0.800          6.178          109.973                18.382           20.111           20.700         82.07                         
      0.810          6.172          109.972                18.401           20.146           20.700         82.56                         
      0.820          6.167          109.971                18.419           20.181           20.700         83.04                         
      0.830          6.161          109.971                18.435           20.214           20.700         83.53                         
      0.840          6.155          109.970                18.451           20.246           20.700         84.02                         
      0.850          6.150          109.969                18.465           20.277           20.700         84.51                         
      0.860          6.144          109.968                18.478           20.307           20.700         85.01                         
      0.870          6.138          109.968                18.489           20.335           20.700         85.50                         
      0.880          6.132          109.967                18.499           20.362           20.700         86.00                         
      0.890          6.127          109.966                18.508           20.388           20.700         86.50                         
      0.900          6.121          109.966                18.515           20.413           20.700         87.00                         
      0.910          6.115          109.965                18.521           20.436           20.700         87.50                         
      0.920          6.109          109.964                18.526           20.458           20.700         88.00                         
      0.930          6.103          109.963                18.529           20.478           20.700         88.50                         
      0.940          6.097          109.963                18.531           20.497           20.700         89.00                         
      0.950          6.091          109.962                18.531           20.515           20.700         89.51                         
      0.960          6.085          109.961                18.530           20.531           20.700         90.01                         
      0.970          6.079          109.960                18.527           20.546           20.700         90.51                         
      0.980          6.073          109.960                18.524           20.560           20.700         91.02                         
      0.990          6.067          109.959                18.518           20.572           20.700         91.52                         
      1.000          6.061          109.958                18.511           20.582           20.700         92.03                         
      1.010          6.055          109.957                18.503           20.591           20.700         92.54                         
      1.020          6.048          109.957                18.493           20.599           20.700         93.04                         
      1.030          6.042          109.956                18.482           20.605           20.700         93.55                         
      1.040          6.036          109.955                18.470           20.610           20.700         94.06                         
      1.050          6.030          109.954                18.456           20.614           20.700         94.56                         
      1.060          6.024          109.954                18.440           20.616           20.700         95.07                         
      1.070          6.018          109.953                18.423           20.616           20.700         95.58                         
      1.080          6.011          109.952                18.405           20.615           20.700         96.09                         
      1.090          6.005          109.952                18.385           20.613           20.700         96.60                         
      1.100          5.999          109.951                18.364           20.609           20.700         97.11                         
      1.110          5.993          109.950                18.341           20.604           20.700         97.61                         
      1.120          5.987          109.949                18.317           20.597           20.700         98.12                         
      1.130          5.980          109.949                18.292           20.589           20.700         98.63                         
      1.140          5.974          109.948                18.265           20.579           20.700         99.14                         
      1.150          5.968          109.947                18.236           20.568           20.700         99.66                         
      1.160          5.962          109.946                18.206           20.555           20.700        100.17                         
      1.170          5.955          109.946                18.175           20.541           20.700        100.68                         
      1.180          5.949          109.945                18.142           20.525           20.700        101.19                         
      1.190          5.943          109.944                18.107           20.508           20.700        101.70                         
      1.200          5.937          109.944                18.071           20.489           20.700        102.22                         
      1.210          5.930          109.943                18.034           20.469           20.700        102.73                         
      1.220          5.924          109.942                17.995           20.448           20.700        103.25                         
      1.230          5.918          109.941                17.954           20.424           20.700        103.77                         
      1.240          5.911          109.941                17.912           20.400           20.700        104.28                         
      1.250          5.905          109.940                17.869           20.373           20.700        104.80                         
      1.260          5.898          109.939                17.824           20.345           20.700        105.32                         
      1.270          5.892          109.939                17.777           20.316           20.700        105.85                         
      1.280          5.886          109.938                17.728           20.285           20.700        106.37                         
      1.290          5.879          109.937                17.678           20.252           20.700        106.90                         
      1.300          5.873          109.936                17.627           20.218           20.700        107.42                         
      1.310          5.866          109.936                17.573           20.182           20.700        107.95                         
      1.320          5.860          109.935                17.518           20.144           20.700        108.49                         
      1.330          5.853          109.934                17.461           20.104           20.700        109.02                         
      1.340          5.847          109.934                17.402           20.063           20.700        109.56                         
      1.350          5.840          109.933                17.342           20.020           20.700        110.10                         
      1.360          5.834          109.932                17.279           19.975           20.700        110.64                         
      1.370          5.827          109.931                17.215           19.928           20.700        111.19                         
      1.380          5.820          109.931                17.148           19.879           20.700        111.74                         
      1.390          5.814          109.930                17.080           19.828           20.700        112.29                         
      1.400          5.807          109.929                17.009           19.776           20.700        112.85                         
      1.410          5.800          109.929                16.937           19.721           20.700        113.41                         
      1.420          5.793          109.928                16.862           19.664           20.700        113.98                         
      1.430          5.786          109.927                16.785           19.605           20.700        114.55                         
      1.440          5.779          109.926                16.705           19.543           20.700        115.13                         
      1.450          5.772          109.926                16.624           19.479           20.700        115.71                         
      1.460          5.765          109.925                16.539           19.413           20.700        116.29                         
      1.470          5.758          109.924                16.452           19.344           20.700        116.89                         
      1.480          5.751          109.923                16.363           19.273           20.700        117.48                         
      1.490          5.744          109.923                16.271           19.199           20.700        118.09                         
      1.500          5.737          109.922                16.175           19.122           20.700        118.70                         
      1.510          5.730          109.921                16.077           19.043           20.700        119.32                         
      1.520          5.722          109.920                15.976           18.960           20.700        119.94                         
      1.530          5.715          109.920                15.872           18.875           20.700        120.58                         
      1.540          5.707          109.919                15.764           18.786           20.700        121.22                         
      1.550          5.700          109.918                15.653           18.694           20.700        121.87                         
      1.560          5.692          109.917                15.538           18.598           20.700        122.53                         
      1.570          5.685          109.917                15.420           18.499           20.700        123.20                         
      1.580          5.677          109.916                15.298           18.397           20.700        123.88                         
      1.590          5.669          109.915                15.171           18.290           20.700        124.57                         
      1.600          5.661          109.914                15.041           18.179           20.700        125.26                         
      1.610          5.653          109.914                14.906           18.064           20.700        125.98                         
      1.620          5.645          109.913                14.767           17.945           20.700        126.70                         
      1.630          5.637          109.912                14.622           17.820           20.700        127.43                         
      1.640          5.628          109.911                14.473           17.692           20.700        128.18                         
      1.650          5.620          109.910                14.319           17.558           20.700        128.94                         
      1.660          5.612          109.910                14.159           17.418           20.700        129.72                         
      1.670          5.603          109.909                13.994           17.274           20.700        130.51                         
      1.680          5.594          109.908                13.822           17.123           20.700        131.31                         
      1.690          5.586          109.907                13.645           16.967           20.700        132.14                         
      1.700          5.577          109.906                13.461           16.804           20.700        132.97                         
      1.710          5.568          109.906                13.270           16.634           20.700        133.83                         
      1.720          5.559          109.905                13.072           16.458           20.700        134.70                         
      1.730          5.550          109.904                12.867           16.274           20.700        135.60                         
      1.740          5.540          109.903                12.654           16.083           20.700        136.51                         
      1.750          5.531          109.902                12.433           15.884           20.700        137.44                         
      1.760          5.522          109.901                12.203           15.676           20.700        138.40                         
      1.770          5.512          109.901                11.964           15.460           20.700        139.37                         
      1.780          5.502          109.900                11.717           15.234           20.700        140.37                         
      1.790          5.493          109.899                11.459           14.999           20.700        141.40                         
      1.800          5.483          109.898                11.192           14.753           20.700        142.45                         
      1.810          5.473          109.897                10.913           14.497           20.700        143.53                         
      1.820          5.463          109.896                10.624           14.230           20.700        144.63                         
      1.830          5.453          109.896                10.323           13.951           20.700        145.76                         
      1.840          5.443          109.895                10.010           13.660           20.700        146.93                         
      1.850          5.433          109.894                 9.684           13.356           20.700        148.12                         
      1.860          5.423          109.893                 9.345           13.039           20.700        149.35                         
      1.870          5.413          109.892                 8.992           12.708           20.700        150.62                         
      1.880          5.403          109.892                 8.624           12.361           20.700        151.91                         
      1.890          5.393          109.891                 8.242           12.000           20.700        153.25                         
      1.900          5.383          109.890                 7.843           11.622           20.700        154.62                         
      1.910          5.373          109.890                 7.428           11.227           20.700        156.04                         
      1.920          5.363          109.889                 6.997           10.815           20.700        157.50                         
      1.930          5.353          109.888                 6.547           10.385           20.700        159.00                         
      1.940          5.344          109.888                 6.079            9.935           20.700        160.55                         
      1.950          5.335          109.887                 5.592            9.465           20.700        162.14                         
      1.960          5.326          109.887                 5.085            8.974           20.700        163.79                         
      1.970          5.317          109.886                 4.557            8.462           20.700        165.49                         
      1.980          5.309          109.886                 4.009            7.928           20.700        167.25                         
      1.990          5.301          109.886                 3.438            7.370           20.700        169.06                         
      2.000          5.294          109.885                 2.846            6.789           20.700        170.93                         

