  ¬рем€            U                U                Pij              –г               –т г             ”гол рот         ќтн угол U       
                   601              1002             1001             601              601              601              601              
                                                     1002                                                                                 
                                                     1                                                                                    

                     6.300          110.000                 9.456           20.400           20.400         62.95                         
      0.010          6.300          110.000                 9.456           20.400           20.400         62.95                         
      0.020          6.300          110.000                 9.456           20.400           20.400         62.95                         
      0.030          6.300          110.000                 9.456           20.400           20.400         62.95                         
      0.040          6.300          110.000                 9.456           20.400           20.400         62.95                         
      0.050          6.300          110.000                 9.456           20.400           20.400         62.95                         
      0.060          6.300          110.000                 9.456           20.400           20.400         62.95                         
      0.070          6.300          110.000                 9.456           20.400           20.400         62.95                         
      0.080          6.300          110.000                 9.456           20.400           20.400         62.95                         
      0.090          6.300          110.000                 9.456           20.400           20.400         62.95                         
      0.100          6.300          110.000                 9.456           20.400           20.400         62.95                         
      0.110          6.300          110.000                 9.456           20.400           20.400         62.95                         
      0.120          6.300          110.000                 9.456           20.400           20.400         62.95                         
      0.130          6.300          110.000                 9.456           20.400           20.400         62.95                         
      0.140          6.300          110.000                 9.456           20.400           20.400         62.95                         
      0.150          6.300          110.000                 9.456           20.400           20.400         62.95                         
      0.160          6.300          110.000                 9.456           20.400           20.400         62.95                         
      0.170          6.300          110.000                 9.456           20.400           20.400         62.95                         
      0.180          6.300          110.000                 9.456           20.400           20.400         62.95                         
      0.190          6.300          110.000                 9.456           20.400           20.400         62.95                         
      0.200          6.300          110.000                 9.456           20.400           20.400         62.95                         
      0.200          6.367          109.998                16.564           17.664           20.400         62.95                         
      0.210          6.367          109.998                16.565           17.665           20.400         62.96                         
      0.220          6.366          109.998                16.567           17.668           20.400         62.98                         
      0.230          6.366          109.998                16.572           17.674           20.400         63.01                         
      0.240          6.366          109.998                16.578           17.681           20.400         63.05                         
      0.250          6.365          109.998                16.586           17.691           20.400         63.11                         
      0.260          6.364          109.998                16.596           17.703           20.400         63.17                         
      0.270          6.364          109.998                16.607           17.716           20.400         63.25                         
      0.280          6.363          109.998                16.620           17.732           20.400         63.35                         
      0.290          6.362          109.997                16.635           17.750           20.400         63.45                         
      0.300          6.361          109.997                16.651           17.770           20.400         63.57                         
      0.310          6.359          109.997                16.668           17.791           20.400         63.69                         
      0.320          6.358          109.997                16.688           17.815           20.400         63.83                         
      0.330          6.357          109.997                16.708           17.840           20.400         63.98                         
      0.340          6.355          109.996                16.730           17.867           20.400         64.14                         
      0.350          6.353          109.996                16.754           17.896           20.400         64.32                         
      0.360          6.352          109.996                16.779           17.926           20.400         64.50                         
      0.370          6.350          109.996                16.805           17.959           20.400         64.69                         
      0.380          6.348          109.995                16.832           17.992           20.400         64.90                         
      0.390          6.346          109.995                16.860           18.027           20.400         65.11                         
      0.400          6.343          109.995                16.890           18.064           20.400         65.34                         
      0.410          6.341          109.994                16.920           18.102           20.400         65.57                         
      0.420          6.339          109.994                16.952           18.141           20.400         65.82                         
      0.430          6.336          109.994                16.984           18.182           20.400         66.07                         
      0.440          6.333          109.993                17.018           18.223           20.400         66.34                         
      0.450          6.331          109.993                17.052           18.266           20.400         66.61                         
      0.460          6.328          109.993                17.087           18.310           20.400         66.90                         
      0.470          6.325          109.992                17.122           18.355           20.400         67.19                         
      0.480          6.322          109.992                17.159           18.400           20.400         67.49                         
      0.490          6.319          109.991                17.195           18.447           20.400         67.80                         
      0.500          6.316          109.991                17.232           18.494           20.400         68.12                         
      0.510          6.312          109.990                17.270           18.542           20.400         68.44                         
      0.520          6.309          109.990                17.308           18.591           20.400         68.78                         
      0.530          6.305          109.989                17.346           18.640           20.400         69.12                         
      0.540          6.302          109.989                17.384           18.689           20.400         69.47                         
      0.550          6.298          109.988                17.423           18.739           20.400         69.82                         
      0.560          6.294          109.988                17.461           18.789           20.400         70.19                         
      0.570          6.290          109.987                17.500           18.840           20.400         70.56                         
      0.580          6.286          109.987                17.538           18.891           20.400         70.93                         
      0.590          6.282          109.986                17.577           18.942           20.400         71.31                         
      0.600          6.278          109.986                17.615           18.992           20.400         71.70                         
      0.610          6.274          109.985                17.653           19.043           20.400         72.10                         
      0.620          6.270          109.985                17.691           19.094           20.400         72.50                         
      0.630          6.266          109.984                17.728           19.145           20.400         72.90                         
      0.640          6.261          109.984                17.765           19.195           20.400         73.32                         
      0.650          6.257          109.983                17.801           19.245           20.400         73.73                         
      0.660          6.252          109.982                17.837           19.295           20.400         74.15                         
      0.670          6.247          109.982                17.872           19.344           20.400         74.58                         
      0.680          6.243          109.981                17.907           19.393           20.400         75.01                         
      0.690          6.238          109.980                17.941           19.441           20.400         75.44                         
      0.700          6.233          109.980                17.974           19.489           20.400         75.88                         
      0.710          6.228          109.979                18.006           19.536           20.400         76.32                         
      0.720          6.224          109.979                18.038           19.583           20.400         76.76                         
      0.730          6.219          109.978                18.069           19.629           20.400         77.21                         
      0.740          6.214          109.977                18.099           19.674           20.400         77.66                         
      0.750          6.208          109.977                18.128           19.718           20.400         78.12                         
      0.760          6.203          109.976                18.156           19.761           20.400         78.57                         
      0.770          6.198          109.975                18.183           19.804           20.400         79.03                         
      0.780          6.193          109.975                18.209           19.845           20.400         79.49                         
      0.790          6.188          109.974                18.233           19.886           20.400         79.96                         
      0.800          6.183          109.973                18.257           19.925           20.400         80.42                         
      0.810          6.177          109.973                18.280           19.964           20.400         80.89                         
      0.820          6.172          109.972                18.302           20.001           20.400         81.36                         
      0.830          6.166          109.971                18.322           20.038           20.400         81.83                         
      0.840          6.161          109.970                18.341           20.073           20.400         82.30                         
      0.850          6.156          109.970                18.359           20.107           20.400         82.78                         
      0.860          6.150          109.969                18.376           20.140           20.400         83.25                         
      0.870          6.145          109.968                18.392           20.172           20.400         83.73                         
      0.880          6.139          109.968                18.406           20.202           20.400         84.20                         
      0.890          6.134          109.967                18.419           20.232           20.400         84.68                         
      0.900          6.128          109.966                18.431           20.260           20.400         85.16                         
      0.910          6.122          109.966                18.442           20.287           20.400         85.63                         
      0.920          6.117          109.965                18.451           20.313           20.400         86.11                         
      0.930          6.111          109.964                18.459           20.337           20.400         86.59                         
      0.940          6.106          109.964                18.466           20.360           20.400         87.07                         
      0.950          6.100          109.963                18.471           20.382           20.400         87.55                         
      0.960          6.094          109.962                18.476           20.403           20.400         88.02                         
      0.970          6.089          109.961                18.479           20.422           20.400         88.50                         
      0.980          6.083          109.961                18.480           20.440           20.400         88.98                         
      0.990          6.077          109.960                18.481           20.457           20.400         89.46                         
      1.000          6.071          109.959                18.480           20.473           20.400         89.93                         
      1.010          6.066          109.959                18.478           20.487           20.400         90.41                         
      1.020          6.060          109.958                18.475           20.500           20.400         90.88                         
      1.030          6.054          109.957                18.470           20.512           20.400         91.36                         
      1.040          6.049          109.957                18.464           20.522           20.400         91.83                         
      1.050          6.043          109.956                18.457           20.531           20.400         92.31                         
      1.060          6.037          109.955                18.449           20.539           20.400         92.78                         
      1.070          6.032          109.955                18.439           20.546           20.400         93.25                         
      1.080          6.026          109.954                18.428           20.551           20.400         93.72                         
      1.090          6.020          109.953                18.416           20.555           20.400         94.19                         
      1.100          6.014          109.952                18.403           20.558           20.400         94.66                         
      1.110          6.009          109.952                18.388           20.560           20.400         95.13                         
      1.120          6.003          109.951                18.373           20.560           20.400         95.60                         
      1.130          5.997          109.950                18.356           20.559           20.400         96.07                         
      1.140          5.992          109.950                18.338           20.557           20.400         96.54                         
      1.150          5.986          109.949                18.319           20.554           20.400         97.00                         
      1.160          5.980          109.948                18.298           20.549           20.400         97.47                         
      1.170          5.975          109.948                18.277           20.543           20.400         97.93                         
      1.180          5.969          109.947                18.254           20.536           20.400         98.40                         
      1.190          5.963          109.947                18.230           20.528           20.400         98.86                         
      1.200          5.958          109.946                18.205           20.519           20.400         99.32                         
      1.210          5.952          109.945                18.179           20.508           20.400         99.79                         
      1.220          5.946          109.945                18.152           20.497           20.400        100.25                         
      1.230          5.941          109.944                18.123           20.484           20.400        100.71                         
      1.240          5.935          109.943                18.094           20.470           20.400        101.17                         
      1.250          5.929          109.943                18.063           20.455           20.400        101.63                         
      1.260          5.924          109.942                18.031           20.438           20.400        102.09                         
      1.270          5.918          109.941                17.998           20.421           20.400        102.55                         
      1.280          5.913          109.941                17.964           20.402           20.400        103.01                         
      1.290          5.907          109.940                17.929           20.382           20.400        103.47                         
      1.300          5.901          109.939                17.893           20.361           20.400        103.93                         
      1.310          5.896          109.939                17.855           20.339           20.400        104.39                         
      1.320          5.890          109.938                17.816           20.315           20.400        104.85                         
      1.330          5.884          109.938                17.776           20.291           20.400        105.31                         
      1.340          5.879          109.937                17.735           20.265           20.400        105.77                         
      1.350          5.873          109.936                17.693           20.238           20.400        106.23                         
      1.360          5.867          109.936                17.649           20.209           20.400        106.70                         
      1.370          5.862          109.935                17.605           20.180           20.400        107.16                         
      1.380          5.856          109.934                17.559           20.149           20.400        107.62                         
      1.390          5.850          109.934                17.511           20.117           20.400        108.09                         
      1.400          5.845          109.933                17.463           20.084           20.400        108.56                         
      1.410          5.839          109.933                17.413           20.049           20.400        109.03                         
      1.420          5.833          109.932                17.362           20.013           20.400        109.50                         
      1.430          5.827          109.931                17.309           19.976           20.400        109.97                         
      1.440          5.822          109.931                17.255           19.937           20.400        110.44                         
      1.450          5.816          109.930                17.200           19.897           20.400        110.92                         
      1.460          5.810          109.929                17.143           19.855           20.400        111.39                         
      1.470          5.804          109.929                17.085           19.813           20.400        111.88                         
      1.480          5.798          109.928                17.025           19.768           20.400        112.36                         
      1.490          5.793          109.928                16.964           19.722           20.400        112.84                         
      1.500          5.787          109.927                16.901           19.675           20.400        113.33                         
      1.510          5.781          109.926                16.836           19.625           20.400        113.83                         
      1.520          5.775          109.926                16.770           19.575           20.400        114.32                         
      1.530          5.769          109.925                16.702           19.522           20.400        114.82                         
      1.540          5.763          109.924                16.632           19.468           20.400        115.32                         
      1.550          5.757          109.924                16.560           19.412           20.400        115.83                         
      1.560          5.751          109.923                16.487           19.354           20.400        116.34                         
      1.570          5.744          109.922                16.411           19.294           20.400        116.86                         
      1.580          5.738          109.922                16.333           19.232           20.400        117.38                         
      1.590          5.732          109.921                16.253           19.168           20.400        117.91                         
      1.600          5.726          109.921                16.171           19.102           20.400        118.44                         
      1.610          5.719          109.920                16.087           19.034           20.400        118.98                         
      1.620          5.713          109.919                16.000           18.963           20.400        119.53                         
      1.630          5.706          109.919                15.911           18.891           20.400        120.08                         
      1.640          5.700          109.918                15.819           18.815           20.400        120.63                         
      1.650          5.693          109.917                15.724           18.737           20.400        121.20                         
      1.660          5.687          109.917                15.627           18.656           20.400        121.77                         
      1.670          5.680          109.916                15.527           18.573           20.400        122.35                         
      1.680          5.673          109.915                15.423           18.487           20.400        122.94                         
      1.690          5.666          109.915                15.317           18.397           20.400        123.54                         
      1.700          5.659          109.914                15.207           18.305           20.400        124.14                         
      1.710          5.652          109.913                15.094           18.209           20.400        124.76                         
      1.720          5.645          109.912                14.977           18.110           20.400        125.38                         
      1.730          5.638          109.912                14.857           18.007           20.400        126.02                         
      1.740          5.631          109.911                14.732           17.901           20.400        126.66                         
      1.750          5.624          109.910                14.604           17.790           20.400        127.32                         
      1.760          5.616          109.910                14.471           17.676           20.400        127.99                         
      1.770          5.609          109.909                14.334           17.557           20.400        128.67                         
      1.780          5.601          109.908                14.193           17.434           20.400        129.37                         
      1.790          5.593          109.907                14.046           17.306           20.400        130.07                         
      1.800          5.586          109.907                13.894           17.173           20.400        130.79                         
      1.810          5.578          109.906                13.738           17.035           20.400        131.53                         
      1.820          5.570          109.905                13.575           16.892           20.400        132.28                         
      1.830          5.562          109.905                13.407           16.743           20.400        133.04                         
      1.840          5.554          109.904                13.233           16.588           20.400        133.83                         
      1.850          5.545          109.903                13.053           16.427           20.400        134.63                         
      1.860          5.537          109.902                12.865           16.260           20.400        135.44                         
      1.870          5.528          109.902                12.671           16.086           20.400        136.28                         
      1.880          5.520          109.901                12.470           15.905           20.400        137.13                         
      1.890          5.511          109.900                12.261           15.716           20.400        138.01                         
      1.900          5.502          109.899                12.045           15.520           20.400        138.91                         
      1.910          5.493          109.898                11.820           15.315           20.400        139.82                         
      1.920          5.484          109.898                11.586           15.102           20.400        140.76                         
      1.930          5.475          109.897                11.343           14.880           20.400        141.73                         
      1.940          5.466          109.896                11.091           14.648           20.400        142.72                         
      1.950          5.457          109.895                10.829           14.407           20.400        143.73                         
      1.960          5.447          109.895                10.556           14.155           20.400        144.77                         
      1.970          5.438          109.894                10.272           13.892           20.400        145.84                         
      1.980          5.429          109.893                 9.977           13.618           20.400        146.94                         
      1.990          5.419          109.892                 9.671           13.332           20.400        148.07                         
      2.000          5.410          109.892                 9.351           13.033           20.400        149.23                         

