  ¬рем€            U                U                Pij              –г               –т г             ”гол рот         ќтн угол U       
                   601              1002             1001             601              601              601              601              
                                                     1002                                                                                 
                                                     1                                                                                    

                     6.300          110.000                 9.698           21.000           21.000         65.48                         
      0.010          6.300          110.000                 9.698           21.000           21.000         65.48                         
      0.020          6.300          110.000                 9.698           21.000           21.000         65.48                         
      0.030          6.300          110.000                 9.698           21.000           21.000         65.48                         
      0.040          6.300          110.000                 9.698           21.000           21.000         65.48                         
      0.050          6.300          110.000                 9.698           21.000           21.000         65.48                         
      0.060          6.300          110.000                 9.698           21.000           21.000         65.48                         
      0.070          6.300          110.000                 9.698           21.000           21.000         65.48                         
      0.080          6.300          110.000                 9.698           21.000           21.000         65.48                         
      0.090          6.300          110.000                 9.698           21.000           21.000         65.48                         
      0.100          6.300          110.000                 9.698           21.000           21.000         65.48                         
      0.110          6.300          110.000                 9.698           21.000           21.000         65.48                         
      0.120          6.300          110.000                 9.698           21.000           21.000         65.48                         
      0.130          6.300          110.000                 9.698           21.000           21.000         65.48                         
      0.140          6.300          110.000                 9.698           21.000           21.000         65.48                         
      0.150          6.300          110.000                 9.698           21.000           21.000         65.48                         
      0.160          6.300          110.000                 9.698           21.000           21.000         65.48                         
      0.170          6.300          110.000                 9.698           21.000           21.000         65.48                         
      0.180          6.300          110.000                 9.698           21.000           21.000         65.48                         
      0.190          6.300          110.000                 9.698           21.000           21.000         65.48                         
      0.200          6.300          110.000                 9.698           21.000           21.000         65.48                         
      0.200          6.371          109.999                17.003           18.189           21.000         65.48                         
      0.210          6.371          109.999                17.004           18.191           21.000         65.49                         
      0.220          6.371          109.999                17.007           18.194           21.000         65.51                         
      0.230          6.371          109.998                17.011           18.199           21.000         65.54                         
      0.240          6.370          109.998                17.017           18.206           21.000         65.58                         
      0.250          6.370          109.998                17.024           18.215           21.000         65.64                         
      0.260          6.369          109.998                17.033           18.227           21.000         65.71                         
      0.270          6.368          109.998                17.044           18.240           21.000         65.79                         
      0.280          6.367          109.998                17.056           18.255           21.000         65.89                         
      0.290          6.366          109.998                17.070           18.272           21.000         66.00                         
      0.300          6.365          109.998                17.085           18.291           21.000         66.11                         
      0.310          6.364          109.997                17.101           18.312           21.000         66.25                         
      0.320          6.362          109.997                17.119           18.334           21.000         66.39                         
      0.330          6.361          109.997                17.139           18.358           21.000         66.54                         
      0.340          6.359          109.997                17.159           18.384           21.000         66.71                         
      0.350          6.357          109.997                17.181           18.412           21.000         66.89                         
      0.360          6.355          109.996                17.204           18.441           21.000         67.07                         
      0.370          6.353          109.996                17.229           18.472           21.000         67.27                         
      0.380          6.351          109.996                17.254           18.504           21.000         67.49                         
      0.390          6.349          109.995                17.281           18.537           21.000         67.71                         
      0.400          6.347          109.995                17.308           18.572           21.000         67.94                         
      0.410          6.344          109.995                17.337           18.608           21.000         68.18                         
      0.420          6.341          109.994                17.366           18.646           21.000         68.44                         
      0.430          6.339          109.994                17.396           18.684           21.000         68.70                         
      0.440          6.336          109.994                17.427           18.724           21.000         68.97                         
      0.450          6.333          109.993                17.458           18.765           21.000         69.26                         
      0.460          6.330          109.993                17.490           18.806           21.000         69.55                         
      0.470          6.327          109.992                17.523           18.849           21.000         69.85                         
      0.480          6.324          109.992                17.556           18.892           21.000         70.16                         
      0.490          6.320          109.992                17.590           18.936           21.000         70.48                         
      0.500          6.317          109.991                17.624           18.981           21.000         70.81                         
      0.510          6.313          109.991                17.658           19.026           21.000         71.15                         
      0.520          6.310          109.990                17.693           19.072           21.000         71.50                         
      0.530          6.306          109.990                17.728           19.118           21.000         71.85                         
      0.540          6.302          109.989                17.762           19.165           21.000         72.21                         
      0.550          6.298          109.989                17.797           19.212           21.000         72.58                         
      0.560          6.294          109.988                17.832           19.259           21.000         72.96                         
      0.570          6.290          109.987                17.866           19.307           21.000         73.34                         
      0.580          6.286          109.987                17.901           19.354           21.000         73.74                         
      0.590          6.281          109.986                17.935           19.401           21.000         74.14                         
      0.600          6.277          109.986                17.969           19.449           21.000         74.54                         
      0.610          6.273          109.985                18.002           19.496           21.000         74.95                         
      0.620          6.268          109.984                18.035           19.543           21.000         75.37                         
      0.630          6.263          109.984                18.068           19.590           21.000         75.80                         
      0.640          6.259          109.983                18.100           19.636           21.000         76.23                         
      0.650          6.254          109.983                18.131           19.682           21.000         76.66                         
      0.660          6.249          109.982                18.162           19.728           21.000         77.10                         
      0.670          6.244          109.981                18.192           19.773           21.000         77.55                         
      0.680          6.239          109.981                18.221           19.817           21.000         78.00                         
      0.690          6.234          109.980                18.250           19.861           21.000         78.46                         
      0.700          6.229          109.979                18.277           19.904           21.000         78.92                         
      0.710          6.223          109.979                18.304           19.947           21.000         79.39                         
      0.720          6.218          109.978                18.330           19.988           21.000         79.86                         
      0.730          6.213          109.977                18.354           20.029           21.000         80.33                         
      0.740          6.207          109.977                18.378           20.069           21.000         80.81                         
      0.750          6.202          109.976                18.400           20.108           21.000         81.29                         
      0.760          6.196          109.975                18.422           20.146           21.000         81.78                         
      0.770          6.191          109.974                18.442           20.183           21.000         82.27                         
      0.780          6.185          109.974                18.461           20.219           21.000         82.76                         
      0.790          6.179          109.973                18.478           20.253           21.000         83.26                         
      0.800          6.173          109.972                18.495           20.287           21.000         83.76                         
      0.810          6.168          109.971                18.510           20.319           21.000         84.26                         
      0.820          6.162          109.971                18.524           20.350           21.000         84.76                         
      0.830          6.156          109.970                18.536           20.380           21.000         85.27                         
      0.840          6.150          109.969                18.547           20.409           21.000         85.78                         
      0.850          6.144          109.968                18.557           20.436           21.000         86.29                         
      0.860          6.138          109.968                18.565           20.462           21.000         86.81                         
      0.870          6.132          109.967                18.572           20.486           21.000         87.32                         
      0.880          6.125          109.966                18.577           20.509           21.000         87.84                         
      0.890          6.119          109.965                18.581           20.531           21.000         88.36                         
      0.900          6.113          109.965                18.583           20.551           21.000         88.88                         
      0.910          6.107          109.964                18.583           20.570           21.000         89.41                         
      0.920          6.101          109.963                18.583           20.587           21.000         89.93                         
      0.930          6.094          109.962                18.580           20.603           21.000         90.46                         
      0.940          6.088          109.962                18.576           20.617           21.000         90.99                         
      0.950          6.082          109.961                18.570           20.630           21.000         91.52                         
      0.960          6.075          109.960                18.563           20.641           21.000         92.05                         
      0.970          6.069          109.959                18.554           20.651           21.000         92.59                         
      0.980          6.062          109.959                18.544           20.659           21.000         93.12                         
      0.990          6.056          109.958                18.532           20.665           21.000         93.66                         
      1.000          6.049          109.957                18.518           20.670           21.000         94.19                         
      1.010          6.043          109.956                18.503           20.673           21.000         94.73                         
      1.020          6.036          109.955                18.486           20.675           21.000         95.27                         
      1.030          6.030          109.955                18.467           20.674           21.000         95.81                         
      1.040          6.023          109.954                18.447           20.673           21.000         96.35                         
      1.050          6.016          109.953                18.425           20.669           21.000         96.90                         
      1.060          6.010          109.952                18.401           20.664           21.000         97.44                         
      1.070          6.003          109.951                18.376           20.657           21.000         97.99                         
      1.080          5.996          109.951                18.348           20.649           21.000         98.54                         
      1.090          5.990          109.950                18.319           20.639           21.000         99.09                         
      1.100          5.983          109.949                18.289           20.627           21.000         99.64                         
      1.110          5.976          109.948                18.256           20.613           21.000        100.19                         
      1.120          5.969          109.948                18.222           20.597           21.000        100.74                         
      1.130          5.963          109.947                18.186           20.580           21.000        101.30                         
      1.140          5.956          109.946                18.148           20.561           21.000        101.86                         
      1.150          5.949          109.945                18.108           20.540           21.000        102.42                         
      1.160          5.942          109.944                18.067           20.517           21.000        102.98                         
      1.170          5.935          109.944                18.023           20.493           21.000        103.54                         
      1.180          5.928          109.943                17.978           20.466           21.000        104.11                         
      1.190          5.921          109.942                17.930           20.438           21.000        104.67                         
      1.200          5.914          109.941                17.881           20.408           21.000        105.24                         
      1.210          5.907          109.941                17.830           20.375           21.000        105.82                         
      1.220          5.900          109.940                17.776           20.341           21.000        106.39                         
      1.230          5.893          109.939                17.721           20.305           21.000        106.97                         
      1.240          5.886          109.938                17.664           20.267           21.000        107.55                         
      1.250          5.879          109.937                17.604           20.226           21.000        108.14                         
      1.260          5.872          109.937                17.542           20.184           21.000        108.73                         
      1.270          5.864          109.936                17.478           20.139           21.000        109.32                         
      1.280          5.857          109.935                17.412           20.092           21.000        109.91                         
      1.290          5.850          109.934                17.343           20.043           21.000        110.51                         
      1.300          5.843          109.933                17.272           19.991           21.000        111.12                         
      1.310          5.835          109.933                17.199           19.937           21.000        111.73                         
      1.320          5.828          109.932                17.123           19.881           21.000        112.34                         
      1.330          5.820          109.931                17.044           19.822           21.000        112.96                         
      1.340          5.813          109.930                16.963           19.760           21.000        113.58                         
      1.350          5.805          109.929                16.879           19.696           21.000        114.21                         
      1.360          5.798          109.929                16.792           19.629           21.000        114.84                         
      1.370          5.790          109.928                16.703           19.560           21.000        115.48                         
      1.380          5.782          109.927                16.610           19.487           21.000        116.13                         
      1.390          5.774          109.926                16.514           19.412           21.000        116.79                         
      1.400          5.767          109.925                16.415           19.333           21.000        117.45                         
      1.410          5.759          109.925                16.313           19.251           21.000        118.11                         
      1.420          5.751          109.924                16.207           19.166           21.000        118.79                         
      1.430          5.743          109.923                16.098           19.077           21.000        119.48                         
      1.440          5.734          109.922                15.985           18.985           21.000        120.17                         
      1.450          5.726          109.921                15.868           18.889           21.000        120.87                         
      1.460          5.718          109.920                15.747           18.789           21.000        121.58                         
      1.470          5.710          109.920                15.622           18.685           21.000        122.30                         
      1.480          5.701          109.919                15.493           18.577           21.000        123.03                         
      1.490          5.693          109.918                15.360           18.465           21.000        123.78                         
      1.500          5.684          109.917                15.221           18.348           21.000        124.53                         
      1.510          5.675          109.916                15.078           18.226           21.000        125.30                         
      1.520          5.667          109.915                14.930           18.100           21.000        126.08                         
      1.530          5.658          109.914                14.776           17.968           21.000        126.87                         
      1.540          5.649          109.914                14.617           17.831           21.000        127.67                         
      1.550          5.640          109.913                14.453           17.689           21.000        128.49                         
      1.560          5.631          109.912                14.282           17.540           21.000        129.32                         
      1.570          5.621          109.911                14.105           17.386           21.000        130.17                         
      1.580          5.612          109.910                13.922           17.225           21.000        131.04                         
      1.590          5.603          109.909                13.731           17.057           21.000        131.92                         
      1.600          5.593          109.908                13.534           16.883           21.000        132.82                         
      1.610          5.584          109.907                13.329           16.701           21.000        133.74                         
      1.620          5.574          109.907                13.116           16.512           21.000        134.67                         
      1.630          5.564          109.906                12.896           16.314           21.000        135.63                         
      1.640          5.554          109.905                12.666           16.108           21.000        136.61                         
      1.650          5.544          109.904                12.428           15.894           21.000        137.61                         
      1.660          5.534          109.903                12.181           15.670           21.000        138.63                         
      1.670          5.524          109.902                11.924           15.436           21.000        139.68                         
      1.680          5.514          109.901                11.656           15.192           21.000        140.75                         
      1.690          5.503          109.900                11.378           14.938           21.000        141.85                         
      1.700          5.493          109.899                11.089           14.672           21.000        142.98                         
      1.710          5.482          109.899                10.788           14.395           21.000        144.13                         
      1.720          5.472          109.898                10.475           14.105           21.000        145.31                         
      1.730          5.461          109.897                10.149           13.803           21.000        146.53                         
      1.740          5.451          109.896                 9.810           13.487           21.000        147.77                         
      1.750          5.440          109.895                 9.457           13.157           21.000        149.05                         
      1.760          5.430          109.894                 9.090           12.812           21.000        150.37                         
      1.770          5.419          109.894                 8.707           12.452           21.000        151.72                         
      1.780          5.409          109.893                 8.309           12.076           21.000        153.11                         
      1.790          5.398          109.892                 7.894           11.682           21.000        154.54                         
      1.800          5.388          109.891                 7.462           11.271           21.000        156.01                         
      1.810          5.378          109.891                 7.012           10.842           21.000        157.52                         
      1.820          5.368          109.890                 6.543           10.393           21.000        159.08                         
      1.830          5.358          109.889                 6.056            9.924           21.000        160.69                         
      1.840          5.348          109.889                 5.548            9.435           21.000        162.35                         
      1.850          5.339          109.888                 5.020            8.924           21.000        164.06                         
      1.860          5.330          109.888                 4.471            8.390           21.000        165.82                         
      1.870          5.322          109.888                 3.899            7.833           21.000        167.64                         
      1.880          5.314          109.887                 3.305            7.251           21.000        169.52                         
      1.890          5.307          109.887                 2.688            6.645           21.000        171.46                         
      1.900          5.300          109.887                 2.048            6.014           21.000        173.47                         
      1.910          5.294          109.887                 1.384            5.356           21.000        175.54                         
      1.920          5.289          109.887                 0.695            4.672           21.000        177.68                         
      1.930          5.285          109.887                -0.017            3.960           21.000        179.90                         
      1.940          5.282          109.888                -0.755            3.222           21.000        182.19                         
      1.950          5.281          109.888                -1.516            2.455           21.000        184.56                         
      1.960          5.280          109.889                -2.301            1.662           21.000        187.02                         
      1.970          5.282          109.890                -3.109            0.841           21.000        189.56                         
      1.980          5.285          109.891                -3.938           -0.006           21.000        192.19                         
      1.990          5.289          109.892                -4.789           -0.879           21.000        194.92                         
      2.000          5.296          109.894                -5.658           -1.776           21.000        197.74                         

