  ¬рем€            U                U                Pij              –г               –т г             ”гол рот         ќтн угол U       
                   601              1002             1001             601              601              601              601              
                                                     1002                                                                                 
                                                     1                                                                                    

                    10.500          110.000                11.887           26.300           26.300         67.58                         
      0.010         10.500          110.000                11.887           26.300           26.300         67.58                         
      0.020         10.500          110.000                11.887           26.300           26.300         67.58                         
      0.030         10.500          110.000                11.887           26.300           26.300         67.58                         
      0.040         10.500          110.000                11.887           26.300           26.300         67.58                         
      0.050         10.500          110.000                11.887           26.300           26.300         67.58                         
      0.060         10.500          110.000                11.887           26.300           26.300         67.58                         
      0.070         10.500          110.000                11.887           26.300           26.300         67.58                         
      0.080         10.500          110.000                11.887           26.300           26.300         67.58                         
      0.090         10.500          110.000                11.887           26.300           26.300         67.58                         
      0.100         10.500          110.000                11.887           26.300           26.300         67.58                         
      0.100          9.987          109.340                -0.001            3.123           26.300         67.58                         
      0.110          9.987          109.340                -0.001            3.123           26.300         67.61                         
      0.120          9.987          109.340                -0.001            3.123           26.300         67.69                         
      0.130          9.987          109.340                -0.001            3.123           26.300         67.82                         
      0.140          9.987          109.340                -0.001            3.123           26.300         68.01                         
      0.150          9.987          109.340                -0.001            3.123           26.300         68.26                         
      0.160          9.987          109.340                -0.001            3.123           26.300         68.55                         
      0.170          9.987          109.340                -0.001            3.123           26.300         68.90                         
      0.180          9.987          109.340                -0.001            3.123           26.300         69.31                         
      0.190          9.987          109.340                -0.001            3.123           26.300         69.76                         
      0.200          9.987          109.340                -0.001            3.123           26.300         70.26                         
      0.210          9.987          109.340                -0.001            3.123           26.300         70.82                         
      0.220          9.987          109.340                -0.001            3.123           26.300         71.43                         
      0.230          9.987          109.340                -0.001            3.123           26.300         72.09                         
      0.240          9.987          109.340                -0.001            3.123           26.300         72.80                         
      0.250          9.987          109.340                -0.001            3.123           26.300         73.57                         
      0.260          9.987          109.340                -0.001            3.123           26.300         74.38                         
      0.260         10.489          109.989                21.864           24.138           26.300         74.38                         
      0.270         10.480          109.987                21.939           24.256           26.300         75.22                         
      0.280         10.472          109.986                22.009           24.370           26.300         76.06                         
      0.290         10.463          109.984                22.074           24.479           26.300         76.90                         
      0.300         10.454          109.983                22.135           24.584           26.300         77.74                         
      0.310         10.445          109.981                22.190           24.683           26.300         78.58                         
      0.320         10.436          109.980                22.241           24.778           26.300         79.43                         
      0.330         10.427          109.978                22.286           24.869           26.300         80.27                         
      0.340         10.418          109.976                22.327           24.954           26.300         81.12                         
      0.350         10.408          109.975                22.363           25.035           26.300         81.97                         
      0.360         10.399          109.973                22.394           25.111           26.300         82.82                         
      0.370         10.390          109.972                22.419           25.182           26.300         83.67                         
      0.380         10.381          109.970                22.440           25.248           26.300         84.52                         
      0.390         10.371          109.969                22.456           25.309           26.300         85.37                         
      0.400         10.362          109.967                22.466           25.365           26.300         86.22                         
      0.410         10.352          109.965                22.472           25.416           26.300         87.07                         
      0.420         10.343          109.964                22.472           25.462           26.300         87.93                         
      0.430         10.333          109.962                22.467           25.503           26.300         88.78                         
      0.440         10.323          109.961                22.457           25.538           26.300         89.64                         
      0.450         10.314          109.959                22.442           25.569           26.300         90.50                         
      0.460         10.304          109.958                22.421           25.594           26.300         91.35                         
      0.470         10.294          109.956                22.395           25.615           26.300         92.21                         
      0.480         10.285          109.954                22.365           25.630           26.300         93.07                         
      0.490         10.275          109.953                22.328           25.640           26.300         93.93                         
      0.500         10.265          109.951                22.287           25.644           26.300         94.79                         
      0.510         10.255          109.950                22.240           25.644           26.300         95.66                         
      0.520         10.246          109.948                22.189           25.638           26.300         96.52                         
      0.530         10.236          109.947                22.131           25.627           26.300         97.39                         
      0.540         10.226          109.945                22.069           25.610           26.300         98.25                         
      0.550         10.216          109.944                22.001           25.588           26.300         99.12                         
      0.560         10.206          109.942                21.928           25.561           26.300         99.99                         
      0.570         10.196          109.940                21.850           25.529           26.300        100.86                         
      0.580         10.186          109.939                21.766           25.491           26.300        101.73                         
      0.590         10.176          109.937                21.677           25.447           26.300        102.60                         
      0.600         10.167          109.936                21.583           25.399           26.300        103.47                         
      0.610         10.157          109.934                21.483           25.344           26.300        104.35                         
      0.620         10.147          109.933                21.378           25.285           26.300        105.23                         
      0.630         10.137          109.931                21.267           25.219           26.300        106.11                         
      0.640         10.127          109.930                21.151           25.148           26.300        106.99                         
      0.650         10.117          109.928                21.029           25.072           26.300        107.88                         
      0.660         10.107          109.927                20.902           24.990           26.300        108.76                         
      0.670         10.097          109.925                20.769           24.902           26.300        109.66                         
      0.680         10.087          109.924                20.630           24.808           26.300        110.55                         
      0.690         10.077          109.922                20.486           24.709           26.300        111.45                         
      0.700         10.067          109.921                20.336           24.603           26.300        112.35                         
      0.710         10.057          109.919                20.180           24.492           26.300        113.25                         
      0.720         10.047          109.918                20.018           24.375           26.300        114.16                         
      0.730         10.037          109.916                19.850           24.251           26.300        115.07                         
      0.740         10.027          109.915                19.676           24.121           26.300        115.99                         
      0.750         10.017          109.914                19.496           23.985           26.300        116.91                         
      0.760         10.007          109.912                19.309           23.843           26.300        117.84                         
      0.770          9.997          109.911                19.117           23.694           26.300        118.77                         
      0.780          9.987          109.909                18.917           23.538           26.300        119.71                         
      0.790          9.977          109.908                18.711           23.376           26.300        120.66                         
      0.800          9.967          109.906                18.498           23.207           26.300        121.61                         
      0.810          9.957          109.905                18.278           23.030           26.300        122.57                         
      0.820          9.947          109.904                18.051           22.847           26.300        123.54                         
      0.830          9.937          109.902                17.817           22.656           26.300        124.51                         
      0.840          9.927          109.901                17.576           22.457           26.300        125.49                         
      0.850          9.917          109.899                17.326           22.251           26.300        126.49                         
      0.860          9.906          109.898                17.070           22.037           26.300        127.49                         
      0.870          9.896          109.897                16.805           21.815           26.300        128.50                         
      0.880          9.886          109.895                16.531           21.584           26.300        129.52                         
      0.890          9.876          109.894                16.250           21.345           26.300        130.55                         
      0.900          9.866          109.893                15.960           21.096           26.300        131.59                         
      0.910          9.856          109.891                15.661           20.839           26.300        132.65                         
      0.920          9.846          109.890                15.352           20.572           26.300        133.71                         
      0.930          9.836          109.889                15.035           20.296           26.300        134.79                         
      0.940          9.826          109.888                14.707           20.010           26.300        135.89                         
      0.950          9.817          109.886                14.370           19.713           26.300        136.99                         
      0.960          9.807          109.885                14.022           19.406           26.300        138.12                         
      0.970          9.797          109.884                13.664           19.088           26.300        139.26                         
      0.980          9.787          109.883                13.295           18.758           26.300        140.41                         
      0.990          9.777          109.881                12.914           18.417           26.300        141.58                         
      1.000          9.767          109.880                12.522           18.064           26.300        142.77                         
      1.010          9.758          109.879                12.118           17.698           26.300        143.98                         
      1.020          9.748          109.878                11.701           17.320           26.300        145.21                         
      1.030          9.739          109.877                11.272           16.928           26.300        146.46                         
      1.040          9.729          109.876                10.829           16.522           26.300        147.73                         
      1.050          9.720          109.875                10.373           16.103           26.300        149.02                         
      1.060          9.711          109.874                 9.903           15.668           26.300        150.34                         
      1.070          9.701          109.873                 9.419           15.219           26.300        151.68                         
      1.080          9.693          109.872                 8.920           14.753           26.300        153.04                         
      1.090          9.684          109.871                 8.406           14.272           26.300        154.43                         
      1.100          9.675          109.870                 7.876           13.774           26.300        155.85                         
      1.110          9.667          109.869                 7.331           13.259           26.300        157.30                         
      1.120          9.658          109.868                 6.768           12.726           26.300        158.77                         
      1.130          9.650          109.868                 6.190           12.175           26.300        160.28                         
      1.140          9.643          109.867                 5.593           11.606           26.300        161.82                         
      1.150          9.635          109.866                 4.980           11.017           26.300        163.39                         
      1.160          9.628          109.866                 4.348           10.409           26.300        164.99                         
      1.170          9.622          109.865                 3.698            9.780           26.300        166.64                         
      1.180          9.615          109.865                 3.030            9.131           26.300        168.32                         
      1.190          9.609          109.865                 2.343            8.461           26.300        170.04                         
      1.200          9.604          109.864                 1.637            7.770           26.300        171.79                         
      1.210          9.599          109.864                 0.912            7.057           26.300        173.60                         
      1.220          9.595          109.864                 0.167            6.322           26.300        175.44                         
      1.230          9.591          109.864                -0.596            5.565           26.300        177.33                         
      1.240          9.588          109.864                -1.378            4.785           26.300        179.27                         
      1.250          9.586          109.865                -2.179            3.983           26.300        181.25                         
      1.260          9.585          109.865                -2.999            3.159           26.300        183.29                         
      1.270          9.584          109.866                -3.837            2.313           26.300        185.37                         
      1.280          9.585          109.867                -4.692            1.445           26.300        187.52                         
      1.290          9.586          109.868                -5.563            0.555           26.300        189.71                         
      1.300          9.589          109.869                -6.451           -0.355           26.300        191.97                         
      1.310          9.592          109.870                -7.352           -1.285           26.300        194.29                         
      1.320          9.597          109.872                -8.267           -2.233           26.300        196.66                         
      1.330          9.604          109.874                -9.192           -3.199           26.300        199.11                         
      1.340          9.612          109.876               -10.127           -4.181           26.300        201.62                         
      1.350          9.621          109.878               -11.068           -5.176           26.300        204.19                         
      1.360          9.632          109.880               -12.013           -6.183           26.300        206.84                         
      1.370          9.645          109.883               -12.959           -7.198           26.300        209.56                         
      1.380          9.659          109.886               -13.902           -8.219           26.300        212.36                         
      1.390          9.676          109.889               -14.839           -9.241           26.300        215.24                         
      1.400          9.694          109.893               -15.765          -10.262           26.300        218.19                         
      1.410          9.714          109.897               -16.674          -11.275           26.300        221.23                         
      1.420          9.737          109.901               -17.562          -12.277           26.300        224.35                         
      1.430          9.762          109.906               -18.423          -13.261           26.300        227.56                         
      1.440          9.789          109.911               -19.249          -14.221           26.300        230.85                         
      1.450          9.819          109.916               -20.034          -15.150           26.300        234.24                         
      1.460          9.850          109.922               -20.769          -16.041           26.300        237.72                         
      1.470          9.885          109.928               -21.448          -16.885           26.300        241.30                         
      1.480          9.921          109.934               -22.061          -17.673           26.300        244.97                         
      1.490          9.960          109.941               -22.599          -18.397           26.300        248.74                         
      1.500         10.001          109.948               -23.053          -19.046           26.300        252.60                         
      1.510         10.044          109.955               -23.412          -19.611           26.300        256.57                         
      1.520         10.089          109.962               -23.668          -20.080           26.300        260.64                         
      1.530         10.136          109.970               -23.809          -20.443           26.300        264.82                         
      1.540         10.184          109.978               -23.827          -20.690           26.300        269.10                         
      1.550         10.234          109.986               -23.711          -20.809           26.300        273.48                         
      1.560         10.285          109.994               -23.453          -20.790           26.300        277.96                         
      1.570         10.337          110.002               -23.045          -20.624           26.300        282.55                         
      1.580         10.389          110.010               -22.480          -20.301           26.300        287.24                         
      1.590         10.441          110.018               -21.752          -19.814           26.300        292.03                         
      1.600         10.492          110.026               -20.856          -19.157           26.300        296.93                         
      1.610         10.543          110.033               -19.791          -18.324           26.300        301.92                         
      1.620         10.592          110.041               -18.556          -17.314           26.300        307.00                         
      1.630         10.639          110.047               -17.154          -16.125           26.300        312.19                         
      1.640         10.683          110.054               -15.589          -14.760           26.300        317.46                         
      1.650         10.725          110.059               -13.869          -13.224           26.300        322.82                         
      1.660         10.763          110.064               -12.004          -11.523           26.300        328.26                         
      1.670         10.797          110.068               -10.008           -9.670           26.300        333.79                         
      1.680         10.826          110.071                -7.896           -7.676           26.300        339.38                         
      1.690         10.850          110.074                -5.688           -5.560           26.300        345.05                         
      1.700         10.868          110.075                -3.404           -3.340           26.300        350.79                         
      1.710         10.881          110.075                -1.069           -1.039           26.300        356.58                         
      1.720         10.888          110.074                 1.292            1.320           26.300        362.43                         
      1.730         10.888          110.072                 3.652            3.710           26.300        368.33                         
      1.740         10.881          110.069                 5.983            6.104           26.300        374.27                         
      1.750         10.868          110.065                 8.256            8.473           26.300        380.25                         
      1.760         10.849          110.060                10.444           10.789           26.300        386.26                         
      1.770         10.823          110.053                12.519           13.022           26.300        392.30                         
      1.780         10.790          110.046                14.454           15.146           26.300        398.36                         
      1.790         10.752          110.038                16.225           17.132           26.300        404.44                         
      1.800         10.707          110.029                17.808           18.957           26.300        410.53                         
      1.810         10.658          110.019                19.185           20.597           26.300        416.64                         
      1.820         10.604          110.009                20.338           22.032           26.300        422.74                         
      1.830         10.545          109.999                21.252           23.245           26.300        428.86                         
      1.840         10.483          109.988                21.917           24.222           26.300        434.97                         
      1.850         10.418          109.977                22.325           24.950           26.300        441.08                         
      1.860         10.351          109.965                22.472           25.422           26.300        447.19                         
      1.870         10.282          109.954                22.356           25.633           26.300        453.29                         
      1.880         10.213          109.943                21.979           25.580           26.300        459.40                         
      1.890         10.144          109.932                21.345           25.265           26.300        465.50                         
      1.900         10.075          109.922                20.462           24.692           26.300        471.59                         
      1.910         10.008          109.912                19.340           23.866           26.300        477.69                         
      1.920          9.944          109.903                17.990           22.797           26.300        483.79                         
      1.930          9.883          109.895                16.427           21.496           26.300        489.90                         
      1.940          9.825          109.887                14.668           19.975           26.300        496.02                         
      1.950          9.773          109.881                12.729           18.251           26.300        502.15                         
      1.960          9.725          109.875                10.631           16.340           26.300        508.29                         
      1.970          9.684          109.871                 8.394           14.261           26.300        514.46                         
      1.980          9.649          109.867                 6.042           12.034           26.300        520.66                         
      1.990          9.621          109.865                 3.597            9.683           26.300        526.89                         
      2.000          9.600          109.864                 1.087            7.230           26.300        533.16                         

