  ¬рем€            U                U                Pij              –г               –т г             ”гол рот         ќтн угол U       
                   601              1002             1001             601              601              601              601              
                                                     1002                                                                                 
                                                     1                                                                                    

                    10.500          110.000                11.555           25.400           25.400         64.08                         
      0.010         10.500          110.000                11.555           25.400           25.400         64.08                         
      0.020         10.500          110.000                11.555           25.400           25.400         64.08                         
      0.030         10.500          110.000                11.555           25.400           25.400         64.08                         
      0.040         10.500          110.000                11.555           25.400           25.400         64.08                         
      0.050         10.500          110.000                11.555           25.400           25.400         64.08                         
      0.060         10.500          110.000                11.555           25.400           25.400         64.08                         
      0.070         10.500          110.000                11.555           25.400           25.400         64.08                         
      0.080         10.500          110.000                11.555           25.400           25.400         64.08                         
      0.090         10.500          110.000                11.555           25.400           25.400         64.08                         
      0.100         10.500          110.000                11.555           25.400           25.400         64.08                         
      0.100          9.949          109.334                -0.001            3.099           25.400         64.08                         
      0.110          9.949          109.334                -0.001            3.099           25.400         64.11                         
      0.120          9.949          109.334                -0.001            3.099           25.400         64.19                         
      0.130          9.949          109.334                -0.001            3.099           25.400         64.32                         
      0.140          9.949          109.334                -0.001            3.099           25.400         64.50                         
      0.150          9.949          109.334                -0.001            3.099           25.400         64.73                         
      0.160          9.949          109.334                -0.001            3.099           25.400         65.02                         
      0.170          9.949          109.334                -0.001            3.099           25.400         65.36                         
      0.180          9.949          109.334                -0.001            3.099           25.400         65.74                         
      0.190          9.949          109.334                -0.001            3.099           25.400         66.18                         
      0.200          9.949          109.334                -0.001            3.099           25.400         66.67                         
      0.210          9.949          109.334                -0.001            3.099           25.400         67.20                         
      0.220          9.949          109.334                -0.001            3.099           25.400         67.79                         
      0.230          9.949          109.334                -0.001            3.099           25.400         68.42                         
      0.240          9.949          109.334                -0.001            3.099           25.400         69.11                         
      0.250          9.949          109.334                -0.001            3.099           25.400         69.84                         
      0.260          9.949          109.334                -0.001            3.099           25.400         70.62                         
      0.260         10.489          109.989                21.381           23.453           25.400         70.62                         
      0.270         10.481          109.987                21.473           23.586           25.400         71.43                         
      0.280         10.473          109.986                21.561           23.715           25.400         72.24                         
      0.290         10.464          109.984                21.645           23.840           25.400         73.05                         
      0.300         10.456          109.983                21.724           23.961           25.400         73.86                         
      0.310         10.448          109.981                21.799           24.077           25.400         74.67                         
      0.320         10.439          109.980                21.869           24.190           25.400         75.48                         
      0.330         10.431          109.978                21.935           24.298           25.400         76.29                         
      0.340         10.422          109.977                21.997           24.401           25.400         77.10                         
      0.350         10.414          109.975                22.054           24.500           25.400         77.91                         
      0.360         10.405          109.974                22.106           24.595           25.400         78.72                         
      0.370         10.396          109.973                22.154           24.685           25.400         79.53                         
      0.380         10.388          109.971                22.197           24.771           25.400         80.34                         
      0.390         10.379          109.970                22.236           24.853           25.400         81.15                         
      0.400         10.370          109.968                22.270           24.930           25.400         81.96                         
      0.410         10.361          109.967                22.299           25.002           25.400         82.78                         
      0.420         10.352          109.965                22.324           25.070           25.400         83.59                         
      0.430         10.343          109.964                22.344           25.133           25.400         84.40                         
      0.440         10.334          109.962                22.360           25.192           25.400         85.21                         
      0.450         10.325          109.961                22.371           25.246           25.400         86.02                         
      0.460         10.316          109.959                22.377           25.295           25.400         86.83                         
      0.470         10.307          109.958                22.379           25.340           25.400         87.64                         
      0.480         10.298          109.956                22.376           25.381           25.400         88.45                         
      0.490         10.289          109.955                22.369           25.416           25.400         89.26                         
      0.500         10.280          109.953                22.357           25.447           25.400         90.07                         
      0.510         10.271          109.952                22.340           25.474           25.400         90.87                         
      0.520         10.262          109.950                22.319           25.496           25.400         91.68                         
      0.530         10.253          109.949                22.293           25.513           25.400         92.49                         
      0.540         10.244          109.947                22.263           25.526           25.400         93.29                         
      0.550         10.235          109.946                22.228           25.534           25.400         94.10                         
      0.560         10.226          109.944                22.189           25.537           25.400         94.90                         
      0.570         10.216          109.943                22.145           25.536           25.400         95.70                         
      0.580         10.207          109.942                22.097           25.531           25.400         96.51                         
      0.590         10.198          109.940                22.044           25.521           25.400         97.31                         
      0.600         10.189          109.939                21.987           25.506           25.400         98.11                         
      0.610         10.180          109.937                21.926           25.487           25.400         98.91                         
      0.620         10.171          109.936                21.860           25.463           25.400         99.72                         
      0.630         10.162          109.934                21.790           25.435           25.400        100.52                         
      0.640         10.153          109.933                21.715           25.403           25.400        101.32                         
      0.650         10.143          109.932                21.636           25.366           25.400        102.12                         
      0.660         10.134          109.930                21.553           25.324           25.400        102.92                         
      0.670         10.125          109.929                21.465           25.278           25.400        103.72                         
      0.680         10.116          109.927                21.373           25.227           25.400        104.52                         
      0.690         10.107          109.926                21.277           25.172           25.400        105.32                         
      0.700         10.098          109.925                21.176           25.113           25.400        106.12                         
      0.710         10.089          109.923                21.071           25.049           25.400        106.93                         
      0.720         10.080          109.922                20.962           24.980           25.400        107.73                         
      0.730         10.071          109.921                20.848           24.907           25.400        108.54                         
      0.740         10.062          109.919                20.730           24.829           25.400        109.34                         
      0.750         10.053          109.918                20.607           24.747           25.400        110.15                         
      0.760         10.044          109.917                20.480           24.660           25.400        110.96                         
      0.770         10.035          109.915                20.348           24.569           25.400        111.77                         
      0.780         10.026          109.914                20.212           24.473           25.400        112.58                         
      0.790         10.017          109.913                20.071           24.372           25.400        113.39                         
      0.800         10.008          109.911                19.926           24.266           25.400        114.21                         
      0.810          9.999          109.910                19.775           24.156           25.400        115.03                         
      0.820          9.990          109.909                19.621           24.040           25.400        115.85                         
      0.830          9.981          109.907                19.461           23.920           25.400        116.68                         
      0.840          9.972          109.906                19.296           23.795           25.400        117.50                         
      0.850          9.963          109.905                19.127           23.665           25.400        118.34                         
      0.860          9.954          109.904                18.952           23.529           25.400        119.17                         
      0.870          9.945          109.902                18.773           23.389           25.400        120.01                         
      0.880          9.936          109.901                18.588           23.243           25.400        120.86                         
      0.890          9.927          109.900                18.398           23.091           25.400        121.71                         
      0.900          9.918          109.898                18.202           22.934           25.400        122.56                         
      0.910          9.909          109.897                18.001           22.772           25.400        123.43                         
      0.920          9.900          109.896                17.794           22.603           25.400        124.29                         
      0.930          9.891          109.895                17.582           22.429           25.400        125.17                         
      0.940          9.882          109.894                17.363           22.249           25.400        126.05                         
      0.950          9.874          109.892                17.138           22.062           25.400        126.94                         
      0.960          9.865          109.891                16.907           21.869           25.400        127.83                         
      0.970          9.856          109.890                16.670           21.669           25.400        128.74                         
      0.980          9.847          109.889                16.426           21.463           25.400        129.65                         
      0.990          9.838          109.888                16.175           21.249           25.400        130.57                         
      1.000          9.829          109.886                15.917           21.029           25.400        131.50                         
      1.010          9.820          109.885                15.652           20.801           25.400        132.44                         
      1.020          9.811          109.884                15.379           20.565           25.400        133.39                         
      1.030          9.802          109.883                15.099           20.322           25.400        134.36                         
      1.040          9.793          109.882                14.811           20.071           25.400        135.33                         
      1.050          9.784          109.881                14.514           19.811           25.400        136.32                         
      1.060          9.775          109.879                14.210           19.543           25.400        137.31                         
      1.070          9.766          109.878                13.896           19.265           25.400        138.33                         
      1.080          9.757          109.877                13.574           18.979           25.400        139.35                         
      1.090          9.749          109.876                13.242           18.683           25.400        140.39                         
      1.100          9.740          109.875                12.901           18.377           25.400        141.45                         
      1.110          9.731          109.874                12.550           18.061           25.400        142.52                         
      1.120          9.722          109.873                12.188           17.735           25.400        143.61                         
      1.130          9.713          109.872                11.816           17.397           25.400        144.72                         
      1.140          9.705          109.871                11.434           17.048           25.400        145.84                         
      1.150          9.696          109.870                11.040           16.688           25.400        146.99                         
      1.160          9.688          109.869                10.634           16.316           25.400        148.15                         
      1.170          9.679          109.868                10.216           15.931           25.400        149.33                         
      1.180          9.671          109.867                 9.786           15.533           25.400        150.54                         
      1.190          9.662          109.866                 9.344           15.122           25.400        151.77                         
      1.200          9.654          109.865                 8.888           14.696           25.400        153.02                         
      1.210          9.646          109.864                 8.418           14.257           25.400        154.29                         
      1.220          9.638          109.864                 7.935           13.803           25.400        155.59                         
      1.230          9.630          109.863                 7.437           13.334           25.400        156.92                         
      1.240          9.623          109.862                 6.925           12.849           25.400        158.27                         
      1.250          9.615          109.861                 6.397           12.348           25.400        159.66                         
      1.260          9.608          109.861                 5.854           11.830           25.400        161.07                         
      1.270          9.601          109.860                 5.295           11.295           25.400        162.51                         
      1.280          9.594          109.860                 4.720           10.742           25.400        163.99                         
      1.290          9.588          109.859                 4.128           10.171           25.400        165.49                         
      1.300          9.582          109.859                 3.519            9.581           25.400        167.04                         
      1.310          9.576          109.858                 2.893            8.973           25.400        168.61                         
      1.320          9.570          109.858                 2.249            8.345           25.400        170.23                         
      1.330          9.565          109.858                 1.588            7.697           25.400        171.88                         
      1.340          9.561          109.858                 0.908            7.029           25.400        173.58                         
      1.350          9.557          109.858                 0.211            6.340           25.400        175.31                         
      1.360          9.553          109.858                -0.505            5.630           25.400        177.09                         
      1.370          9.550          109.858                -1.239            4.900           25.400        178.91                         
      1.380          9.548          109.858                -1.991            4.148           25.400        180.78                         
      1.390          9.547          109.859                -2.760            3.375           25.400        182.70                         
      1.400          9.546          109.859                -3.548            2.581           25.400        184.67                         
      1.410          9.546          109.860                -4.352            1.765           25.400        186.69                         
      1.420          9.547          109.861                -5.173            0.929           25.400        188.76                         
      1.430          9.549          109.862                -6.010            0.073           25.400        190.89                         
      1.440          9.552          109.863                -6.861           -0.803           25.400        193.07                         
      1.450          9.556          109.864                -7.726           -1.698           25.400        195.31                         
      1.460          9.561          109.866                -8.604           -2.610           25.400        197.62                         
      1.470          9.568          109.868                -9.492           -3.539           25.400        199.99                         
      1.480          9.576          109.870               -10.389           -4.483           25.400        202.42                         
      1.490          9.585          109.872               -11.292           -5.441           25.400        204.92                         
      1.500          9.596          109.874               -12.200           -6.409           25.400        207.49                         
      1.510          9.609          109.877               -13.109           -7.386           25.400        210.13                         
      1.520          9.623          109.880               -14.015           -8.368           25.400        212.84                         
      1.530          9.639          109.883               -14.916           -9.353           25.400        215.63                         
      1.540          9.657          109.887               -15.806          -10.336           25.400        218.50                         
      1.550          9.678          109.891               -16.683          -11.314           25.400        221.45                         
      1.560          9.700          109.895               -17.539          -12.281           25.400        224.48                         
      1.570          9.724          109.899               -18.370          -13.231           25.400        227.60                         
      1.580          9.750          109.904               -19.170          -14.161           25.400        230.80                         
      1.590          9.779          109.909               -19.931          -15.062           25.400        234.09                         
      1.600          9.810          109.915               -20.648          -15.927           25.400        237.47                         
      1.610          9.843          109.920               -21.311          -16.750           25.400        240.95                         
      1.620          9.878          109.927               -21.914          -17.522           25.400        244.52                         
      1.630          9.915          109.933               -22.447          -18.235           25.400        248.18                         
      1.640          9.955          109.940               -22.901          -18.878           25.400        251.94                         
      1.650          9.997          109.947               -23.269          -19.443           25.400        255.80                         
      1.660         10.041          109.954               -23.539          -19.920           25.400        259.76                         
      1.670         10.086          109.961               -23.703          -20.298           25.400        263.82                         
      1.680         10.133          109.969               -23.751          -20.567           25.400        267.98                         
      1.690         10.182          109.977               -23.674          -20.718           25.400        272.24                         
      1.700         10.231          109.985               -23.464          -20.740           25.400        276.60                         
      1.710         10.282          109.992               -23.112          -20.623           25.400        281.07                         
      1.720         10.332          110.000               -22.611          -20.360           25.400        285.63                         
      1.730         10.383          110.008               -21.956          -19.941           25.400        290.30                         
      1.740         10.434          110.016               -21.142          -19.361           25.400        295.06                         
      1.750         10.484          110.023               -20.165          -18.614           25.400        299.92                         
      1.760         10.533          110.031               -19.025          -17.697           25.400        304.88                         
      1.770         10.580          110.037               -17.723          -16.609           25.400        309.93                         
      1.780         10.625          110.044               -16.262          -15.349           25.400        315.07                         
      1.790         10.667          110.050               -14.647          -13.922           25.400        320.29                         
      1.800         10.706          110.055               -12.888          -12.333           25.400        325.60                         
      1.810         10.742          110.059               -10.996          -10.592           25.400        330.99                         
      1.820         10.773          110.063                -8.984           -8.709           25.400        336.46                         
      1.830         10.799          110.065                -6.870           -6.698           25.400        341.99                         
      1.840         10.820          110.067                -4.672           -4.578           25.400        347.59                         
      1.850         10.836          110.068                -2.411           -2.366           25.400        353.25                         
      1.860         10.846          110.068                -0.110           -0.086           25.400        358.97                         
      1.870         10.850          110.066                 2.204            2.239           25.400        364.74                         
      1.880         10.848          110.064                 4.507            4.584           25.400        370.55                         
      1.890         10.839          110.061                 6.772            6.922           25.400        376.41                         
      1.900         10.824          110.056                 8.971            9.226           25.400        382.30                         
      1.910         10.802          110.051                11.079           11.469           25.400        388.21                         
      1.920         10.775          110.044                13.069           13.624           25.400        394.15                         
      1.930         10.741          110.037                14.917           15.664           25.400        400.11                         
      1.940         10.702          110.029                16.601           17.566           25.400        406.09                         
      1.950         10.657          110.020                18.099           19.306           25.400        412.07                         
      1.960         10.607          110.010                19.393           20.863           25.400        418.07                         
      1.970         10.553          110.000                20.469           22.218           25.400        424.06                         
      1.980         10.495          109.990                21.313           23.358           25.400        430.06                         
      1.990         10.433          109.979                21.917           24.267           25.400        436.05                         
      2.000         10.369          109.968                22.273           24.937           25.400        442.05                         

