  ¬рем€            U                U                Pij              –г               –т г             ”гол рот         ќтн угол U       
                   601              1002             1001             601              601              601              601              
                                                     1002                                                                                 
                                                     1                                                                                    

                    10.500          110.000                11.480           25.200           25.200         63.31                         
      0.010         10.500          110.000                11.480           25.200           25.200         63.31                         
      0.020         10.500          110.000                11.480           25.200           25.200         63.31                         
      0.030         10.500          110.000                11.480           25.200           25.200         63.31                         
      0.040         10.500          110.000                11.480           25.200           25.200         63.31                         
      0.050         10.500          110.000                11.480           25.200           25.200         63.31                         
      0.060         10.500          110.000                11.480           25.200           25.200         63.31                         
      0.070         10.500          110.000                11.480           25.200           25.200         63.31                         
      0.080         10.500          110.000                11.480           25.200           25.200         63.31                         
      0.090         10.500          110.000                11.480           25.200           25.200         63.31                         
      0.100         10.500          110.000                11.480           25.200           25.200         63.31                         
      0.100          9.941          109.332                -0.001            3.101           25.200         63.31                         
      0.110          9.941          109.332                -0.001            3.101           25.200         63.34                         
      0.120          9.941          109.332                -0.001            3.101           25.200         63.42                         
      0.130          9.941          109.332                -0.001            3.101           25.200         63.55                         
      0.140          9.941          109.332                -0.001            3.101           25.200         63.73                         
      0.150          9.941          109.332                -0.001            3.101           25.200         63.96                         
      0.160          9.941          109.332                -0.001            3.101           25.200         64.24                         
      0.170          9.941          109.332                -0.001            3.101           25.200         64.57                         
      0.180          9.941          109.332                -0.001            3.101           25.200         64.96                         
      0.190          9.941          109.332                -0.001            3.101           25.200         65.39                         
      0.200          9.941          109.332                -0.001            3.101           25.200         65.87                         
      0.210          9.941          109.332                -0.001            3.101           25.200         66.40                         
      0.220          9.941          109.332                -0.001            3.101           25.200         66.98                         
      0.230          9.941          109.332                -0.001            3.101           25.200         67.61                         
      0.240          9.941          109.332                -0.001            3.101           25.200         68.29                         
      0.250          9.941          109.332                -0.001            3.101           25.200         69.02                         
      0.260          9.941          109.332                -0.001            3.101           25.200         69.79                         
      0.260         10.489          109.989                21.270           23.299           25.200         69.79                         
      0.270         10.481          109.987                21.366           23.436           25.200         70.59                         
      0.280         10.473          109.986                21.457           23.568           25.200         71.39                         
      0.290         10.465          109.984                21.545           23.696           25.200         72.20                         
      0.300         10.457          109.983                21.628           23.820           25.200         73.00                         
      0.310         10.448          109.981                21.707           23.939           25.200         73.80                         
      0.320         10.440          109.980                21.781           24.055           25.200         74.60                         
      0.330         10.432          109.979                21.851           24.166           25.200         75.40                         
      0.340         10.423          109.977                21.917           24.274           25.200         76.21                         
      0.350         10.415          109.976                21.978           24.377           25.200         77.01                         
      0.360         10.406          109.974                22.035           24.475           25.200         77.81                         
      0.370         10.398          109.973                22.087           24.570           25.200         78.61                         
      0.380         10.389          109.971                22.135           24.659           25.200         79.42                         
      0.390         10.381          109.970                22.178           24.745           25.200         80.22                         
      0.400         10.372          109.968                22.217           24.826           25.200         81.02                         
      0.410         10.363          109.967                22.252           24.903           25.200         81.82                         
      0.420         10.355          109.965                22.281           24.975           25.200         82.63                         
      0.430         10.346          109.964                22.307           25.043           25.200         83.43                         
      0.440         10.337          109.962                22.328           25.106           25.200         84.23                         
      0.450         10.328          109.961                22.344           25.165           25.200         85.03                         
      0.460         10.319          109.960                22.356           25.220           25.200         85.83                         
      0.470         10.310          109.958                22.363           25.270           25.200         86.63                         
      0.480         10.302          109.957                22.366           25.315           25.200         87.42                         
      0.490         10.293          109.955                22.365           25.356           25.200         88.22                         
      0.500         10.284          109.954                22.358           25.392           25.200         89.02                         
      0.510         10.275          109.952                22.348           25.424           25.200         89.81                         
      0.520         10.266          109.951                22.333           25.452           25.200         90.61                         
      0.530         10.257          109.949                22.314           25.475           25.200         91.40                         
      0.540         10.248          109.948                22.290           25.493           25.200         92.19                         
      0.550         10.239          109.946                22.262           25.508           25.200         92.98                         
      0.560         10.230          109.945                22.230           25.517           25.200         93.77                         
      0.570         10.221          109.944                22.193           25.523           25.200         94.56                         
      0.580         10.212          109.942                22.152           25.524           25.200         95.35                         
      0.590         10.203          109.941                22.107           25.520           25.200         96.14                         
      0.600         10.194          109.939                22.057           25.512           25.200         96.93                         
      0.610         10.185          109.938                22.004           25.500           25.200         97.71                         
      0.620         10.176          109.937                21.946           25.484           25.200         98.50                         
      0.630         10.168          109.935                21.884           25.463           25.200         99.28                         
      0.640         10.159          109.934                21.818           25.438           25.200        100.06                         
      0.650         10.150          109.932                21.747           25.409           25.200        100.85                         
      0.660         10.141          109.931                21.673           25.375           25.200        101.63                         
      0.670         10.132          109.930                21.594           25.337           25.200        102.41                         
      0.680         10.123          109.928                21.511           25.295           25.200        103.19                         
      0.690         10.114          109.927                21.425           25.249           25.200        103.97                         
      0.700         10.105          109.926                21.334           25.198           25.200        104.75                         
      0.710         10.096          109.924                21.239           25.144           25.200        105.53                         
      0.720         10.088          109.923                21.139           25.085           25.200        106.32                         
      0.730         10.079          109.922                21.036           25.021           25.200        107.10                         
      0.740         10.070          109.920                20.929           24.954           25.200        107.88                         
      0.750         10.061          109.919                20.818           24.882           25.200        108.66                         
      0.760         10.052          109.918                20.702           24.806           25.200        109.44                         
      0.770         10.044          109.916                20.582           24.726           25.200        110.23                         
      0.780         10.035          109.915                20.459           24.641           25.200        111.01                         
      0.790         10.026          109.914                20.331           24.552           25.200        111.80                         
      0.800         10.017          109.912                20.198           24.459           25.200        112.59                         
      0.810         10.009          109.911                20.062           24.361           25.200        113.38                         
      0.820         10.000          109.910                19.921           24.259           25.200        114.17                         
      0.830          9.991          109.909                19.776           24.152           25.200        114.96                         
      0.840          9.983          109.907                19.626           24.041           25.200        115.76                         
      0.850          9.974          109.906                19.472           23.925           25.200        116.56                         
      0.860          9.965          109.905                19.314           23.805           25.200        117.36                         
      0.870          9.957          109.904                19.151           23.680           25.200        118.17                         
      0.880          9.948          109.902                18.983           23.550           25.200        118.98                         
      0.890          9.939          109.901                18.810           23.415           25.200        119.79                         
      0.900          9.931          109.900                18.633           23.275           25.200        120.61                         
      0.910          9.922          109.899                18.451           23.131           25.200        121.43                         
      0.920          9.913          109.897                18.263           22.981           25.200        122.25                         
      0.930          9.905          109.896                18.071           22.825           25.200        123.09                         
      0.940          9.896          109.895                17.873           22.665           25.200        123.92                         
      0.950          9.887          109.894                17.670           22.499           25.200        124.76                         
      0.960          9.879          109.893                17.461           22.327           25.200        125.61                         
      0.970          9.870          109.892                17.247           22.150           25.200        126.47                         
      0.980          9.861          109.890                17.027           21.966           25.200        127.33                         
      0.990          9.853          109.889                16.801           21.777           25.200        128.20                         
      1.000          9.844          109.888                16.569           21.581           25.200        129.08                         
      1.010          9.835          109.887                16.330           21.379           25.200        129.97                         
      1.020          9.827          109.886                16.085           21.171           25.200        130.86                         
      1.030          9.818          109.885                15.833           20.955           25.200        131.77                         
      1.040          9.809          109.883                15.575           20.733           25.200        132.68                         
      1.050          9.801          109.882                15.309           20.503           25.200        133.61                         
      1.060          9.792          109.881                15.036           20.266           25.200        134.54                         
      1.070          9.783          109.880                14.756           20.021           25.200        135.49                         
      1.080          9.775          109.879                14.467           19.768           25.200        136.44                         
      1.090          9.766          109.878                14.171           19.507           25.200        137.42                         
      1.100          9.757          109.877                13.866           19.237           25.200        138.40                         
      1.110          9.749          109.876                13.553           18.959           25.200        139.40                         
      1.120          9.740          109.875                13.231           18.671           25.200        140.41                         
      1.130          9.732          109.874                12.899           18.374           25.200        141.43                         
      1.140          9.723          109.873                12.558           18.068           25.200        142.48                         
      1.150          9.715          109.872                12.208           17.751           25.200        143.53                         
      1.160          9.706          109.871                11.847           17.424           25.200        144.61                         
      1.170          9.698          109.870                11.476           17.086           25.200        145.70                         
      1.180          9.689          109.869                11.094           16.737           25.200        146.81                         
      1.190          9.681          109.868                10.701           16.376           25.200        147.94                         
      1.200          9.672          109.867                10.296           16.003           25.200        149.09                         
      1.210          9.664          109.866                 9.880           15.618           25.200        150.26                         
      1.220          9.656          109.865                 9.451           15.220           25.200        151.46                         
      1.230          9.648          109.864                 9.010           14.809           25.200        152.67                         
      1.240          9.640          109.863                 8.555           14.384           25.200        153.91                         
      1.250          9.632          109.862                 8.087           13.945           25.200        155.17                         
      1.260          9.625          109.862                 7.605           13.492           25.200        156.46                         
      1.270          9.617          109.861                 7.109           13.023           25.200        157.78                         
      1.280          9.610          109.860                 6.599           12.539           25.200        159.12                         
      1.290          9.603          109.860                 6.073           12.038           25.200        160.49                         
      1.300          9.596          109.859                 5.532           11.521           25.200        161.90                         
      1.310          9.589          109.858                 4.975           10.987           25.200        163.33                         
      1.320          9.582          109.858                 4.402           10.435           25.200        164.79                         
      1.330          9.576          109.857                 3.813            9.866           25.200        166.29                         
      1.340          9.570          109.857                 3.207            9.278           25.200        167.82                         
      1.350          9.565          109.857                 2.583            8.671           25.200        169.39                         
      1.360          9.560          109.857                 1.942            8.044           25.200        171.00                         
      1.370          9.555          109.856                 1.284            7.398           25.200        172.64                         
      1.380          9.551          109.856                 0.608            6.732           25.200        174.33                         
      1.390          9.547          109.856                -0.086            6.045           25.200        176.06                         
      1.400          9.544          109.856                -0.798            5.338           25.200        177.83                         
      1.410          9.541          109.857                -1.528            4.610           25.200        179.64                         
      1.420          9.539          109.857                -2.276            3.861           25.200        181.50                         
      1.430          9.538          109.858                -3.041            3.092           25.200        183.41                         
      1.440          9.537          109.858                -3.824            2.301           25.200        185.37                         
      1.450          9.538          109.859                -4.623            1.489           25.200        187.38                         
      1.460          9.539          109.860                -5.439            0.657           25.200        189.45                         
      1.470          9.541          109.861                -6.270           -0.195           25.200        191.57                         
      1.480          9.545          109.862                -7.115           -1.066           25.200        193.75                         
      1.490          9.549          109.863                -7.974           -1.956           25.200        195.98                         
      1.500          9.555          109.865                -8.845           -2.863           25.200        198.28                         
      1.510          9.561          109.867                -9.726           -3.786           25.200        200.64                         
      1.520          9.570          109.869               -10.615           -4.724           25.200        203.07                         
      1.530          9.580          109.871               -11.511           -5.674           25.200        205.56                         
      1.540          9.591          109.874               -12.410           -6.635           25.200        208.12                         
      1.550          9.604          109.876               -13.310           -7.604           25.200        210.76                         
      1.560          9.618          109.879               -14.207           -8.578           25.200        213.47                         
      1.570          9.635          109.883               -15.097           -9.554           25.200        216.25                         
      1.580          9.653          109.886               -15.978          -10.528           25.200        219.11                         
      1.590          9.673          109.890               -16.843          -11.495           25.200        222.06                         
      1.600          9.696          109.894               -17.687          -12.452           25.200        225.08                         
      1.610          9.720          109.899               -18.506          -13.391           25.200        228.19                         
      1.620          9.747          109.904               -19.293          -14.309           25.200        231.39                         
      1.630          9.776          109.909               -20.042          -15.197           25.200        234.67                         
      1.640          9.807          109.914               -20.744          -16.050           25.200        238.05                         
      1.650          9.840          109.920               -21.394          -16.860           25.200        241.51                         
      1.660          9.875          109.926               -21.982          -17.618           25.200        245.07                         
      1.670          9.913          109.932               -22.500          -18.316           25.200        248.73                         
      1.680          9.953          109.939               -22.940          -18.944           25.200        252.48                         
      1.690          9.994          109.946               -23.292          -19.494           25.200        256.33                         
      1.700         10.038          109.953               -23.546          -19.955           25.200        260.28                         
      1.710         10.083          109.961               -23.695          -20.318           25.200        264.33                         
      1.720         10.130          109.968               -23.728          -20.572           25.200        268.48                         
      1.730         10.179          109.976               -23.636          -20.707           25.200        272.73                         
      1.740         10.228          109.984               -23.412          -20.714           25.200        277.09                         
      1.750         10.279          109.992               -23.046          -20.583           25.200        281.54                         
      1.760         10.329          110.000               -22.533          -20.306           25.200        286.09                         
      1.770         10.380          110.008               -21.866          -19.874           25.200        290.75                         
      1.780         10.430          110.015               -21.041          -19.282           25.200        295.50                         
      1.790         10.480          110.023               -20.055          -18.524           25.200        300.35                         
      1.800         10.529          110.030               -18.907          -17.597           25.200        305.29                         
      1.810         10.575          110.036               -17.598          -16.501           25.200        310.32                         
      1.820         10.620          110.043               -16.132          -15.235           25.200        315.45                         
      1.830         10.662          110.048               -14.515          -13.803           25.200        320.66                         
      1.840         10.700          110.053               -12.756          -12.212           25.200        325.95                         
      1.850         10.735          110.058               -10.865          -10.470           25.200        331.32                         
      1.860         10.766          110.061                -8.856           -8.588           25.200        336.77                         
      1.870         10.792          110.064                -6.747           -6.581           25.200        342.28                         
      1.880         10.813          110.066                -4.555           -4.466           25.200        347.87                         
      1.890         10.828          110.066                -2.303           -2.261           25.200        353.51                         
      1.900         10.838          110.066                -0.012            0.010           25.200        359.20                         
      1.910         10.842          110.065                 2.291            2.326           25.200        364.95                         
      1.920         10.839          110.062                 4.582            4.659           25.200        370.74                         
      1.930         10.830          110.059                 6.834            6.986           25.200        376.57                         
      1.940         10.815          110.054                 9.021            9.277           25.200        382.44                         
      1.950         10.794          110.049                11.116           11.508           25.200        388.33                         
      1.960         10.766          110.043                13.094           13.650           25.200        394.25                         
      1.970         10.732          110.035                14.931           15.679           25.200        400.18                         
      1.980         10.693          110.027                16.604           17.570           25.200        406.13                         
      1.990         10.648          110.018                18.094           19.300           25.200        412.09                         
      2.000         10.599          110.009                19.381           20.849           25.200        418.06                         

