  ¬рем€            U                U                Pij              –г               –т г             ”гол рот         ќтн угол U       
                   601              1002             1001             601              601              601              601              
                                                     1002                                                                                 
                                                     1                                                                                    

                    10.500          110.000                11.327           24.800           24.800         61.87                         
      0.010         10.500          110.000                11.327           24.800           24.800         61.87                         
      0.020         10.500          110.000                11.327           24.800           24.800         61.87                         
      0.030         10.500          110.000                11.327           24.800           24.800         61.87                         
      0.040         10.500          110.000                11.327           24.800           24.800         61.87                         
      0.050         10.500          110.000                11.327           24.800           24.800         61.87                         
      0.060         10.500          110.000                11.327           24.800           24.800         61.87                         
      0.070         10.500          110.000                11.327           24.800           24.800         61.87                         
      0.080         10.500          110.000                11.327           24.800           24.800         61.87                         
      0.090         10.500          110.000                11.327           24.800           24.800         61.87                         
      0.100         10.500          110.000                11.327           24.800           24.800         61.87                         
      0.100          9.926          109.329                -0.001            3.091           24.800         61.87                         
      0.110          9.926          109.329                -0.001            3.091           24.800         61.90                         
      0.120          9.926          109.329                -0.001            3.091           24.800         61.98                         
      0.130          9.926          109.329                -0.001            3.091           24.800         62.10                         
      0.140          9.926          109.329                -0.001            3.091           24.800         62.28                         
      0.150          9.926          109.329                -0.001            3.091           24.800         62.51                         
      0.160          9.926          109.329                -0.001            3.091           24.800         62.79                         
      0.170          9.926          109.329                -0.001            3.091           24.800         63.11                         
      0.180          9.926          109.329                -0.001            3.091           24.800         63.49                         
      0.190          9.926          109.329                -0.001            3.091           24.800         63.92                         
      0.200          9.926          109.329                -0.001            3.091           24.800         64.39                         
      0.210          9.926          109.329                -0.001            3.091           24.800         64.91                         
      0.220          9.926          109.329                -0.001            3.091           24.800         65.48                         
      0.230          9.926          109.329                -0.001            3.091           24.800         66.10                         
      0.240          9.926          109.329                -0.001            3.091           24.800         66.77                         
      0.250          9.926          109.329                -0.001            3.091           24.800         67.48                         
      0.260          9.926          109.329                -0.001            3.091           24.800         68.24                         
      0.260         10.489          109.989                21.035           22.983           24.800         68.24                         
      0.270         10.481          109.987                21.137           23.125           24.800         69.03                         
      0.280         10.474          109.986                21.235           23.262           24.800         69.81                         
      0.290         10.466          109.984                21.329           23.395           24.800         70.60                         
      0.300         10.458          109.983                21.419           23.525           24.800         71.39                         
      0.310         10.450          109.982                21.505           23.651           24.800         72.17                         
      0.320         10.442          109.980                21.587           23.772           24.800         72.96                         
      0.330         10.434          109.979                21.664           23.890           24.800         73.75                         
      0.340         10.426          109.977                21.737           24.004           24.800         74.54                         
      0.350         10.417          109.976                21.806           24.113           24.800         75.32                         
      0.360         10.409          109.975                21.871           24.219           24.800         76.11                         
      0.370         10.401          109.973                21.932           24.320           24.800         76.90                         
      0.380         10.393          109.972                21.988           24.417           24.800         77.68                         
      0.390         10.384          109.970                22.040           24.510           24.800         78.47                         
      0.400         10.376          109.969                22.087           24.598           24.800         79.25                         
      0.410         10.367          109.967                22.130           24.683           24.800         80.04                         
      0.420         10.359          109.966                22.169           24.763           24.800         80.82                         
      0.430         10.350          109.965                22.204           24.839           24.800         81.60                         
      0.440         10.342          109.963                22.234           24.910           24.800         82.38                         
      0.450         10.333          109.962                22.260           24.978           24.800         83.17                         
      0.460         10.325          109.960                22.282           25.041           24.800         83.94                         
      0.470         10.316          109.959                22.300           25.100           24.800         84.72                         
      0.480         10.308          109.957                22.313           25.154           24.800         85.50                         
      0.490         10.299          109.956                22.322           25.204           24.800         86.28                         
      0.500         10.290          109.955                22.327           25.250           24.800         87.05                         
      0.510         10.282          109.953                22.327           25.292           24.800         87.82                         
      0.520         10.273          109.952                22.324           25.329           24.800         88.59                         
      0.530         10.265          109.950                22.316           25.363           24.800         89.36                         
      0.540         10.256          109.949                22.304           25.392           24.800         90.13                         
      0.550         10.247          109.948                22.288           25.416           24.800         90.90                         
      0.560         10.239          109.946                22.268           25.437           24.800         91.66                         
      0.570         10.230          109.945                22.244           25.454           24.800         92.42                         
      0.580         10.222          109.943                22.216           25.466           24.800         93.19                         
      0.590         10.213          109.942                22.184           25.474           24.800         93.94                         
      0.600         10.204          109.941                22.148           25.479           24.800         94.70                         
      0.610         10.196          109.939                22.108           25.479           24.800         95.46                         
      0.620         10.187          109.938                22.064           25.475           24.800         96.21                         
      0.630         10.179          109.937                22.017           25.468           24.800         96.96                         
      0.640         10.170          109.935                21.966           25.456           24.800         97.72                         
      0.650         10.162          109.934                21.910           25.440           24.800         98.47                         
      0.660         10.153          109.933                21.852           25.421           24.800         99.21                         
      0.670         10.145          109.931                21.789           25.397           24.800         99.96                         
      0.680         10.136          109.930                21.723           25.370           24.800        100.70                         
      0.690         10.128          109.929                21.653           25.339           24.800        101.45                         
      0.700         10.119          109.927                21.579           25.304           24.800        102.19                         
      0.710         10.111          109.926                21.502           25.266           24.800        102.93                         
      0.720         10.102          109.925                21.421           25.223           24.800        103.67                         
      0.730         10.094          109.923                21.337           25.177           24.800        104.41                         
      0.740         10.086          109.922                21.249           25.127           24.800        105.15                         
      0.750         10.077          109.921                21.158           25.074           24.800        105.89                         
      0.760         10.069          109.920                21.063           25.016           24.800        106.62                         
      0.770         10.061          109.918                20.964           24.955           24.800        107.36                         
      0.780         10.052          109.917                20.862           24.891           24.800        108.10                         
      0.790         10.044          109.916                20.756           24.822           24.800        108.83                         
      0.800         10.036          109.915                20.647           24.750           24.800        109.57                         
      0.810         10.028          109.913                20.534           24.674           24.800        110.31                         
      0.820         10.019          109.912                20.418           24.594           24.800        111.04                         
      0.830         10.011          109.911                20.298           24.511           24.800        111.78                         
      0.840         10.003          109.910                20.175           24.424           24.800        112.52                         
      0.850          9.995          109.909                20.047           24.333           24.800        113.26                         
      0.860          9.987          109.907                19.917           24.238           24.800        114.00                         
      0.870          9.978          109.906                19.782           24.140           24.800        114.74                         
      0.880          9.970          109.905                19.644           24.037           24.800        115.49                         
      0.890          9.962          109.904                19.502           23.931           24.800        116.23                         
      0.900          9.954          109.903                19.356           23.821           24.800        116.98                         
      0.910          9.946          109.902                19.206           23.706           24.800        117.73                         
      0.920          9.938          109.900                19.052           23.588           24.800        118.48                         
      0.930          9.930          109.899                18.895           23.466           24.800        119.24                         
      0.940          9.922          109.898                18.733           23.339           24.800        120.00                         
      0.950          9.914          109.897                18.567           23.208           24.800        120.76                         
      0.960          9.906          109.896                18.397           23.073           24.800        121.52                         
      0.970          9.898          109.895                18.222           22.933           24.800        122.29                         
      0.980          9.889          109.894                18.043           22.788           24.800        123.07                         
      0.990          9.881          109.893                17.860           22.639           24.800        123.85                         
      1.000          9.873          109.891                17.671           22.486           24.800        124.63                         
      1.010          9.865          109.890                17.479           22.327           24.800        125.42                         
      1.020          9.857          109.889                17.281           22.164           24.800        126.22                         
      1.030          9.849          109.888                17.078           21.995           24.800        127.02                         
      1.040          9.841          109.887                16.870           21.821           24.800        127.82                         
      1.050          9.833          109.886                16.656           21.642           24.800        128.64                         
      1.060          9.825          109.885                16.438           21.457           24.800        129.46                         
      1.070          9.817          109.884                16.213           21.267           24.800        130.29                         
      1.080          9.809          109.883                15.983           21.070           24.800        131.13                         
      1.090          9.801          109.882                15.747           20.868           24.800        131.97                         
      1.100          9.793          109.881                15.505           20.659           24.800        132.83                         
      1.110          9.785          109.880                15.256           20.444           24.800        133.69                         
      1.120          9.776          109.879                15.001           20.222           24.800        134.57                         
      1.130          9.768          109.878                14.739           19.993           24.800        135.45                         
      1.140          9.760          109.877                14.470           19.757           24.800        136.35                         
      1.150          9.752          109.875                14.193           19.514           24.800        137.26                         
      1.160          9.744          109.874                13.910           19.263           24.800        138.18                         
      1.170          9.736          109.873                13.618           19.004           24.800        139.11                         
      1.180          9.728          109.872                13.319           18.737           24.800        140.06                         
      1.190          9.720          109.871                13.011           18.462           24.800        141.02                         
      1.200          9.712          109.870                12.694           18.178           24.800        141.99                         
      1.210          9.704          109.870                12.369           17.885           24.800        142.98                         
      1.220          9.696          109.869                12.035           17.582           24.800        143.98                         
      1.230          9.688          109.868                11.691           17.270           24.800        145.01                         
      1.240          9.680          109.867                11.338           16.948           24.800        146.04                         
      1.250          9.672          109.866                10.974           16.615           24.800        147.10                         
      1.260          9.664          109.865                10.600           16.271           24.800        148.17                         
      1.270          9.656          109.864                10.215           15.916           24.800        149.27                         
      1.280          9.648          109.863                 9.819           15.550           24.800        150.38                         
      1.290          9.640          109.862                 9.411           15.172           24.800        151.52                         
      1.300          9.633          109.861                 8.991           14.781           24.800        152.67                         
      1.310          9.625          109.861                 8.559           14.377           24.800        153.85                         
      1.320          9.618          109.860                 8.115           13.960           24.800        155.06                         
      1.330          9.610          109.859                 7.657           13.529           24.800        156.29                         
      1.340          9.603          109.858                 7.186           13.084           24.800        157.54                         
      1.350          9.596          109.858                 6.701           12.624           24.800        158.82                         
      1.360          9.589          109.857                 6.202           12.149           24.800        160.13                         
      1.370          9.582          109.857                 5.688           11.659           24.800        161.46                         
      1.380          9.576          109.856                 5.159           11.152           24.800        162.83                         
      1.390          9.570          109.856                 4.615           10.629           24.800        164.22                         
      1.400          9.563          109.855                 4.055           10.088           24.800        165.65                         
      1.410          9.558          109.855                 3.479            9.531           24.800        167.11                         
      1.420          9.552          109.854                 2.886            8.955           24.800        168.61                         
      1.430          9.547          109.854                 2.277            8.360           24.800        170.14                         
      1.440          9.542          109.854                 1.651            7.747           24.800        171.71                         
      1.450          9.538          109.854                 1.008            7.115           24.800        173.32                         
      1.460          9.534          109.854                 0.347            6.463           24.800        174.97                         
      1.470          9.530          109.854                -0.331            5.791           24.800        176.66                         
      1.480          9.528          109.854                -1.027            5.099           24.800        178.39                         
      1.490          9.525          109.854                -1.740            4.387           24.800        180.17                         
      1.500          9.523          109.855                -2.471            3.655           24.800        181.99                         
      1.510          9.522          109.855                -3.219            2.901           24.800        183.86                         
      1.520          9.522          109.856                -3.984            2.128           24.800        185.78                         
      1.530          9.523          109.856                -4.765            1.334           24.800        187.75                         
      1.540          9.524          109.857                -5.562            0.520           24.800        189.77                         
      1.550          9.526          109.858                -6.375           -0.314           24.800        191.85                         
      1.560          9.530          109.860                -7.202           -1.166           24.800        193.99                         
      1.570          9.534          109.861                -8.042           -2.037           24.800        196.18                         
      1.580          9.540          109.863                -8.894           -2.925           24.800        198.44                         
      1.590          9.547          109.864                -9.756           -3.829           24.800        200.75                         
      1.600          9.555          109.866               -10.627           -4.747           24.800        203.13                         
      1.610          9.564          109.869               -11.504           -5.679           24.800        205.58                         
      1.620          9.575          109.871               -12.386           -6.621           24.800        208.10                         
      1.630          9.588          109.874               -13.268           -7.571           24.800        210.68                         
      1.640          9.602          109.877               -14.149           -8.527           24.800        213.34                         
      1.650          9.618          109.880               -15.024           -9.485           24.800        216.08                         
      1.660          9.636          109.883               -15.889          -10.442           24.800        218.89                         
      1.670          9.656          109.887               -16.741          -11.394           24.800        221.78                         
      1.680          9.678          109.891               -17.574          -12.336           24.800        224.75                         
      1.690          9.702          109.896               -18.383          -13.263           24.800        227.81                         
      1.700          9.728          109.900               -19.163          -14.169           24.800        230.95                         
      1.710          9.756          109.905               -19.906          -15.049           24.800        234.18                         
      1.720          9.786          109.911               -20.606          -15.895           24.800        237.49                         
      1.730          9.819          109.916               -21.255          -16.701           24.800        240.90                         
      1.740          9.853          109.922               -21.847          -17.458           24.800        244.40                         
      1.750          9.890          109.928               -22.372          -18.159           24.800        247.99                         
      1.760          9.929          109.935               -22.823          -18.794           24.800        251.68                         
      1.770          9.970          109.942               -23.190          -19.355           24.800        255.47                         
      1.780         10.012          109.949               -23.464          -19.831           24.800        259.35                         
      1.790         10.057          109.956               -23.637          -20.213           24.800        263.34                         
      1.800         10.103          109.964               -23.698          -20.492           24.800        267.42                         
      1.810         10.151          109.971               -23.641          -20.657           24.800        271.60                         
      1.820         10.199          109.979               -23.455          -20.699           24.800        275.89                         
      1.830         10.249          109.987               -23.133          -20.608           24.800        280.27                         
      1.840         10.299          109.995               -22.668          -20.376           24.800        284.75                         
      1.850         10.349          110.002               -22.054          -19.995           24.800        289.33                         
      1.860         10.400          110.010               -21.285          -19.458           24.800        294.01                         
      1.870         10.449          110.017               -20.360          -18.760           24.800        298.79                         
      1.880         10.498          110.025               -19.276          -17.898           24.800        303.66                         
      1.890         10.545          110.031               -18.033          -16.868           24.800        308.62                         
      1.900         10.590          110.038               -16.634          -15.671           24.800        313.67                         
      1.910         10.632          110.044               -15.085          -14.311           24.800        318.81                         
      1.920         10.672          110.049               -13.392          -12.791           24.800        324.03                         
      1.930         10.708          110.053               -11.565          -11.119           24.800        329.33                         
      1.940         10.740          110.057                -9.618           -9.305           24.800        334.70                         
      1.950         10.767          110.060                -7.565           -7.363           24.800        340.15                         
      1.960         10.790          110.062                -5.423           -5.308           24.800        345.66                         
      1.970         10.807          110.063                -3.214           -3.157           24.800        351.23                         
      1.980         10.819          110.064                -0.958           -0.931           24.800        356.86                         
      1.990         10.826          110.063                 1.322            1.347           24.800        362.54                         
      2.000         10.826          110.061                 3.599            3.654           24.800        368.27                         

