  ¬рем€            U                U                Pij              –г               –т г             ”гол рот         ќтн угол U       
                   601              1002             1001             601              601              601              601              
                                                     1002                                                                                 
                                                     1                                                                                    

                    10.500          110.000                11.288           24.700           24.700         61.52                         
      0.010         10.500          110.000                11.288           24.700           24.700         61.52                         
      0.020         10.500          110.000                11.288           24.700           24.700         61.52                         
      0.030         10.500          110.000                11.288           24.700           24.700         61.52                         
      0.040         10.500          110.000                11.288           24.700           24.700         61.52                         
      0.050         10.500          110.000                11.288           24.700           24.700         61.52                         
      0.060         10.500          110.000                11.288           24.700           24.700         61.52                         
      0.070         10.500          110.000                11.288           24.700           24.700         61.52                         
      0.080         10.500          110.000                11.288           24.700           24.700         61.52                         
      0.090         10.500          110.000                11.288           24.700           24.700         61.52                         
      0.100         10.500          110.000                11.288           24.700           24.700         61.52                         
      0.100          9.923          109.329                -0.001            3.088           24.700         61.52                         
      0.110          9.923          109.329                -0.001            3.088           24.700         61.55                         
      0.120          9.923          109.329                -0.001            3.088           24.700         61.62                         
      0.130          9.923          109.329                -0.001            3.088           24.700         61.75                         
      0.140          9.923          109.329                -0.001            3.088           24.700         61.93                         
      0.150          9.923          109.329                -0.001            3.088           24.700         62.15                         
      0.160          9.923          109.329                -0.001            3.088           24.700         62.43                         
      0.170          9.923          109.329                -0.001            3.088           24.700         62.76                         
      0.180          9.923          109.329                -0.001            3.088           24.700         63.13                         
      0.190          9.923          109.329                -0.001            3.088           24.700         63.55                         
      0.200          9.923          109.329                -0.001            3.088           24.700         64.03                         
      0.210          9.923          109.329                -0.001            3.088           24.700         64.55                         
      0.220          9.923          109.329                -0.001            3.088           24.700         65.11                         
      0.230          9.923          109.329                -0.001            3.088           24.700         65.73                         
      0.240          9.923          109.329                -0.001            3.088           24.700         66.39                         
      0.250          9.923          109.329                -0.001            3.088           24.700         67.10                         
      0.260          9.923          109.329                -0.001            3.088           24.700         67.86                         
      0.260         10.489          109.989                20.975           22.903           24.700         67.86                         
      0.270         10.481          109.987                21.078           23.046           24.700         68.64                         
      0.280         10.474          109.986                21.178           23.185           24.700         69.43                         
      0.290         10.466          109.984                21.274           23.319           24.700         70.21                         
      0.300         10.458          109.983                21.365           23.450           24.700         70.99                         
      0.310         10.450          109.982                21.453           23.577           24.700         71.77                         
      0.320         10.442          109.980                21.536           23.701           24.700         72.56                         
      0.330         10.434          109.979                21.615           23.820           24.700         73.34                         
      0.340         10.426          109.977                21.690           23.935           24.700         74.12                         
      0.350         10.418          109.976                21.761           24.046           24.700         74.91                         
      0.360         10.410          109.975                21.828           24.153           24.700         75.69                         
      0.370         10.402          109.973                21.890           24.256           24.700         76.47                         
      0.380         10.393          109.972                21.949           24.354           24.700         77.25                         
      0.390         10.385          109.970                22.002           24.449           24.700         78.04                         
      0.400         10.377          109.969                22.052           24.539           24.700         78.82                         
      0.410         10.368          109.968                22.097           24.626           24.700         79.60                         
      0.420         10.360          109.966                22.139           24.708           24.700         80.38                         
      0.430         10.352          109.965                22.175           24.785           24.700         81.15                         
      0.440         10.343          109.963                22.208           24.859           24.700         81.93                         
      0.450         10.335          109.962                22.236           24.928           24.700         82.71                         
      0.460         10.326          109.960                22.260           24.993           24.700         83.48                         
      0.470         10.318          109.959                22.280           25.054           24.700         84.25                         
      0.480         10.309          109.958                22.296           25.111           24.700         85.03                         
      0.490         10.301          109.956                22.308           25.163           24.700         85.80                         
      0.500         10.292          109.955                22.315           25.211           24.700         86.57                         
      0.510         10.284          109.953                22.318           25.255           24.700         87.33                         
      0.520         10.275          109.952                22.317           25.295           24.700         88.10                         
      0.530         10.267          109.951                22.312           25.331           24.700         88.86                         
      0.540         10.258          109.949                22.303           25.362           24.700         89.62                         
      0.550         10.249          109.948                22.290           25.390           24.700         90.38                         
      0.560         10.241          109.946                22.273           25.413           24.700         91.14                         
      0.570         10.232          109.945                22.252           25.432           24.700         91.90                         
      0.580         10.224          109.944                22.227           25.447           24.700         92.65                         
      0.590         10.215          109.942                22.198           25.458           24.700         93.40                         
      0.600         10.207          109.941                22.165           25.465           24.700         94.15                         
      0.610         10.198          109.940                22.128           25.469           24.700         94.90                         
      0.620         10.190          109.938                22.088           25.468           24.700         95.65                         
      0.630         10.181          109.937                22.044           25.463           24.700         96.40                         
      0.640         10.173          109.936                21.996           25.455           24.700         97.14                         
      0.650         10.165          109.934                21.945           25.442           24.700         97.88                         
      0.660         10.156          109.933                21.889           25.426           24.700         98.62                         
      0.670         10.148          109.932                21.831           25.406           24.700         99.36                         
      0.680         10.139          109.930                21.768           25.382           24.700        100.09                         
      0.690         10.131          109.929                21.702           25.355           24.700        100.83                         
      0.700         10.123          109.928                21.633           25.323           24.700        101.56                         
      0.710         10.114          109.926                21.560           25.289           24.700        102.29                         
      0.720         10.106          109.925                21.483           25.250           24.700        103.02                         
      0.730         10.098          109.924                21.403           25.208           24.700        103.75                         
      0.740         10.089          109.923                21.320           25.162           24.700        104.48                         
      0.750         10.081          109.921                21.233           25.113           24.700        105.21                         
      0.760         10.073          109.920                21.143           25.060           24.700        105.93                         
      0.770         10.065          109.919                21.049           25.003           24.700        106.66                         
      0.780         10.057          109.918                20.952           24.943           24.700        107.38                         
      0.790         10.049          109.917                20.852           24.879           24.700        108.11                         
      0.800         10.040          109.915                20.748           24.812           24.700        108.83                         
      0.810         10.032          109.914                20.641           24.741           24.700        109.56                         
      0.820         10.024          109.913                20.530           24.667           24.700        110.28                         
      0.830         10.016          109.912                20.416           24.588           24.700        111.00                         
      0.840         10.008          109.911                20.298           24.507           24.700        111.73                         
      0.850         10.000          109.909                20.177           24.422           24.700        112.45                         
      0.860          9.992          109.908                20.053           24.333           24.700        113.18                         
      0.870          9.984          109.907                19.925           24.240           24.700        113.91                         
      0.880          9.976          109.906                19.794           24.144           24.700        114.64                         
      0.890          9.968          109.905                19.659           24.044           24.700        115.36                         
      0.900          9.960          109.904                19.520           23.941           24.700        116.10                         
      0.910          9.952          109.902                19.378           23.833           24.700        116.83                         
      0.920          9.944          109.901                19.232           23.722           24.700        117.56                         
      0.930          9.936          109.900                19.082           23.607           24.700        118.30                         
      0.940          9.928          109.899                18.928           23.488           24.700        119.04                         
      0.950          9.920          109.898                18.771           23.365           24.700        119.78                         
      0.960          9.912          109.897                18.609           23.238           24.700        120.53                         
      0.970          9.905          109.896                18.444           23.106           24.700        121.28                         
      0.980          9.897          109.895                18.274           22.971           24.700        122.03                         
      0.990          9.889          109.893                18.100           22.831           24.700        122.79                         
      1.000          9.881          109.892                17.922           22.687           24.700        123.55                         
      1.010          9.873          109.891                17.739           22.538           24.700        124.32                         
      1.020          9.865          109.890                17.552           22.385           24.700        125.09                         
      1.030          9.857          109.889                17.361           22.226           24.700        125.87                         
      1.040          9.849          109.888                17.164           22.063           24.700        126.65                         
      1.050          9.841          109.887                16.963           21.896           24.700        127.44                         
      1.060          9.833          109.886                16.756           21.722           24.700        128.23                         
      1.070          9.825          109.885                16.544           21.544           24.700        129.04                         
      1.080          9.818          109.884                16.327           21.360           24.700        129.84                         
      1.090          9.810          109.883                16.105           21.171           24.700        130.66                         
      1.100          9.802          109.882                15.877           20.976           24.700        131.49                         
      1.110          9.794          109.881                15.643           20.775           24.700        132.32                         
      1.120          9.786          109.880                15.402           20.567           24.700        133.16                         
      1.130          9.778          109.879                15.156           20.354           24.700        134.02                         
      1.140          9.770          109.878                14.903           20.134           24.700        134.88                         
      1.150          9.762          109.877                14.644           19.907           24.700        135.75                         
      1.160          9.754          109.876                14.377           19.673           24.700        136.63                         
      1.170          9.746          109.875                14.104           19.432           24.700        137.53                         
      1.180          9.738          109.874                13.823           19.184           24.700        138.44                         
      1.190          9.730          109.873                13.535           18.927           24.700        139.36                         
      1.200          9.722          109.872                13.238           18.663           24.700        140.29                         
      1.210          9.714          109.871                12.934           18.390           24.700        141.24                         
      1.220          9.706          109.870                12.621           18.109           24.700        142.20                         
      1.230          9.698          109.869                12.300           17.819           24.700        143.17                         
      1.240          9.691          109.868                11.969           17.520           24.700        144.16                         
      1.250          9.683          109.867                11.629           17.211           24.700        145.17                         
      1.260          9.675          109.866                11.280           16.892           24.700        146.20                         
      1.270          9.667          109.865                10.920           16.563           24.700        147.24                         
      1.280          9.659          109.864                10.550           16.223           24.700        148.30                         
      1.290          9.652          109.863                10.170           15.872           24.700        149.38                         
      1.300          9.644          109.862                 9.778           15.510           24.700        150.48                         
      1.310          9.636          109.862                 9.375           15.136           24.700        151.60                         
      1.320          9.629          109.861                 8.961           14.749           24.700        152.75                         
      1.330          9.621          109.860                 8.534           14.350           24.700        153.91                         
      1.340          9.614          109.859                 8.095           13.938           24.700        155.10                         
      1.350          9.607          109.859                 7.642           13.512           24.700        156.31                         
      1.360          9.599          109.858                 7.177           13.073           24.700        157.55                         
      1.370          9.592          109.857                 6.698           12.618           24.700        158.82                         
      1.380          9.586          109.857                 6.204           12.149           24.700        160.11                         
      1.390          9.579          109.856                 5.697           11.665           24.700        161.43                         
      1.400          9.572          109.855                 5.174           11.164           24.700        162.78                         
      1.410          9.566          109.855                 4.637           10.647           24.700        164.16                         
      1.420          9.560          109.855                 4.083           10.113           24.700        165.57                         
      1.430          9.554          109.854                 3.514            9.562           24.700        167.02                         
      1.440          9.549          109.854                 2.929            8.993           24.700        168.50                         
      1.450          9.544          109.854                 2.327            8.406           24.700        170.02                         
      1.460          9.539          109.853                 1.708            7.800           24.700        171.57                         
      1.470          9.535          109.853                 1.072            7.176           24.700        173.16                         
      1.480          9.531          109.853                 0.419            6.532           24.700        174.79                         
      1.490          9.527          109.853                -0.252            5.868           24.700        176.46                         
      1.500          9.524          109.853                -0.939            5.184           24.700        178.17                         
      1.510          9.522          109.854                -1.645            4.480           24.700        179.93                         
      1.520          9.520          109.854                -2.367            3.756           24.700        181.73                         
      1.530          9.519          109.854                -3.107            3.011           24.700        183.58                         
      1.540          9.518          109.855                -3.864            2.246           24.700        185.48                         
      1.550          9.519          109.856                -4.637            1.461           24.700        187.43                         
      1.560          9.520          109.857                -5.427            0.656           24.700        189.43                         
      1.570          9.522          109.858                -6.231           -0.169           24.700        191.49                         
      1.580          9.525          109.859                -7.051           -1.013           24.700        193.60                         
      1.590          9.530          109.860                -7.883           -1.875           24.700        195.77                         
      1.600          9.535          109.862                -8.728           -2.755           24.700        198.00                         
      1.610          9.541          109.863                -9.584           -3.650           24.700        200.29                         
      1.620          9.549          109.865               -10.448           -4.561           24.700        202.65                         
      1.630          9.559          109.868               -11.320           -5.485           24.700        205.07                         
      1.640          9.569          109.870               -12.196           -6.420           24.700        207.56                         
      1.650          9.582          109.873               -13.074           -7.364           24.700        210.12                         
      1.660          9.595          109.875               -13.951           -8.314           24.700        212.75                         
      1.670          9.611          109.879               -14.823           -9.268           24.700        215.46                         
      1.680          9.628          109.882               -15.688          -10.221           24.700        218.24                         
      1.690          9.648          109.886               -16.539          -11.170           24.700        221.10                         
      1.700          9.669          109.890               -17.374          -12.111           24.700        224.04                         
      1.710          9.692          109.894               -18.186          -13.038           24.700        227.07                         
      1.720          9.718          109.899               -18.970          -13.946           24.700        230.17                         
      1.730          9.745          109.903               -19.719          -14.830           24.700        233.37                         
      1.740          9.775          109.909               -20.428          -15.682           24.700        236.65                         
      1.750          9.806          109.914               -21.088          -16.496           24.700        240.03                         
      1.760          9.840          109.920               -21.694          -17.263           24.700        243.49                         
      1.770          9.876          109.926               -22.235          -17.977           24.700        247.05                         
      1.780          9.915          109.933               -22.704          -18.628           24.700        250.70                         
      1.790          9.955          109.939               -23.093          -19.207           24.700        254.45                         
      1.800          9.997          109.946               -23.392          -19.705           24.700        258.30                         
      1.810         10.041          109.953               -23.592          -20.113           24.700        262.25                         
      1.820         10.087          109.961               -23.685          -20.420           24.700        266.29                         
      1.830         10.134          109.968               -23.661          -20.617           24.700        270.44                         
      1.840         10.182          109.976               -23.512          -20.693           24.700        274.68                         
      1.850         10.231          109.984               -23.230          -20.641           24.700        279.02                         
      1.860         10.281          109.992               -22.807          -20.450           24.700        283.47                         
      1.870         10.331          109.999               -22.238          -20.113           24.700        288.01                         
      1.880         10.381          110.007               -21.516          -19.623           24.700        292.65                         
      1.890         10.431          110.015               -20.639          -18.975           24.700        297.39                         
      1.900         10.480          110.022               -19.604          -18.162           24.700        302.22                         
      1.910         10.527          110.029               -18.411          -17.185           24.700        307.14                         
      1.920         10.573          110.035               -17.062          -16.040           24.700        312.16                         
      1.930         10.616          110.041               -15.560          -14.732           24.700        317.26                         
      1.940         10.656          110.047               -13.914          -13.263           24.700        322.44                         
      1.950         10.693          110.051               -12.131          -11.640           24.700        327.71                         
      1.960         10.727          110.055               -10.223           -9.873           24.700        333.05                         
      1.970         10.755          110.059                -8.206           -7.973           24.700        338.46                         
      1.980         10.780          110.061                -6.095           -5.956           24.700        343.94                         
      1.990         10.799          110.062                -3.910           -3.838           24.700        349.48                         
      2.000         10.813          110.063                -1.671           -1.638           24.700        355.09                         

