  ¬рем€            U                U                Pij              –г               –т г             ”гол рот         ќтн угол U       
                   601              1002             1001             601              601              601              601              
                                                     1002                                                                                 
                                                     1                                                                                    

                    10.500          110.000                11.851           26.200           26.200         67.17                         
      0.010         10.500          110.000                11.851           26.200           26.200         67.17                         
      0.020         10.500          110.000                11.851           26.200           26.200         67.17                         
      0.030         10.500          110.000                11.851           26.200           26.200         67.17                         
      0.040         10.500          110.000                11.851           26.200           26.200         67.17                         
      0.050         10.500          110.000                11.851           26.200           26.200         67.17                         
      0.060         10.500          110.000                11.851           26.200           26.200         67.17                         
      0.070         10.500          110.000                11.851           26.200           26.200         67.17                         
      0.080         10.500          110.000                11.851           26.200           26.200         67.17                         
      0.090         10.500          110.000                11.851           26.200           26.200         67.17                         
      0.100         10.500          110.000                11.851           26.200           26.200         67.17                         
      0.100          9.983          109.340                -0.001            3.120           26.200         67.17                         
      0.110          9.983          109.340                -0.001            3.120           26.200         67.20                         
      0.120          9.983          109.340                -0.001            3.120           26.200         67.28                         
      0.130          9.983          109.340                -0.001            3.120           26.200         67.42                         
      0.140          9.983          109.340                -0.001            3.120           26.200         67.61                         
      0.150          9.983          109.340                -0.001            3.120           26.200         67.85                         
      0.160          9.983          109.340                -0.001            3.120           26.200         68.15                         
      0.170          9.983          109.340                -0.001            3.120           26.200         68.49                         
      0.180          9.983          109.340                -0.001            3.120           26.200         68.89                         
      0.190          9.983          109.340                -0.001            3.120           26.200         69.35                         
      0.200          9.983          109.340                -0.001            3.120           26.200         69.85                         
      0.210          9.983          109.340                -0.001            3.120           26.200         70.40                         
      0.220          9.983          109.340                -0.001            3.120           26.200         71.01                         
      0.230          9.983          109.340                -0.001            3.120           26.200         71.67                         
      0.240          9.983          109.340                -0.001            3.120           26.200         72.38                         
      0.250          9.983          109.340                -0.001            3.120           26.200         73.14                         
      0.260          9.983          109.340                -0.001            3.120           26.200         73.95                         
      0.260         10.489          109.989                21.813           24.064           26.200         73.95                         
      0.270         10.480          109.987                21.890           24.184           26.200         74.78                         
      0.280         10.472          109.986                21.962           24.299           26.200         75.62                         
      0.290         10.463          109.984                22.030           24.410           26.200         76.46                         
      0.300         10.454          109.983                22.092           24.517           26.200         77.29                         
      0.310         10.445          109.981                22.150           24.618           26.200         78.13                         
      0.320         10.436          109.980                22.203           24.716           26.200         78.97                         
      0.330         10.427          109.978                22.251           24.808           26.200         79.82                         
      0.340         10.418          109.977                22.295           24.896           26.200         80.66                         
      0.350         10.409          109.975                22.333           24.979           26.200         81.50                         
      0.360         10.400          109.973                22.366           25.057           26.200         82.35                         
      0.370         10.391          109.972                22.395           25.130           26.200         83.19                         
      0.380         10.381          109.970                22.418           25.199           26.200         84.04                         
      0.390         10.372          109.969                22.437           25.262           26.200         84.88                         
      0.400         10.363          109.967                22.450           25.321           26.200         85.73                         
      0.410         10.353          109.966                22.458           25.374           26.200         86.58                         
      0.420         10.344          109.964                22.461           25.423           26.200         87.43                         
      0.430         10.334          109.962                22.460           25.467           26.200         88.28                         
      0.440         10.325          109.961                22.453           25.505           26.200         89.13                         
      0.450         10.315          109.959                22.440           25.539           26.200         89.98                         
      0.460         10.306          109.958                22.423           25.567           26.200         90.84                         
      0.470         10.296          109.956                22.401           25.590           26.200         91.69                         
      0.480         10.286          109.955                22.373           25.609           26.200         92.54                         
      0.490         10.277          109.953                22.341           25.622           26.200         93.40                         
      0.500         10.267          109.952                22.303           25.630           26.200         94.25                         
      0.510         10.257          109.950                22.260           25.632           26.200         95.11                         
      0.520         10.247          109.948                22.212           25.630           26.200         95.97                         
      0.530         10.238          109.947                22.158           25.622           26.200         96.82                         
      0.540         10.228          109.945                22.100           25.609           26.200         97.68                         
      0.550         10.218          109.944                22.036           25.591           26.200         98.54                         
      0.560         10.208          109.942                21.967           25.568           26.200         99.40                         
      0.570         10.199          109.941                21.893           25.539           26.200        100.26                         
      0.580         10.189          109.939                21.814           25.505           26.200        101.13                         
      0.590         10.179          109.938                21.729           25.466           26.200        101.99                         
      0.600         10.169          109.936                21.639           25.421           26.200        102.86                         
      0.610         10.159          109.935                21.544           25.371           26.200        103.73                         
      0.620         10.149          109.933                21.444           25.316           26.200        104.59                         
      0.630         10.139          109.932                21.338           25.255           26.200        105.47                         
      0.640         10.130          109.930                21.227           25.189           26.200        106.34                         
      0.650         10.120          109.929                21.110           25.117           26.200        107.21                         
      0.660         10.110          109.927                20.989           25.040           26.200        108.09                         
      0.670         10.100          109.926                20.861           24.957           26.200        108.97                         
      0.680         10.090          109.924                20.728           24.869           26.200        109.86                         
      0.690         10.080          109.923                20.590           24.775           26.200        110.74                         
      0.700         10.070          109.921                20.446           24.676           26.200        111.63                         
      0.710         10.060          109.920                20.296           24.570           26.200        112.52                         
      0.720         10.050          109.918                20.141           24.459           26.200        113.42                         
      0.730         10.041          109.917                19.980           24.342           26.200        114.32                         
      0.740         10.031          109.915                19.812           24.218           26.200        115.22                         
      0.750         10.021          109.914                19.639           24.089           26.200        116.13                         
      0.760         10.011          109.913                19.460           23.954           26.200        117.04                         
      0.770         10.001          109.911                19.275           23.812           26.200        117.96                         
      0.780          9.991          109.910                19.083           23.664           26.200        118.89                         
      0.790          9.981          109.908                18.885           23.509           26.200        119.82                         
      0.800          9.971          109.907                18.681           23.348           26.200        120.75                         
      0.810          9.961          109.906                18.470           23.180           26.200        121.70                         
      0.820          9.951          109.904                18.252           23.005           26.200        122.65                         
      0.830          9.941          109.903                18.027           22.823           26.200        123.60                         
      0.840          9.932          109.901                17.795           22.634           26.200        124.57                         
      0.850          9.922          109.900                17.556           22.437           26.200        125.54                         
      0.860          9.912          109.899                17.309           22.233           26.200        126.52                         
      0.870          9.902          109.897                17.055           22.021           26.200        127.51                         
      0.880          9.892          109.896                16.793           21.801           26.200        128.51                         
      0.890          9.882          109.895                16.523           21.573           26.200        129.52                         
      0.900          9.872          109.893                16.244           21.336           26.200        130.54                         
      0.910          9.862          109.892                15.958           21.091           26.200        131.57                         
      0.920          9.852          109.891                15.662           20.837           26.200        132.61                         
      0.930          9.842          109.889                15.358           20.573           26.200        133.67                         
      0.940          9.832          109.888                15.044           20.301           26.200        134.74                         
      0.950          9.823          109.887                14.721           20.018           26.200        135.82                         
      0.960          9.813          109.886                14.388           19.725           26.200        136.91                         
      0.970          9.803          109.884                14.044           19.422           26.200        138.02                         
      0.980          9.793          109.883                13.691           19.108           26.200        139.15                         
      0.990          9.783          109.882                13.327           18.784           26.200        140.29                         
      1.000          9.774          109.881                12.951           18.447           26.200        141.45                         
      1.010          9.764          109.880                12.564           18.099           26.200        142.63                         
      1.020          9.755          109.878                12.166           17.739           26.200        143.82                         
      1.030          9.745          109.877                11.755           17.366           26.200        145.03                         
      1.040          9.736          109.876                11.332           16.980           26.200        146.27                         
      1.050          9.726          109.875                10.896           16.581           26.200        147.52                         
      1.060          9.717          109.874                10.447           16.167           26.200        148.80                         
      1.070          9.708          109.873                 9.984           15.739           26.200        150.10                         
      1.080          9.699          109.872                 9.507           15.297           26.200        151.42                         
      1.090          9.690          109.871                 9.015           14.839           26.200        152.77                         
      1.100          9.681          109.870                 8.509           14.365           26.200        154.14                         
      1.110          9.672          109.869                 7.987           13.875           26.200        155.54                         
      1.120          9.664          109.868                 7.449           13.368           26.200        156.97                         
      1.130          9.656          109.868                 6.896           12.844           26.200        158.43                         
      1.140          9.648          109.867                 6.325           12.302           26.200        159.92                         
      1.150          9.640          109.866                 5.738           11.741           26.200        161.43                         
      1.160          9.633          109.866                 5.134           11.162           26.200        162.99                         
      1.170          9.626          109.865                 4.512           10.564           26.200        164.57                         
      1.180          9.619          109.865                 3.871            9.945           26.200        166.19                         
      1.190          9.613          109.864                 3.213            9.307           26.200        167.85                         
      1.200          9.607          109.864                 2.536            8.647           26.200        169.55                         
      1.210          9.601          109.864                 1.840            7.967           26.200        171.28                         
      1.220          9.596          109.863                 1.126            7.265           26.200        173.06                         
      1.230          9.592          109.863                 0.392            6.541           26.200        174.88                         
      1.240          9.588          109.863                -0.361            5.796           26.200        176.75                         
      1.250          9.585          109.864                -1.132            5.028           26.200        178.66                         
      1.260          9.582          109.864                -1.923            4.238           26.200        180.61                         
      1.270          9.581          109.864                -2.732            3.426           26.200        182.62                         
      1.280          9.580          109.865                -3.559            2.591           26.200        184.68                         
      1.290          9.580          109.866                -4.403            1.735           26.200        186.79                         
      1.300          9.581          109.867                -5.265            0.858           26.200        188.96                         
      1.310          9.583          109.868                -6.142           -0.041           26.200        191.19                         
      1.320          9.586          109.869                -7.034           -0.959           26.200        193.47                         
      1.330          9.591          109.870                -7.940           -1.897           26.200        195.82                         
      1.340          9.597          109.872                -8.857           -2.852           26.200        198.23                         
      1.350          9.604          109.874                -9.784           -3.824           26.200        200.70                         
      1.360          9.613          109.876               -10.719           -4.810           26.200        203.24                         
      1.370          9.623          109.879               -11.659           -5.808           26.200        205.85                         
      1.380          9.635          109.881               -12.601           -6.816           26.200        208.54                         
      1.390          9.649          109.884               -13.542           -7.831           26.200        211.30                         
      1.400          9.665          109.887               -14.478           -8.849           26.200        214.13                         
      1.410          9.682          109.891               -15.404           -9.866           26.200        217.05                         
      1.420          9.702          109.895               -16.317          -10.879           26.200        220.04                         
      1.430          9.723          109.899               -17.211          -11.883           26.200        223.12                         
      1.440          9.747          109.903               -18.080          -12.871           26.200        226.28                         
      1.450          9.774          109.908               -18.917          -13.838           26.200        229.53                         
      1.460          9.802          109.913               -19.717          -14.777           26.200        232.87                         
      1.470          9.833          109.919               -20.471          -15.681           26.200        236.31                         
      1.480          9.866          109.924               -21.171          -16.542           26.200        239.83                         
      1.490          9.901          109.931               -21.810          -17.351           26.200        243.45                         
      1.500          9.939          109.937               -22.378          -18.101           26.200        247.17                         
      1.510          9.979          109.944               -22.866          -18.780           26.200        250.99                         
      1.520         10.021          109.951               -23.265          -19.379           26.200        254.91                         
      1.530         10.065          109.958               -23.564          -19.888           26.200        258.92                         
      1.540         10.111          109.966               -23.754          -20.296           26.200        263.05                         
      1.550         10.159          109.974               -23.825          -20.592           26.200        267.27                         
      1.560         10.208          109.982               -23.767          -20.766           26.200        271.60                         
      1.570         10.259          109.990               -23.572          -20.807           26.200        276.03                         
      1.580         10.310          109.998               -23.230          -20.706           26.200        280.56                         
      1.590         10.362          110.006               -22.735          -20.452           26.200        285.20                         
      1.600         10.414          110.014               -22.080          -20.039           26.200        289.93                         
      1.610         10.465          110.022               -21.260          -19.458           26.200        294.77                         
      1.620         10.516          110.029               -20.272          -18.705           26.200        299.71                         
      1.630         10.566          110.037               -19.114          -17.775           26.200        304.75                         
      1.640         10.614          110.044               -17.789          -16.668           26.200        309.88                         
      1.650         10.659          110.050               -16.299          -15.384           26.200        315.10                         
      1.660         10.702          110.056               -14.651          -13.926           26.200        320.41                         
      1.670         10.742          110.061               -12.854          -12.302           26.200        325.81                         
      1.680         10.777          110.066               -10.919          -10.520           26.200        331.29                         
      1.690         10.809          110.069                -8.862           -8.592           26.200        336.84                         
      1.700         10.835          110.072                -6.700           -6.534           26.200        342.47                         
      1.710         10.856          110.074                -4.453           -4.364           26.200        348.16                         
      1.720         10.872          110.074                -2.144           -2.102           26.200        353.92                         
      1.730         10.881          110.074                 0.203            0.228           26.200        359.73                         
      1.740         10.884          110.073                 2.561            2.602           26.200        365.60                         
      1.750         10.881          110.070                 4.904            4.992           26.200        371.51                         
      1.760         10.871          110.066                 7.202            7.370           26.200        377.46                         
      1.770         10.854          110.061                 9.428            9.709           26.200        383.44                         
      1.780         10.831          110.056                11.554           11.979           26.200        389.46                         
      1.790         10.802          110.049                13.554           14.153           26.200        395.50                         
      1.800         10.766          110.041                15.400           16.202           26.200        401.56                         
      1.810         10.724          110.033                17.071           18.102           26.200        407.63                         
      1.820         10.678          110.023                18.546           19.828           26.200        413.72                         
      1.830         10.626          110.013                19.804           21.360           26.200        419.82                         
      1.840         10.569          110.003                20.832           22.679           26.200        425.91                         
      1.850         10.509          109.992                21.617           23.768           26.200        432.01                         
      1.860         10.445          109.981                22.149           24.616           26.200        438.11                         
      1.870         10.379          109.970                22.422           25.212           26.200        444.21                         
      1.880         10.312          109.959                22.435           25.550           26.200        450.30                         
      1.890         10.243          109.948                22.186           25.627           26.200        456.39                         
      1.900         10.173          109.937                21.679           25.441           26.200        462.48                         
      1.910         10.105          109.926                20.921           24.996           26.200        468.56                         
      1.920         10.037          109.916                19.919           24.297           26.200        474.65                         
      1.930          9.971          109.907                18.685           23.351           26.200        480.73                         
      1.940          9.909          109.898                17.231           22.168           26.200        486.82                         
      1.950          9.849          109.890                15.574           20.761           26.200        492.92                         
      1.960          9.794          109.883                13.729           19.142           26.200        499.03                         
      1.970          9.744          109.877                11.715           17.329           26.200        505.15                         
      1.980          9.700          109.872                 9.553           15.339           26.200        511.29                         
      1.990          9.661          109.868                 7.263           13.192           26.200        517.46                         
      2.000          9.630          109.865                 4.870           10.909           26.200        523.66                         

