  ¬рем€            U                U                Pij              –г               –т г             ”гол рот         ќтн угол U       
                   601              1002             1001             601              601              601              601              
                                                     1002                                                                                 
                                                     1                                                                                    

                    10.500          110.000                11.171           24.400           24.400         60.48                         
      0.010         10.500          110.000                11.171           24.400           24.400         60.48                         
      0.020         10.500          110.000                11.171           24.400           24.400         60.48                         
      0.030         10.500          110.000                11.171           24.400           24.400         60.48                         
      0.040         10.500          110.000                11.171           24.400           24.400         60.48                         
      0.050         10.500          110.000                11.171           24.400           24.400         60.48                         
      0.060         10.500          110.000                11.171           24.400           24.400         60.48                         
      0.070         10.500          110.000                11.171           24.400           24.400         60.48                         
      0.080         10.500          110.000                11.171           24.400           24.400         60.48                         
      0.090         10.500          110.000                11.171           24.400           24.400         60.48                         
      0.100         10.500          110.000                11.171           24.400           24.400         60.48                         
      0.100          9.912          109.327                -0.001            3.080           24.400         60.48                         
      0.110          9.912          109.327                -0.001            3.080           24.400         60.50                         
      0.120          9.912          109.327                -0.001            3.080           24.400         60.58                         
      0.130          9.912          109.327                -0.001            3.080           24.400         60.70                         
      0.140          9.912          109.327                -0.001            3.080           24.400         60.88                         
      0.150          9.912          109.327                -0.001            3.080           24.400         61.10                         
      0.160          9.912          109.327                -0.001            3.080           24.400         61.37                         
      0.170          9.912          109.327                -0.001            3.080           24.400         61.70                         
      0.180          9.912          109.327                -0.001            3.080           24.400         62.06                         
      0.190          9.912          109.327                -0.001            3.080           24.400         62.48                         
      0.200          9.912          109.327                -0.001            3.080           24.400         62.95                         
      0.210          9.912          109.327                -0.001            3.080           24.400         63.46                         
      0.220          9.912          109.327                -0.001            3.080           24.400         64.02                         
      0.230          9.912          109.327                -0.001            3.080           24.400         64.63                         
      0.240          9.912          109.327                -0.001            3.080           24.400         65.28                         
      0.250          9.912          109.327                -0.001            3.080           24.400         65.98                         
      0.260          9.912          109.327                -0.001            3.080           24.400         66.73                         
      0.260         10.489          109.989                20.792           22.663           24.400         66.73                         
      0.270         10.482          109.987                20.900           22.808           24.400         67.50                         
      0.280         10.474          109.986                21.004           22.951           24.400         68.27                         
      0.290         10.467          109.985                21.104           23.089           24.400         69.05                         
      0.300         10.459          109.983                21.200           23.224           24.400         69.82                         
      0.310         10.451          109.982                21.293           23.355           24.400         70.59                         
      0.320         10.443          109.980                21.381           23.482           24.400         71.36                         
      0.330         10.436          109.979                21.465           23.605           24.400         72.13                         
      0.340         10.428          109.978                21.545           23.724           24.400         72.91                         
      0.350         10.420          109.976                21.621           23.840           24.400         73.68                         
      0.360         10.412          109.975                21.694           23.951           24.400         74.45                         
      0.370         10.404          109.974                21.761           24.059           24.400         75.22                         
      0.380         10.396          109.972                21.825           24.162           24.400         75.99                         
      0.390         10.388          109.971                21.885           24.262           24.400         76.76                         
      0.400         10.380          109.969                21.941           24.357           24.400         77.52                         
      0.410         10.371          109.968                21.992           24.449           24.400         78.29                         
      0.420         10.363          109.967                22.039           24.536           24.400         79.06                         
      0.430         10.355          109.965                22.083           24.619           24.400         79.82                         
      0.440         10.347          109.964                22.122           24.698           24.400         80.58                         
      0.450         10.339          109.962                22.157           24.773           24.400         81.35                         
      0.460         10.330          109.961                22.188           24.844           24.400         82.11                         
      0.470         10.322          109.960                22.214           24.911           24.400         82.86                         
      0.480         10.314          109.958                22.237           24.974           24.400         83.62                         
      0.490         10.306          109.957                22.256           25.032           24.400         84.38                         
      0.500         10.297          109.955                22.271           25.087           24.400         85.13                         
      0.510         10.289          109.954                22.281           25.137           24.400         85.88                         
      0.520         10.281          109.953                22.288           25.184           24.400         86.63                         
      0.530         10.272          109.951                22.291           25.226           24.400         87.37                         
      0.540         10.264          109.950                22.290           25.265           24.400         88.12                         
      0.550         10.256          109.949                22.285           25.299           24.400         88.86                         
      0.560         10.247          109.947                22.276           25.330           24.400         89.60                         
      0.570         10.239          109.946                22.264           25.357           24.400         90.34                         
      0.580         10.231          109.945                22.247           25.380           24.400         91.07                         
      0.590         10.223          109.943                22.227           25.399           24.400         91.80                         
      0.600         10.214          109.942                22.204           25.414           24.400         92.53                         
      0.610         10.206          109.941                22.177           25.425           24.400         93.26                         
      0.620         10.198          109.939                22.146           25.433           24.400         93.99                         
      0.630         10.190          109.938                22.111           25.437           24.400         94.71                         
      0.640         10.182          109.937                22.074           25.437           24.400         95.43                         
      0.650         10.173          109.935                22.032           25.434           24.400         96.15                         
      0.660         10.165          109.934                21.988           25.427           24.400         96.86                         
      0.670         10.157          109.933                21.940           25.416           24.400         97.57                         
      0.680         10.149          109.932                21.888           25.403           24.400         98.28                         
      0.690         10.141          109.930                21.834           25.385           24.400         98.99                         
      0.700         10.133          109.929                21.776           25.364           24.400         99.70                         
      0.710         10.125          109.928                21.714           25.340           24.400        100.40                         
      0.720         10.117          109.927                21.650           25.312           24.400        101.10                         
      0.730         10.109          109.925                21.583           25.281           24.400        101.80                         
      0.740         10.101          109.924                21.512           25.247           24.400        102.50                         
      0.750         10.093          109.923                21.438           25.209           24.400        103.20                         
      0.760         10.085          109.922                21.362           25.168           24.400        103.89                         
      0.770         10.077          109.921                21.282           25.124           24.400        104.58                         
      0.780         10.070          109.919                21.199           25.077           24.400        105.28                         
      0.790         10.062          109.918                21.113           25.026           24.400        105.96                         
      0.800         10.054          109.917                21.024           24.973           24.400        106.65                         
      0.810         10.046          109.916                20.933           24.916           24.400        107.34                         
      0.820         10.039          109.915                20.838           24.856           24.400        108.03                         
      0.830         10.031          109.914                20.740           24.793           24.400        108.71                         
      0.840         10.023          109.912                20.640           24.727           24.400        109.40                         
      0.850         10.016          109.911                20.536           24.657           24.400        110.08                         
      0.860         10.008          109.910                20.429           24.585           24.400        110.76                         
      0.870         10.000          109.909                20.320           24.509           24.400        111.45                         
      0.880          9.993          109.908                20.207           24.430           24.400        112.13                         
      0.890          9.985          109.907                20.092           24.348           24.400        112.81                         
      0.900          9.978          109.906                19.974           24.263           24.400        113.49                         
      0.910          9.970          109.905                19.852           24.175           24.400        114.18                         
      0.920          9.963          109.904                19.728           24.084           24.400        114.86                         
      0.930          9.955          109.903                19.600           23.989           24.400        115.55                         
      0.940          9.948          109.901                19.469           23.891           24.400        116.23                         
      0.950          9.940          109.900                19.335           23.790           24.400        116.92                         
      0.960          9.933          109.899                19.198           23.685           24.400        117.61                         
      0.970          9.925          109.898                19.058           23.577           24.400        118.30                         
      0.980          9.918          109.897                18.914           23.466           24.400        119.00                         
      0.990          9.910          109.896                18.767           23.351           24.400        119.69                         
      1.000          9.903          109.895                18.617           23.233           24.400        120.39                         
      1.010          9.896          109.894                18.463           23.111           24.400        121.09                         
      1.020          9.888          109.893                18.306           22.986           24.400        121.79                         
      1.030          9.881          109.892                18.145           22.856           24.400        122.50                         
      1.040          9.873          109.891                17.980           22.723           24.400        123.21                         
      1.050          9.866          109.890                17.811           22.586           24.400        123.93                         
      1.060          9.859          109.889                17.639           22.445           24.400        124.65                         
      1.070          9.851          109.888                17.462           22.300           24.400        125.37                         
      1.080          9.844          109.887                17.281           22.151           24.400        126.10                         
      1.090          9.837          109.886                17.097           21.998           24.400        126.83                         
      1.100          9.829          109.885                16.907           21.840           24.400        127.57                         
      1.110          9.822          109.884                16.714           21.677           24.400        128.32                         
      1.120          9.814          109.883                16.515           21.510           24.400        129.07                         
      1.130          9.807          109.882                16.312           21.338           24.400        129.83                         
      1.140          9.799          109.881                16.104           21.161           24.400        130.59                         
      1.150          9.792          109.880                15.891           20.979           24.400        131.36                         
      1.160          9.785          109.879                15.672           20.791           24.400        132.15                         
      1.170          9.777          109.878                15.449           20.598           24.400        132.93                         
      1.180          9.770          109.877                15.219           20.400           24.400        133.73                         
      1.190          9.762          109.876                14.984           20.195           24.400        134.54                         
      1.200          9.755          109.875                14.743           19.985           24.400        135.36                         
      1.210          9.747          109.874                14.496           19.768           24.400        136.18                         
      1.220          9.740          109.873                14.242           19.545           24.400        137.02                         
      1.230          9.732          109.872                13.982           19.315           24.400        137.87                         
      1.240          9.725          109.871                13.715           19.079           24.400        138.73                         
      1.250          9.717          109.870                13.440           18.835           24.400        139.60                         
      1.260          9.710          109.870                13.159           18.583           24.400        140.49                         
      1.270          9.702          109.869                12.870           18.324           24.400        141.38                         
      1.280          9.695          109.868                12.573           18.057           24.400        142.30                         
      1.290          9.687          109.867                12.268           17.782           24.400        143.22                         
      1.300          9.680          109.866                11.954           17.498           24.400        144.16                         
      1.310          9.672          109.865                11.632           17.205           24.400        145.12                         
      1.320          9.665          109.864                11.300           16.902           24.400        146.09                         
      1.330          9.657          109.863                10.960           16.591           24.400        147.08                         
      1.340          9.650          109.862                10.609           16.269           24.400        148.09                         
      1.350          9.643          109.862                10.249           15.937           24.400        149.12                         
      1.360          9.635          109.861                 9.878           15.594           24.400        150.16                         
      1.370          9.628          109.860                 9.497           15.241           24.400        151.23                         
      1.380          9.621          109.859                 9.105           14.876           24.400        152.32                         
      1.390          9.613          109.859                 8.701           14.498           24.400        153.43                         
      1.400          9.606          109.858                 8.285           14.109           24.400        154.56                         
      1.410          9.599          109.857                 7.857           13.707           24.400        155.71                         
      1.420          9.592          109.856                 7.417           13.292           24.400        156.89                         
      1.430          9.586          109.856                 6.964           12.863           24.400        158.09                         
      1.440          9.579          109.855                 6.497           12.420           24.400        159.32                         
      1.450          9.572          109.855                 6.017           11.962           24.400        160.58                         
      1.460          9.566          109.854                 5.523           11.490           24.400        161.86                         
      1.470          9.560          109.853                 5.014           11.002           24.400        163.17                         
      1.480          9.554          109.853                 4.490           10.498           24.400        164.52                         
      1.490          9.548          109.853                 3.951            9.978           24.400        165.89                         
      1.500          9.542          109.852                 3.397            9.441           24.400        167.30                         
      1.510          9.537          109.852                 2.827            8.886           24.400        168.74                         
      1.520          9.532          109.852                 2.240            8.314           24.400        170.22                         
      1.530          9.528          109.851                 1.637            7.724           24.400        171.73                         
      1.540          9.523          109.851                 1.018            7.115           24.400        173.28                         
      1.550          9.520          109.851                 0.382            6.487           24.400        174.87                         
      1.560          9.516          109.851                -0.272            5.840           24.400        176.50                         
      1.570          9.513          109.852                -0.942            5.173           24.400        178.18                         
      1.580          9.511          109.852                -1.630            4.487           24.400        179.89                         
      1.590          9.509          109.852                -2.335            3.781           24.400        181.65                         
      1.600          9.508          109.853                -3.057            3.055           24.400        183.46                         
      1.610          9.508          109.853                -3.795            2.308           24.400        185.31                         
      1.620          9.508          109.854                -4.550            1.542           24.400        187.22                         
      1.630          9.509          109.855                -5.321            0.756           24.400        189.17                         
      1.640          9.511          109.856                -6.108           -0.050           24.400        191.18                         
      1.650          9.514          109.857                -6.909           -0.874           24.400        193.25                         
      1.660          9.518          109.858                -7.723           -1.717           24.400        195.37                         
      1.670          9.523          109.860                -8.551           -2.577           24.400        197.55                         
      1.680          9.529          109.861                -9.389           -3.454           24.400        199.79                         
      1.690          9.537          109.863               -10.237           -4.346           24.400        202.09                         
      1.700          9.545          109.865               -11.092           -5.251           24.400        204.46                         
      1.710          9.555          109.867               -11.954           -6.169           24.400        206.90                         
      1.720          9.567          109.870               -12.818           -7.096           24.400        209.40                         
      1.730          9.580          109.873               -13.682           -8.031           24.400        211.98                         
      1.740          9.595          109.876               -14.544           -8.970           24.400        214.62                         
      1.750          9.612          109.879               -15.399           -9.910           24.400        217.35                         
      1.760          9.630          109.883               -16.244          -10.848           24.400        220.15                         
      1.770          9.651          109.886               -17.074          -11.780           24.400        223.03                         
      1.780          9.673          109.891               -17.884          -12.701           24.400        225.99                         
      1.790          9.697          109.895               -18.668          -13.605           24.400        229.03                         
      1.800          9.724          109.900               -19.422          -14.488           24.400        232.16                         
      1.810          9.752          109.905               -20.139          -15.343           24.400        235.37                         
      1.820          9.783          109.910               -20.812          -16.163           24.400        238.67                         
      1.830          9.815          109.916               -21.433          -16.942           24.400        242.07                         
      1.840          9.850          109.922               -21.996          -17.671           24.400        245.55                         
      1.850          9.887          109.928               -22.492          -18.342           24.400        249.13                         
      1.860          9.926          109.934               -22.912          -18.947           24.400        252.81                         
      1.870          9.967          109.941               -23.248          -19.477           24.400        256.58                         
      1.880         10.010          109.948               -23.491          -19.922           24.400        260.45                         
      1.890         10.055          109.956               -23.633          -20.273           24.400        264.42                         
      1.900         10.101          109.963               -23.664          -20.520           24.400        268.48                         
      1.910         10.148          109.971               -23.576          -20.653           24.400        272.65                         
      1.920         10.197          109.978               -23.361          -20.664           24.400        276.91                         
      1.930         10.246          109.986               -23.010          -20.542           24.400        281.27                         
      1.940         10.295          109.994               -22.518          -20.281           24.400        285.73                         
      1.950         10.345          110.001               -21.879          -19.872           24.400        290.29                         
      1.960         10.395          110.009               -21.088          -19.309           24.400        294.95                         
      1.970         10.444          110.016               -20.142          -18.588           24.400        299.70                         
      1.980         10.492          110.023               -19.040          -17.703           24.400        304.54                         
      1.990         10.538          110.030               -17.783          -16.655           24.400        309.47                         
      2.000         10.582          110.036               -16.373          -15.444           24.400        314.50                         

