  ¬рем€            U                U                Pij              –г               –т г             ”гол рот         ќтн угол U       
                   601              1002             1001             601              601              601              601              
                                                     1002                                                                                 
                                                     1                                                                                    

                    10.500          110.000                11.132           24.300           24.300         60.13                         
      0.010         10.500          110.000                11.132           24.300           24.300         60.13                         
      0.020         10.500          110.000                11.132           24.300           24.300         60.13                         
      0.030         10.500          110.000                11.132           24.300           24.300         60.13                         
      0.040         10.500          110.000                11.132           24.300           24.300         60.13                         
      0.050         10.500          110.000                11.132           24.300           24.300         60.13                         
      0.060         10.500          110.000                11.132           24.300           24.300         60.13                         
      0.070         10.500          110.000                11.132           24.300           24.300         60.13                         
      0.080         10.500          110.000                11.132           24.300           24.300         60.13                         
      0.090         10.500          110.000                11.132           24.300           24.300         60.13                         
      0.100         10.500          110.000                11.132           24.300           24.300         60.13                         
      0.100          9.909          109.326                -0.001            3.078           24.300         60.13                         
      0.110          9.909          109.326                -0.001            3.078           24.300         60.16                         
      0.120          9.909          109.326                -0.001            3.078           24.300         60.23                         
      0.130          9.909          109.326                -0.001            3.078           24.300         60.36                         
      0.140          9.909          109.326                -0.001            3.078           24.300         60.53                         
      0.150          9.909          109.326                -0.001            3.078           24.300         60.75                         
      0.160          9.909          109.326                -0.001            3.078           24.300         61.03                         
      0.170          9.909          109.326                -0.001            3.078           24.300         61.35                         
      0.180          9.909          109.326                -0.001            3.078           24.300         61.71                         
      0.190          9.909          109.326                -0.001            3.078           24.300         62.13                         
      0.200          9.909          109.326                -0.001            3.078           24.300         62.59                         
      0.210          9.909          109.326                -0.001            3.078           24.300         63.10                         
      0.220          9.909          109.326                -0.001            3.078           24.300         63.66                         
      0.230          9.909          109.326                -0.001            3.078           24.300         64.26                         
      0.240          9.909          109.326                -0.001            3.078           24.300         64.92                         
      0.250          9.909          109.326                -0.001            3.078           24.300         65.61                         
      0.260          9.909          109.326                -0.001            3.078           24.300         66.36                         
      0.260         10.489          109.989                20.730           22.582           24.300         66.36                         
      0.270         10.482          109.987                20.839           22.729           24.300         67.13                         
      0.280         10.474          109.986                20.945           22.872           24.300         67.90                         
      0.290         10.467          109.985                21.046           23.012           24.300         68.66                         
      0.300         10.459          109.983                21.144           23.147           24.300         69.43                         
      0.310         10.452          109.982                21.238           23.280           24.300         70.20                         
      0.320         10.444          109.980                21.328           23.408           24.300         70.97                         
      0.330         10.436          109.979                21.414           23.533           24.300         71.74                         
      0.340         10.428          109.978                21.495           23.653           24.300         72.50                         
      0.350         10.420          109.976                21.573           23.770           24.300         73.27                         
      0.360         10.413          109.975                21.647           23.883           24.300         74.04                         
      0.370         10.405          109.974                21.717           23.992           24.300         74.80                         
      0.380         10.397          109.972                21.782           24.097           24.300         75.57                         
      0.390         10.389          109.971                21.844           24.198           24.300         76.33                         
      0.400         10.381          109.969                21.902           24.295           24.300         77.10                         
      0.410         10.373          109.968                21.955           24.388           24.300         77.86                         
      0.420         10.364          109.967                22.004           24.477           24.300         78.62                         
      0.430         10.356          109.965                22.050           24.562           24.300         79.38                         
      0.440         10.348          109.964                22.091           24.643           24.300         80.14                         
      0.450         10.340          109.963                22.128           24.720           24.300         80.90                         
      0.460         10.332          109.961                22.161           24.792           24.300         81.65                         
      0.470         10.324          109.960                22.190           24.861           24.300         82.41                         
      0.480         10.315          109.958                22.215           24.926           24.300         83.16                         
      0.490         10.307          109.957                22.236           24.986           24.300         83.91                         
      0.500         10.299          109.956                22.253           25.043           24.300         84.65                         
      0.510         10.291          109.954                22.266           25.096           24.300         85.40                         
      0.520         10.282          109.953                22.275           25.144           24.300         86.14                         
      0.530         10.274          109.952                22.281           25.189           24.300         86.88                         
      0.540         10.266          109.950                22.282           25.230           24.300         87.62                         
      0.550         10.258          109.949                22.280           25.266           24.300         88.36                         
      0.560         10.250          109.948                22.274           25.299           24.300         89.09                         
      0.570         10.241          109.946                22.264           25.328           24.300         89.82                         
      0.580         10.233          109.945                22.250           25.354           24.300         90.55                         
      0.590         10.225          109.944                22.233           25.375           24.300         91.28                         
      0.600         10.217          109.942                22.213           25.393           24.300         92.00                         
      0.610         10.209          109.941                22.188           25.407           24.300         92.72                         
      0.620         10.201          109.940                22.161           25.417           24.300         93.44                         
      0.630         10.193          109.938                22.129           25.424           24.300         94.15                         
      0.640         10.184          109.937                22.095           25.427           24.300         94.86                         
      0.650         10.176          109.936                22.057           25.427           24.300         95.57                         
      0.660         10.168          109.935                22.015           25.423           24.300         96.28                         
      0.670         10.160          109.933                21.971           25.415           24.300         96.99                         
      0.680         10.152          109.932                21.923           25.404           24.300         97.69                         
      0.690         10.144          109.931                21.872           25.390           24.300         98.39                         
      0.700         10.136          109.930                21.817           25.372           24.300         99.09                         
      0.710         10.129          109.928                21.760           25.351           24.300         99.78                         
      0.720         10.121          109.927                21.700           25.327           24.300        100.47                         
      0.730         10.113          109.926                21.636           25.300           24.300        101.16                         
      0.740         10.105          109.925                21.569           25.269           24.300        101.85                         
      0.750         10.097          109.924                21.500           25.235           24.300        102.54                         
      0.760         10.089          109.922                21.427           25.198           24.300        103.22                         
      0.770         10.082          109.921                21.352           25.158           24.300        103.90                         
      0.780         10.074          109.920                21.274           25.114           24.300        104.58                         
      0.790         10.066          109.919                21.192           25.068           24.300        105.26                         
      0.800         10.059          109.918                21.108           25.018           24.300        105.94                         
      0.810         10.051          109.917                21.021           24.966           24.300        106.61                         
      0.820         10.043          109.915                20.932           24.910           24.300        107.29                         
      0.830         10.036          109.914                20.839           24.852           24.300        107.96                         
      0.840         10.028          109.913                20.744           24.790           24.300        108.63                         
      0.850         10.021          109.912                20.645           24.726           24.300        109.30                         
      0.860         10.013          109.911                20.544           24.659           24.300        109.97                         
      0.870         10.006          109.910                20.441           24.588           24.300        110.64                         
      0.880          9.998          109.909                20.334           24.515           24.300        111.31                         
      0.890          9.991          109.908                20.225           24.438           24.300        111.98                         
      0.900          9.984          109.907                20.113           24.359           24.300        112.64                         
      0.910          9.976          109.905                19.998           24.277           24.300        113.31                         
      0.920          9.969          109.904                19.880           24.191           24.300        113.98                         
      0.930          9.961          109.903                19.759           24.103           24.300        114.65                         
      0.940          9.954          109.902                19.635           24.011           24.300        115.32                         
      0.950          9.947          109.901                19.509           23.917           24.300        115.99                         
      0.960          9.940          109.900                19.379           23.819           24.300        116.66                         
      0.970          9.932          109.899                19.247           23.719           24.300        117.33                         
      0.980          9.925          109.898                19.111           23.615           24.300        118.01                         
      0.990          9.918          109.897                18.972           23.508           24.300        118.68                         
      1.000          9.910          109.896                18.830           23.397           24.300        119.36                         
      1.010          9.903          109.895                18.685           23.284           24.300        120.04                         
      1.020          9.896          109.894                18.537           23.166           24.300        120.72                         
      1.030          9.889          109.893                18.385           23.046           24.300        121.41                         
      1.040          9.882          109.892                18.230           22.922           24.300        122.09                         
      1.050          9.874          109.891                18.072           22.794           24.300        122.78                         
      1.060          9.867          109.890                17.910           22.663           24.300        123.48                         
      1.070          9.860          109.889                17.744           22.528           24.300        124.18                         
      1.080          9.853          109.888                17.574           22.389           24.300        124.88                         
      1.090          9.846          109.887                17.401           22.247           24.300        125.59                         
      1.100          9.838          109.886                17.223           22.100           24.300        126.30                         
      1.110          9.831          109.885                17.042           21.949           24.300        127.02                         
      1.120          9.824          109.884                16.856           21.794           24.300        127.74                         
      1.130          9.817          109.883                16.666           21.634           24.300        128.47                         
      1.140          9.809          109.882                16.472           21.470           24.300        129.21                         
      1.150          9.802          109.881                16.273           21.302           24.300        129.95                         
      1.160          9.795          109.880                16.069           21.128           24.300        130.69                         
      1.170          9.788          109.879                15.860           20.950           24.300        131.45                         
      1.180          9.780          109.878                15.647           20.766           24.300        132.21                         
      1.190          9.773          109.877                15.428           20.577           24.300        132.99                         
      1.200          9.766          109.876                15.203           20.383           24.300        133.77                         
      1.210          9.759          109.875                14.973           20.183           24.300        134.55                         
      1.220          9.751          109.875                14.738           19.977           24.300        135.35                         
      1.230          9.744          109.874                14.496           19.766           24.300        136.16                         
      1.240          9.737          109.873                14.248           19.548           24.300        136.98                         
      1.250          9.729          109.872                13.994           19.323           24.300        137.81                         
      1.260          9.722          109.871                13.733           19.092           24.300        138.65                         
      1.270          9.715          109.870                13.465           18.854           24.300        139.50                         
      1.280          9.707          109.869                13.191           18.609           24.300        140.37                         
      1.290          9.700          109.868                12.908           18.356           24.300        141.25                         
      1.300          9.693          109.867                12.619           18.096           24.300        142.14                         
      1.310          9.685          109.866                12.321           17.827           24.300        143.05                         
      1.320          9.678          109.866                12.015           17.550           24.300        143.97                         
      1.330          9.670          109.865                11.701           17.265           24.300        144.90                         
      1.340          9.663          109.864                11.378           16.970           24.300        145.85                         
      1.350          9.656          109.863                11.046           16.667           24.300        146.82                         
      1.360          9.648          109.862                10.704           16.353           24.300        147.81                         
      1.370          9.641          109.861                10.353           16.030           24.300        148.81                         
      1.380          9.634          109.860                 9.992           15.697           24.300        149.83                         
      1.390          9.627          109.860                 9.620           15.352           24.300        150.88                         
      1.400          9.620          109.859                 9.237           14.997           24.300        151.94                         
      1.410          9.613          109.858                 8.844           14.630           24.300        153.02                         
      1.420          9.605          109.857                 8.439           14.251           24.300        154.13                         
      1.430          9.599          109.857                 8.022           13.860           24.300        155.26                         
      1.440          9.592          109.856                 7.593           13.456           24.300        156.41                         
      1.450          9.585          109.855                 7.152           13.038           24.300        157.58                         
      1.460          9.578          109.855                 6.697           12.607           24.300        158.79                         
      1.470          9.572          109.854                 6.229           12.162           24.300        160.01                         
      1.480          9.565          109.854                 5.748           11.703           24.300        161.27                         
      1.490          9.559          109.853                 5.252           11.228           24.300        162.55                         
      1.500          9.553          109.853                 4.742           10.738           24.300        163.87                         
      1.510          9.547          109.852                 4.216           10.232           24.300        165.21                         
      1.520          9.542          109.852                 3.676            9.709           24.300        166.59                         
      1.530          9.536          109.851                 3.120            9.169           24.300        168.00                         
      1.540          9.531          109.851                 2.549            8.613           24.300        169.44                         
      1.550          9.527          109.851                 1.961            8.038           24.300        170.92                         
      1.560          9.522          109.851                 1.356            7.445           24.300        172.43                         
      1.570          9.518          109.851                 0.735            6.834           24.300        173.99                         
      1.580          9.515          109.851                 0.098            6.204           24.300        175.58                         
      1.590          9.511          109.851                -0.557            5.554           24.300        177.21                         
      1.600          9.509          109.851                -1.229            4.885           24.300        178.89                         
      1.610          9.507          109.851                -1.918            4.197           24.300        180.61                         
      1.620          9.505          109.852                -2.624            3.488           24.300        182.37                         
      1.630          9.504          109.852                -3.347            2.760           24.300        184.19                         
      1.640          9.504          109.853                -4.086            2.011           24.300        186.05                         
      1.650          9.505          109.853                -4.841            1.243           24.300        187.96                         
      1.660          9.506          109.854                -5.613            0.455           24.300        189.92                         
      1.670          9.508          109.855                -6.399           -0.352           24.300        191.94                         
      1.680          9.512          109.857                -7.200           -1.177           24.300        194.01                         
      1.690          9.516          109.858                -8.014           -2.021           24.300        196.14                         
      1.700          9.521          109.859                -8.840           -2.882           24.300        198.33                         
      1.710          9.528          109.861                -9.677           -3.759           24.300        200.58                         
      1.720          9.536          109.863               -10.523           -4.650           24.300        202.89                         
      1.730          9.545          109.865               -11.376           -5.555           24.300        205.27                         
      1.740          9.556          109.868               -12.233           -6.471           24.300        207.71                         
      1.750          9.568          109.870               -13.093           -7.396           24.300        210.23                         
      1.760          9.581          109.873               -13.953           -8.328           24.300        212.81                         
      1.770          9.597          109.876               -14.809           -9.263           24.300        215.47                         
      1.780          9.614          109.879               -15.657          -10.199           24.300        218.21                         
      1.790          9.633          109.883               -16.494          -11.131           24.300        221.02                         
      1.800          9.654          109.887               -17.314          -12.055           24.300        223.91                         
      1.810          9.676          109.891               -18.114          -12.968           24.300        226.88                         
      1.820          9.701          109.896               -18.887          -13.863           24.300        229.94                         
      1.830          9.728          109.900               -19.628          -14.734           24.300        233.08                         
      1.840          9.757          109.906               -20.330          -15.577           24.300        236.31                         
      1.850          9.788          109.911               -20.986          -16.383           24.300        239.62                         
      1.860          9.821          109.917               -21.590          -17.146           24.300        243.03                         
      1.870          9.857          109.923               -22.133          -17.857           24.300        246.53                         
      1.880          9.894          109.929               -22.607          -18.509           24.300        250.13                         
      1.890          9.934          109.936               -23.004          -19.092           24.300        253.82                         
      1.900          9.975          109.942               -23.315          -19.599           24.300        257.61                         
      1.910         10.018          109.950               -23.532          -20.018           24.300        261.49                         
      1.920         10.063          109.957               -23.645          -20.342           24.300        265.47                         
      1.930         10.109          109.964               -23.645          -20.559           24.300        269.55                         
      1.940         10.157          109.972               -23.526          -20.662           24.300        273.73                         
      1.950         10.205          109.979               -23.277          -20.639           24.300        278.01                         
      1.960         10.255          109.987               -22.893          -20.484           24.300        282.38                         
      1.970         10.304          109.995               -22.366          -20.187           24.300        286.86                         
      1.980         10.354          110.002               -21.692          -19.742           24.300        291.43                         
      1.990         10.403          110.010               -20.865          -19.142           24.300        296.10                         
      2.000         10.452          110.017               -19.884          -18.384           24.300        300.86                         

