  ¬рем€            U                U                Pij              –г               –т г             ”гол рот         ќтн угол U       
                   601              1002             1001             601              601              601              601              
                                                     1002                                                                                 
                                                     1                                                                                    

                    10.500          110.000                11.093           24.200           24.200         59.79                         
      0.010         10.500          110.000                11.093           24.200           24.200         59.79                         
      0.020         10.500          110.000                11.093           24.200           24.200         59.79                         
      0.030         10.500          110.000                11.093           24.200           24.200         59.79                         
      0.040         10.500          110.000                11.093           24.200           24.200         59.79                         
      0.050         10.500          110.000                11.093           24.200           24.200         59.79                         
      0.060         10.500          110.000                11.093           24.200           24.200         59.79                         
      0.070         10.500          110.000                11.093           24.200           24.200         59.79                         
      0.080         10.500          110.000                11.093           24.200           24.200         59.79                         
      0.090         10.500          110.000                11.093           24.200           24.200         59.79                         
      0.100         10.500          110.000                11.093           24.200           24.200         59.79                         
      0.100          9.905          109.326                -0.001            3.076           24.200         59.79                         
      0.110          9.905          109.326                -0.001            3.076           24.200         59.82                         
      0.120          9.905          109.326                -0.001            3.076           24.200         59.89                         
      0.130          9.905          109.326                -0.001            3.076           24.200         60.02                         
      0.140          9.905          109.326                -0.001            3.076           24.200         60.19                         
      0.150          9.905          109.326                -0.001            3.076           24.200         60.41                         
      0.160          9.905          109.326                -0.001            3.076           24.200         60.68                         
      0.170          9.905          109.326                -0.001            3.076           24.200         61.00                         
      0.180          9.905          109.326                -0.001            3.076           24.200         61.37                         
      0.190          9.905          109.326                -0.001            3.076           24.200         61.78                         
      0.200          9.905          109.326                -0.001            3.076           24.200         62.24                         
      0.210          9.905          109.326                -0.001            3.076           24.200         62.75                         
      0.220          9.905          109.326                -0.001            3.076           24.200         63.30                         
      0.230          9.905          109.326                -0.001            3.076           24.200         63.90                         
      0.240          9.905          109.326                -0.001            3.076           24.200         64.55                         
      0.250          9.905          109.326                -0.001            3.076           24.200         65.25                         
      0.260          9.905          109.326                -0.001            3.076           24.200         65.99                         
      0.260         10.489          109.989                20.668           22.501           24.200         65.99                         
      0.270         10.482          109.987                20.778           22.649           24.200         66.75                         
      0.280         10.475          109.986                20.885           22.793           24.200         67.52                         
      0.290         10.467          109.985                20.988           22.934           24.200         68.28                         
      0.300         10.460          109.983                21.087           23.071           24.200         69.05                         
      0.310         10.452          109.982                21.183           23.204           24.200         69.81                         
      0.320         10.444          109.981                21.274           23.334           24.200         70.58                         
      0.330         10.437          109.979                21.361           23.460           24.200         71.34                         
      0.340         10.429          109.978                21.445           23.582           24.200         72.10                         
      0.350         10.421          109.976                21.524           23.700           24.200         72.87                         
      0.360         10.413          109.975                21.600           23.814           24.200         73.63                         
      0.370         10.405          109.974                21.671           23.924           24.200         74.39                         
      0.380         10.398          109.972                21.739           24.031           24.200         75.15                         
      0.390         10.390          109.971                21.802           24.134           24.200         75.91                         
      0.400         10.382          109.970                21.862           24.232           24.200         76.67                         
      0.410         10.374          109.968                21.917           24.327           24.200         77.43                         
      0.420         10.366          109.967                21.968           24.417           24.200         78.19                         
      0.430         10.357          109.965                22.015           24.504           24.200         78.94                         
      0.440         10.349          109.964                22.059           24.587           24.200         79.70                         
      0.450         10.341          109.963                22.098           24.665           24.200         80.45                         
      0.460         10.333          109.961                22.133           24.740           24.200         81.20                         
      0.470         10.325          109.960                22.164           24.810           24.200         81.95                         
      0.480         10.317          109.959                22.191           24.877           24.200         82.70                         
      0.490         10.309          109.957                22.215           24.939           24.200         83.44                         
      0.500         10.301          109.956                22.234           24.998           24.200         84.18                         
      0.510         10.292          109.955                22.249           25.053           24.200         84.92                         
      0.520         10.284          109.953                22.261           25.103           24.200         85.66                         
      0.530         10.276          109.952                22.269           25.150           24.200         86.40                         
      0.540         10.268          109.951                22.273           25.193           24.200         87.13                         
      0.550         10.260          109.949                22.273           25.232           24.200         87.86                         
      0.560         10.252          109.948                22.270           25.267           24.200         88.59                         
      0.570         10.244          109.947                22.262           25.298           24.200         89.31                         
      0.580         10.236          109.945                22.252           25.326           24.200         90.03                         
      0.590         10.227          109.944                22.237           25.350           24.200         90.75                         
      0.600         10.219          109.943                22.219           25.370           24.200         91.47                         
      0.610         10.211          109.941                22.198           25.387           24.200         92.18                         
      0.620         10.203          109.940                22.173           25.400           24.200         92.89                         
      0.630         10.195          109.939                22.145           25.409           24.200         93.60                         
      0.640         10.187          109.938                22.114           25.415           24.200         94.31                         
      0.650         10.179          109.936                22.079           25.417           24.200         95.01                         
      0.660         10.171          109.935                22.041           25.416           24.200         95.71                         
      0.670         10.163          109.934                21.999           25.412           24.200         96.40                         
      0.680         10.156          109.933                21.955           25.404           24.200         97.10                         
      0.690         10.148          109.931                21.907           25.392           24.200         97.79                         
      0.700         10.140          109.930                21.856           25.378           24.200         98.48                         
      0.710         10.132          109.929                21.803           25.360           24.200         99.16                         
      0.720         10.124          109.928                21.746           25.339           24.200         99.85                         
      0.730         10.117          109.926                21.686           25.315           24.200        100.53                         
      0.740         10.109          109.925                21.623           25.288           24.200        101.21                         
      0.750         10.101          109.924                21.558           25.257           24.200        101.88                         
      0.760         10.093          109.923                21.490           25.224           24.200        102.56                         
      0.770         10.086          109.922                21.418           25.188           24.200        103.23                         
      0.780         10.078          109.921                21.344           25.148           24.200        103.90                         
      0.790         10.071          109.919                21.268           25.106           24.200        104.56                         
      0.800         10.063          109.918                21.188           25.060           24.200        105.23                         
      0.810         10.056          109.917                21.106           25.012           24.200        105.89                         
      0.820         10.048          109.916                21.021           24.961           24.200        106.55                         
      0.830         10.041          109.915                20.933           24.907           24.200        107.21                         
      0.840         10.033          109.914                20.843           24.850           24.200        107.87                         
      0.850         10.026          109.913                20.750           24.790           24.200        108.53                         
      0.860         10.019          109.912                20.654           24.728           24.200        109.19                         
      0.870         10.011          109.910                20.556           24.662           24.200        109.84                         
      0.880         10.004          109.909                20.455           24.594           24.200        110.49                         
      0.890          9.997          109.908                20.352           24.523           24.200        111.15                         
      0.900          9.989          109.907                20.246           24.449           24.200        111.80                         
      0.910          9.982          109.906                20.137           24.372           24.200        112.45                         
      0.920          9.975          109.905                20.025           24.293           24.200        113.11                         
      0.930          9.968          109.904                19.911           24.210           24.200        113.76                         
      0.940          9.961          109.903                19.794           24.125           24.200        114.41                         
      0.950          9.953          109.902                19.675           24.037           24.200        115.06                         
      0.960          9.946          109.901                19.553           23.946           24.200        115.72                         
      0.970          9.939          109.900                19.427           23.852           24.200        116.37                         
      0.980          9.932          109.899                19.300           23.755           24.200        117.03                         
      0.990          9.925          109.898                19.169           23.656           24.200        117.68                         
      1.000          9.918          109.897                19.035           23.553           24.200        118.34                         
      1.010          9.911          109.896                18.899           23.447           24.200        119.00                         
      1.020          9.904          109.895                18.759           23.338           24.200        119.66                         
      1.030          9.897          109.894                18.616           23.226           24.200        120.32                         
      1.040          9.890          109.893                18.471           23.110           24.200        120.99                         
      1.050          9.883          109.892                18.322           22.992           24.200        121.66                         
      1.060          9.876          109.891                18.169           22.870           24.200        122.33                         
      1.070          9.869          109.890                18.014           22.744           24.200        123.00                         
      1.080          9.862          109.889                17.855           22.615           24.200        123.68                         
      1.090          9.855          109.888                17.692           22.483           24.200        124.36                         
      1.100          9.848          109.887                17.526           22.347           24.200        125.05                         
      1.110          9.841          109.886                17.357           22.207           24.200        125.74                         
      1.120          9.833          109.885                17.183           22.063           24.200        126.43                         
      1.130          9.826          109.884                17.006           21.916           24.200        127.13                         
      1.140          9.819          109.883                16.824           21.764           24.200        127.84                         
      1.150          9.812          109.882                16.639           21.608           24.200        128.55                         
      1.160          9.805          109.881                16.449           21.448           24.200        129.27                         
      1.170          9.798          109.881                16.255           21.283           24.200        129.99                         
      1.180          9.791          109.880                16.056           21.114           24.200        130.72                         
      1.190          9.784          109.879                15.852           20.940           24.200        131.46                         
      1.200          9.777          109.878                15.644           20.761           24.200        132.20                         
      1.210          9.770          109.877                15.431           20.577           24.200        132.95                         
      1.220          9.763          109.876                15.212           20.388           24.200        133.71                         
      1.230          9.756          109.875                14.988           20.193           24.200        134.48                         
      1.240          9.749          109.874                14.759           19.993           24.200        135.26                         
      1.250          9.741          109.873                14.523           19.787           24.200        136.05                         
      1.260          9.734          109.872                14.282           19.575           24.200        136.85                         
      1.270          9.727          109.871                14.035           19.356           24.200        137.66                         
      1.280          9.720          109.870                13.781           19.132           24.200        138.48                         
      1.290          9.713          109.870                13.521           18.901           24.200        139.31                         
      1.300          9.706          109.869                13.254           18.662           24.200        140.15                         
      1.310          9.698          109.868                12.979           18.417           24.200        141.01                         
      1.320          9.691          109.867                12.698           18.164           24.200        141.88                         
      1.330          9.684          109.866                12.409           17.903           24.200        142.76                         
      1.340          9.677          109.865                12.111           17.635           24.200        143.66                         
      1.350          9.670          109.864                11.806           17.358           24.200        144.57                         
      1.360          9.662          109.864                11.493           17.072           24.200        145.50                         
      1.370          9.655          109.863                11.170           16.778           24.200        146.45                         
      1.380          9.648          109.862                10.839           16.474           24.200        147.41                         
      1.390          9.641          109.861                10.498           16.161           24.200        148.39                         
      1.400          9.634          109.860                10.147           15.838           24.200        149.38                         
      1.410          9.627          109.859                 9.787           15.504           24.200        150.40                         
      1.420          9.619          109.859                 9.416           15.160           24.200        151.43                         
      1.430          9.612          109.858                 9.034           14.804           24.200        152.49                         
      1.440          9.606          109.857                 8.641           14.438           24.200        153.57                         
      1.450          9.599          109.857                 8.237           14.059           24.200        154.67                         
      1.460          9.592          109.856                 7.821           13.668           24.200        155.79                         
      1.470          9.585          109.855                 7.393           13.264           24.200        156.93                         
      1.480          9.578          109.855                 6.952           12.846           24.200        158.11                         
      1.490          9.572          109.854                 6.498           12.416           24.200        159.30                         
      1.500          9.566          109.853                 6.031           11.971           24.200        160.53                         
      1.510          9.559          109.853                 5.550           11.511           24.200        161.78                         
      1.520          9.553          109.852                 5.055           11.037           24.200        163.06                         
      1.530          9.547          109.852                 4.545           10.547           24.200        164.36                         
      1.540          9.542          109.851                 4.021           10.041           24.200        165.70                         
      1.550          9.536          109.851                 3.482            9.518           24.200        167.08                         
      1.560          9.531          109.851                 2.927            8.979           24.200        168.48                         
      1.570          9.526          109.851                 2.356            8.422           24.200        169.92                         
      1.580          9.522          109.850                 1.769            7.848           24.200        171.40                         
      1.590          9.517          109.850                 1.166            7.256           24.200        172.91                         
      1.600          9.513          109.850                 0.546            6.645           24.200        174.46                         
      1.610          9.510          109.850                -0.091            6.015           24.200        176.05                         
      1.620          9.507          109.850                -0.744            5.366           24.200        177.68                         
      1.630          9.505          109.850                -1.415            4.697           24.200        179.35                         
      1.640          9.503          109.851                -2.102            4.009           24.200        181.07                         
      1.650          9.501          109.851                -2.806            3.302           24.200        182.83                         
      1.660          9.501          109.852                -3.528            2.574           24.200        184.64                         
      1.670          9.501          109.852                -4.265            1.827           24.200        186.50                         
      1.680          9.501          109.853                -5.019            1.060           24.200        188.41                         
      1.690          9.503          109.854                -5.788            0.273           24.200        190.37                         
      1.700          9.506          109.855                -6.572           -0.532           24.200        192.39                         
      1.710          9.509          109.856                -7.370           -1.356           24.200        194.46                         
      1.720          9.514          109.858                -8.182           -2.198           24.200        196.59                         
      1.730          9.519          109.859                -9.005           -3.057           24.200        198.77                         
      1.740          9.526          109.861                -9.839           -3.931           24.200        201.02                         
      1.750          9.534          109.863               -10.681           -4.820           24.200        203.33                         
      1.760          9.543          109.865               -11.530           -5.722           24.200        205.71                         
      1.770          9.554          109.867               -12.384           -6.635           24.200        208.16                         
      1.780          9.566          109.870               -13.239           -7.556           24.200        210.67                         
      1.790          9.580          109.873               -14.094           -8.484           24.200        213.26                         
      1.800          9.596          109.876               -14.945           -9.415           24.200        215.92                         
      1.810          9.613          109.879               -15.787          -10.346           24.200        218.65                         
      1.820          9.632          109.883               -16.618          -11.273           24.200        221.46                         
      1.830          9.653          109.887               -17.432          -12.192           24.200        224.36                         
      1.840          9.676          109.891               -18.225          -13.098           24.200        227.33                         
      1.850          9.701          109.896               -18.990          -13.986           24.200        230.39                         
      1.860          9.729          109.901               -19.723          -14.851           24.200        233.53                         
      1.870          9.758          109.906               -20.416          -15.685           24.200        236.76                         
      1.880          9.789          109.911               -21.064          -16.483           24.200        240.07                         
      1.890          9.822          109.917               -21.657          -17.236           24.200        243.48                         
      1.900          9.858          109.923               -22.190          -17.938           24.200        246.99                         
      1.910          9.896          109.929               -22.653          -18.579           24.200        250.58                         
      1.920          9.935          109.936               -23.039          -19.152           24.200        254.27                         
      1.930          9.977          109.943               -23.338          -19.647           24.200        258.06                         
      1.940         10.020          109.950               -23.542          -20.054           24.200        261.94                         
      1.950         10.065          109.957               -23.643          -20.365           24.200        265.92                         
      1.960         10.111          109.964               -23.631          -20.570           24.200        270.00                         
      1.970         10.159          109.972               -23.498          -20.659           24.200        274.18                         
      1.980         10.207          109.980               -23.236          -20.623           24.200        278.46                         
      1.990         10.256          109.987               -22.839          -20.454           24.200        282.84                         
      2.000         10.306          109.995               -22.299          -20.144           24.200        287.31                         

