  ¬рем€            U                U                Pij              –г               –т г             ”гол рот         ќтн угол U       
                   601              1002             1001             601              601              601              601              
                                                     1002                                                                                 
                                                     1                                                                                    

                    10.500          110.000                11.815           26.100           26.100         66.77                         
      0.010         10.500          110.000                11.815           26.100           26.100         66.77                         
      0.020         10.500          110.000                11.815           26.100           26.100         66.77                         
      0.030         10.500          110.000                11.815           26.100           26.100         66.77                         
      0.040         10.500          110.000                11.815           26.100           26.100         66.77                         
      0.050         10.500          110.000                11.815           26.100           26.100         66.77                         
      0.060         10.500          110.000                11.815           26.100           26.100         66.77                         
      0.070         10.500          110.000                11.815           26.100           26.100         66.77                         
      0.080         10.500          110.000                11.815           26.100           26.100         66.77                         
      0.090         10.500          110.000                11.815           26.100           26.100         66.77                         
      0.100         10.500          110.000                11.815           26.100           26.100         66.77                         
      0.100          9.978          109.339                -0.001            3.117           26.100         66.77                         
      0.110          9.978          109.339                -0.001            3.117           26.100         66.80                         
      0.120          9.978          109.339                -0.001            3.117           26.100         66.88                         
      0.130          9.978          109.339                -0.001            3.117           26.100         67.02                         
      0.140          9.978          109.339                -0.001            3.117           26.100         67.21                         
      0.150          9.978          109.339                -0.001            3.117           26.100         67.45                         
      0.160          9.978          109.339                -0.001            3.117           26.100         67.74                         
      0.170          9.978          109.339                -0.001            3.117           26.100         68.09                         
      0.180          9.978          109.339                -0.001            3.117           26.100         68.49                         
      0.190          9.978          109.339                -0.001            3.117           26.100         68.94                         
      0.200          9.978          109.339                -0.001            3.117           26.100         69.44                         
      0.210          9.978          109.339                -0.001            3.117           26.100         69.99                         
      0.220          9.978          109.339                -0.001            3.117           26.100         70.60                         
      0.230          9.978          109.339                -0.001            3.117           26.100         71.25                         
      0.240          9.978          109.339                -0.001            3.117           26.100         71.96                         
      0.250          9.978          109.339                -0.001            3.117           26.100         72.71                         
      0.260          9.978          109.339                -0.001            3.117           26.100         73.52                         
      0.260         10.489          109.989                21.761           23.989           26.100         73.52                         
      0.270         10.480          109.987                21.840           24.110           26.100         74.35                         
      0.280         10.472          109.986                21.915           24.228           26.100         75.18                         
      0.290         10.463          109.984                21.984           24.341           26.100         76.02                         
      0.300         10.454          109.983                22.049           24.449           26.100         76.85                         
      0.310         10.445          109.981                22.109           24.553           26.100         77.69                         
      0.320         10.437          109.980                22.165           24.652           26.100         78.52                         
      0.330         10.428          109.978                22.215           24.747           26.100         79.36                         
      0.340         10.419          109.977                22.261           24.837           26.100         80.20                         
      0.350         10.410          109.975                22.302           24.922           26.100         81.04                         
      0.360         10.400          109.973                22.338           25.002           26.100         81.88                         
      0.370         10.391          109.972                22.369           25.078           26.100         82.72                         
      0.380         10.382          109.970                22.395           25.149           26.100         83.56                         
      0.390         10.373          109.969                22.416           25.215           26.100         84.40                         
      0.400         10.363          109.967                22.432           25.276           26.100         85.25                         
      0.410         10.354          109.966                22.443           25.332           26.100         86.09                         
      0.420         10.345          109.964                22.449           25.383           26.100         86.94                         
      0.430         10.335          109.963                22.450           25.429           26.100         87.78                         
      0.440         10.326          109.961                22.446           25.471           26.100         88.63                         
      0.450         10.316          109.960                22.437           25.507           26.100         89.47                         
      0.460         10.307          109.958                22.423           25.538           26.100         90.32                         
      0.470         10.297          109.956                22.404           25.564           26.100         91.17                         
      0.480         10.288          109.955                22.380           25.586           26.100         92.02                         
      0.490         10.278          109.953                22.351           25.602           26.100         92.86                         
      0.500         10.269          109.952                22.316           25.613           26.100         93.71                         
      0.510         10.259          109.950                22.277           25.619           26.100         94.56                         
      0.520         10.249          109.949                22.233           25.620           26.100         95.41                         
      0.530         10.240          109.947                22.183           25.615           26.100         96.27                         
      0.540         10.230          109.946                22.128           25.606           26.100         97.12                         
      0.550         10.220          109.944                22.068           25.591           26.100         97.97                         
      0.560         10.210          109.943                22.004           25.571           26.100         98.82                         
      0.570         10.201          109.941                21.933           25.547           26.100         99.68                         
      0.580         10.191          109.940                21.858           25.517           26.100        100.53                         
      0.590         10.181          109.938                21.778           25.481           26.100        101.39                         
      0.600         10.172          109.936                21.693           25.441           26.100        102.25                         
      0.610         10.162          109.935                21.602           25.395           26.100        103.11                         
      0.620         10.152          109.933                21.506           25.344           26.100        103.97                         
      0.630         10.142          109.932                21.406           25.288           26.100        104.83                         
      0.640         10.132          109.930                21.299           25.226           26.100        105.69                         
      0.650         10.123          109.929                21.188           25.159           26.100        106.56                         
      0.660         10.113          109.928                21.071           25.087           26.100        107.43                         
      0.670         10.103          109.926                20.949           25.009           26.100        108.30                         
      0.680         10.093          109.925                20.822           24.926           26.100        109.17                         
      0.690         10.084          109.923                20.689           24.838           26.100        110.04                         
      0.700         10.074          109.922                20.551           24.744           26.100        110.92                         
      0.710         10.064          109.920                20.408           24.644           26.100        111.80                         
      0.720         10.054          109.919                20.259           24.538           26.100        112.68                         
      0.730         10.044          109.917                20.104           24.427           26.100        113.57                         
      0.740         10.035          109.916                19.944           24.310           26.100        114.46                         
      0.750         10.025          109.914                19.777           24.188           26.100        115.36                         
      0.760         10.015          109.913                19.605           24.059           26.100        116.26                         
      0.770         10.005          109.912                19.427           23.924           26.100        117.16                         
      0.780          9.995          109.910                19.243           23.783           26.100        118.07                         
      0.790          9.986          109.909                19.053           23.636           26.100        118.99                         
      0.800          9.976          109.907                18.857           23.483           26.100        119.91                         
      0.810          9.966          109.906                18.654           23.323           26.100        120.83                         
      0.820          9.956          109.905                18.445           23.156           26.100        121.76                         
      0.830          9.946          109.903                18.229           22.983           26.100        122.70                         
      0.840          9.936          109.902                18.007           22.803           26.100        123.65                         
      0.850          9.927          109.901                17.777           22.615           26.100        124.60                         
      0.860          9.917          109.899                17.541           22.421           26.100        125.56                         
      0.870          9.907          109.898                17.297           22.219           26.100        126.53                         
      0.880          9.897          109.897                17.045           22.009           26.100        127.51                         
      0.890          9.887          109.895                16.787           21.792           26.100        128.50                         
      0.900          9.878          109.894                16.520           21.566           26.100        129.50                         
      0.910          9.868          109.893                16.245           21.333           26.100        130.51                         
      0.920          9.858          109.891                15.962           21.091           26.100        131.53                         
      0.930          9.848          109.890                15.670           20.840           26.100        132.56                         
      0.940          9.838          109.889                15.369           20.580           26.100        133.60                         
      0.950          9.829          109.887                15.060           20.311           26.100        134.66                         
      0.960          9.819          109.886                14.741           20.033           26.100        135.73                         
      0.970          9.809          109.885                14.413           19.744           26.100        136.81                         
      0.980          9.800          109.884                14.074           19.445           26.100        137.90                         
      0.990          9.790          109.883                13.726           19.136           26.100        139.02                         
      1.000          9.780          109.881                13.367           18.816           26.100        140.14                         
      1.010          9.771          109.880                12.997           18.485           26.100        141.29                         
      1.020          9.761          109.879                12.616           18.143           26.100        142.45                         
      1.030          9.752          109.878                12.224           17.788           26.100        143.63                         
      1.040          9.742          109.877                11.819           17.421           26.100        144.83                         
      1.050          9.733          109.876                11.403           17.041           26.100        146.05                         
      1.060          9.723          109.875                10.973           16.648           26.100        147.29                         
      1.070          9.714          109.874                10.531           16.242           26.100        148.55                         
      1.080          9.705          109.873                10.075           15.821           26.100        149.83                         
      1.090          9.696          109.872                 9.606           15.386           26.100        151.13                         
      1.100          9.687          109.871                 9.122           14.935           26.100        152.46                         
      1.110          9.679          109.870                 8.624           14.470           26.100        153.82                         
      1.120          9.670          109.869                 8.110           13.988           26.100        155.20                         
      1.130          9.662          109.868                 7.581           13.490           26.100        156.61                         
      1.140          9.653          109.867                 7.036           12.974           26.100        158.05                         
      1.150          9.645          109.866                 6.475           12.442           26.100        159.52                         
      1.160          9.638          109.866                 5.898           11.891           26.100        161.01                         
      1.170          9.630          109.865                 5.303           11.322           26.100        162.55                         
      1.180          9.623          109.864                 4.691           10.733           26.100        164.11                         
      1.190          9.616          109.864                 4.061           10.125           26.100        165.71                         
      1.200          9.610          109.864                 3.413            9.498           26.100        167.34                         
      1.210          9.604          109.863                 2.746            8.849           26.100        169.02                         
      1.220          9.598          109.863                 2.062            8.180           26.100        170.73                         
      1.230          9.593          109.863                 1.358            7.490           26.100        172.48                         
      1.240          9.589          109.863                 0.635            6.779           26.100        174.27                         
      1.250          9.585          109.863                -0.106            6.045           26.100        176.11                         
      1.260          9.581          109.863                -0.866            5.290           26.100        178.00                         
      1.270          9.579          109.863                -1.645            4.513           26.100        179.93                         
      1.280          9.577          109.863                -2.443            3.713           26.100        181.91                         
      1.290          9.576          109.864                -3.259            2.892           26.100        183.93                         
      1.300          9.575          109.865                -4.092            2.048           26.100        186.02                         
      1.310          9.576          109.866                -4.943            1.183           26.100        188.15                         
      1.320          9.578          109.867                -5.810            0.297           26.100        190.35                         
      1.330          9.581          109.868                -6.692           -0.609           26.100        192.60                         
      1.340          9.585          109.869                -7.588           -1.534           26.100        194.91                         
      1.350          9.590          109.871                -8.496           -2.478           26.100        197.28                         
      1.360          9.597          109.873                -9.415           -3.439           26.100        199.72                         
      1.370          9.605          109.875               -10.343           -4.415           26.100        202.22                         
      1.380          9.614          109.877               -11.277           -5.404           26.100        204.80                         
      1.390          9.626          109.879               -12.214           -6.404           26.100        207.44                         
      1.400          9.639          109.882               -13.152           -7.412           26.100        210.16                         
      1.410          9.653          109.885               -14.086           -8.425           26.100        212.95                         
      1.420          9.670          109.889               -15.014           -9.439           26.100        215.82                         
      1.430          9.689          109.892               -15.929          -10.451           26.100        218.77                         
      1.440          9.710          109.896               -16.828          -11.455           26.100        221.80                         
      1.450          9.732          109.901               -17.705          -12.446           26.100        224.92                         
      1.460          9.758          109.905               -18.554          -13.420           26.100        228.12                         
      1.470          9.785          109.910               -19.367          -14.368           26.100        231.41                         
      1.480          9.815          109.915               -20.140          -15.285           26.100        234.80                         
      1.490          9.847          109.921               -20.862          -16.163           26.100        238.27                         
      1.500          9.881          109.927               -21.527          -16.994           26.100        241.84                         
      1.510          9.917          109.933               -22.126          -17.768           26.100        245.51                         
      1.520          9.956          109.940               -22.649          -18.478           26.100        249.27                         
      1.530          9.997          109.947               -23.088          -19.112           26.100        253.13                         
      1.540         10.041          109.954               -23.432          -19.662           26.100        257.09                         
      1.550         10.086          109.962               -23.672          -20.115           26.100        261.16                         
      1.560         10.133          109.969               -23.798          -20.463           26.100        265.32                         
      1.570         10.181          109.977               -23.801          -20.694           26.100        269.59                         
      1.580         10.231          109.985               -23.670          -20.797           26.100        273.97                         
      1.590         10.282          109.993               -23.398          -20.763           26.100        278.44                         
      1.600         10.333          110.001               -22.976          -20.582           26.100        283.02                         
      1.610         10.385          110.009               -22.398          -20.245           26.100        287.70                         
      1.620         10.437          110.017               -21.658          -19.745           26.100        292.48                         
      1.630         10.488          110.025               -20.751          -19.075           26.100        297.37                         
      1.640         10.538          110.032               -19.677          -18.231           26.100        302.35                         
      1.650         10.587          110.040               -18.434          -17.211           26.100        307.42                         
      1.660         10.633          110.046               -17.026          -16.014           26.100        312.59                         
      1.670         10.678          110.052               -15.457          -14.643           26.100        317.85                         
      1.680         10.719          110.058               -13.734          -13.102           26.100        323.19                         
      1.690         10.756          110.063               -11.869          -11.398           26.100        328.62                         
      1.700         10.790          110.067                -9.874           -9.544           26.100        334.13                         
      1.710         10.818          110.070                -7.765           -7.552           26.100        339.71                         
      1.720         10.842          110.072                -5.562           -5.440           26.100        345.36                         
      1.730         10.860          110.073                -3.286           -3.225           26.100        351.08                         
      1.740         10.873          110.074                -0.960           -0.931           26.100        356.85                         
      1.750         10.879          110.073                 1.390            1.419           26.100        362.68                         
      1.760         10.879          110.071                 3.739            3.799           26.100        368.56                         
      1.770         10.872          110.067                 6.057            6.181           26.100        374.48                         
      1.780         10.859          110.063                 8.318            8.538           26.100        380.44                         
      1.790         10.839          110.058                10.493           10.841           26.100        386.43                         
      1.800         10.813          110.052                12.554           13.061           26.100        392.44                         
      1.810         10.780          110.044                14.477           15.172           26.100        398.48                         
      1.820         10.742          110.036                16.236           17.146           26.100        404.54                         
      1.830         10.698          110.027                17.809           18.959           26.100        410.61                         
      1.840         10.648          110.018                19.177           20.589           26.100        416.69                         
      1.850         10.594          110.008                20.322           22.016           26.100        422.77                         
      1.860         10.536          109.997                21.232           23.223           26.100        428.86                         
      1.870         10.474          109.986                21.894           24.195           26.100        434.94                         
      1.880         10.410          109.975                22.301           24.921           26.100        441.03                         
      1.890         10.343          109.964                22.450           25.393           26.100        447.11                         
      1.900         10.274          109.953                22.338           25.607           26.100        453.19                         
      1.910         10.205          109.942                21.968           25.559           26.100        459.27                         
      1.920         10.136          109.931                21.344           25.252           26.100        465.34                         
      1.930         10.068          109.921                20.472           24.689           26.100        471.41                         
      1.940         10.002          109.911                19.364           23.876           26.100        477.48                         
      1.950          9.937          109.902                18.030           22.822           26.100        483.55                         
      1.960          9.876          109.894                16.485           21.537           26.100        489.63                         
      1.970          9.819          109.886                14.744           20.035           26.100        495.72                         
      1.980          9.766          109.880                12.825           18.331           26.100        501.82                         
      1.990          9.719          109.874                10.747           16.440           26.100        507.93                         
      2.000          9.677          109.869                 8.531           14.383           26.100        514.07                         

