  ¬рем€            U                U                Pij              –г               –т г             ”гол рот         ќтн угол U       
                   601              1002             1001             601              601              601              601              
                                                     1002                                                                                 
                                                     1                                                                                    

                    10.500          110.000                11.630           25.600           25.600         64.83                         
      0.010         10.500          110.000                11.630           25.600           25.600         64.83                         
      0.020         10.500          110.000                11.630           25.600           25.600         64.83                         
      0.030         10.500          110.000                11.630           25.600           25.600         64.83                         
      0.040         10.500          110.000                11.630           25.600           25.600         64.83                         
      0.050         10.500          110.000                11.630           25.600           25.600         64.83                         
      0.060         10.500          110.000                11.630           25.600           25.600         64.83                         
      0.070         10.500          110.000                11.630           25.600           25.600         64.83                         
      0.080         10.500          110.000                11.630           25.600           25.600         64.83                         
      0.090         10.500          110.000                11.630           25.600           25.600         64.83                         
      0.100         10.500          110.000                11.630           25.600           25.600         64.83                         
      0.100          9.957          109.335                -0.001            3.104           25.600         64.83                         
      0.110          9.957          109.335                -0.001            3.104           25.600         64.86                         
      0.120          9.957          109.335                -0.001            3.104           25.600         64.94                         
      0.130          9.957          109.335                -0.001            3.104           25.600         65.07                         
      0.140          9.957          109.335                -0.001            3.104           25.600         65.26                         
      0.150          9.957          109.335                -0.001            3.104           25.600         65.49                         
      0.160          9.957          109.335                -0.001            3.104           25.600         65.78                         
      0.170          9.957          109.335                -0.001            3.104           25.600         66.12                         
      0.180          9.957          109.335                -0.001            3.104           25.600         66.51                         
      0.190          9.957          109.335                -0.001            3.104           25.600         66.95                         
      0.200          9.957          109.335                -0.001            3.104           25.600         67.44                         
      0.210          9.957          109.335                -0.001            3.104           25.600         67.98                         
      0.220          9.957          109.335                -0.001            3.104           25.600         68.57                         
      0.230          9.957          109.335                -0.001            3.104           25.600         69.21                         
      0.240          9.957          109.335                -0.001            3.104           25.600         69.90                         
      0.250          9.957          109.335                -0.001            3.104           25.600         70.64                         
      0.260          9.957          109.335                -0.001            3.104           25.600         71.43                         
      0.260         10.489          109.989                21.492           23.608           25.600         71.43                         
      0.270         10.481          109.987                21.581           23.738           25.600         72.25                         
      0.280         10.472          109.986                21.666           23.864           25.600         73.06                         
      0.290         10.464          109.984                21.745           23.986           25.600         73.88                         
      0.300         10.456          109.983                21.821           24.103           25.600         74.69                         
      0.310         10.447          109.981                21.892           24.216           25.600         75.51                         
      0.320         10.438          109.980                21.958           24.325           25.600         76.33                         
      0.330         10.430          109.978                22.020           24.429           25.600         77.15                         
      0.340         10.421          109.977                22.077           24.529           25.600         77.97                         
      0.350         10.412          109.975                22.130           24.625           25.600         78.78                         
      0.360         10.404          109.974                22.178           24.715           25.600         79.60                         
      0.370         10.395          109.972                22.221           24.802           25.600         80.42                         
      0.380         10.386          109.971                22.259           24.884           25.600         81.24                         
      0.390         10.377          109.969                22.293           24.961           25.600         82.06                         
      0.400         10.368          109.968                22.322           25.034           25.600         82.88                         
      0.410         10.359          109.966                22.347           25.102           25.600         83.71                         
      0.420         10.350          109.965                22.367           25.165           25.600         84.53                         
      0.430         10.341          109.963                22.382           25.224           25.600         85.35                         
      0.440         10.332          109.962                22.392           25.278           25.600         86.17                         
      0.450         10.323          109.960                22.398           25.327           25.600         86.99                         
      0.460         10.314          109.959                22.398           25.372           25.600         87.81                         
      0.470         10.304          109.957                22.395           25.412           25.600         88.63                         
      0.480         10.295          109.956                22.386           25.447           25.600         89.45                         
      0.490         10.286          109.954                22.373           25.477           25.600         90.27                         
      0.500         10.277          109.953                22.354           25.503           25.600         91.09                         
      0.510         10.268          109.951                22.332           25.524           25.600         91.91                         
      0.520         10.258          109.950                22.304           25.540           25.600         92.73                         
      0.530         10.249          109.948                22.272           25.552           25.600         93.55                         
      0.540         10.240          109.947                22.235           25.558           25.600         94.36                         
      0.550         10.231          109.945                22.194           25.560           25.600         95.18                         
      0.560         10.221          109.944                22.148           25.558           25.600         96.00                         
      0.570         10.212          109.942                22.097           25.550           25.600         96.82                         
      0.580         10.203          109.941                22.041           25.538           25.600         97.64                         
      0.590         10.193          109.939                21.981           25.521           25.600         98.45                         
      0.600         10.184          109.938                21.917           25.500           25.600         99.27                         
      0.610         10.175          109.937                21.847           25.474           25.600        100.09                         
      0.620         10.165          109.935                21.774           25.443           25.600        100.91                         
      0.630         10.156          109.934                21.695           25.407           25.600        101.72                         
      0.640         10.147          109.932                21.612           25.367           25.600        102.54                         
      0.650         10.138          109.931                21.524           25.322           25.600        103.36                         
      0.660         10.128          109.929                21.432           25.272           25.600        104.18                         
      0.670         10.119          109.928                21.335           25.217           25.600        105.00                         
      0.680         10.110          109.927                21.234           25.158           25.600        105.82                         
      0.690         10.100          109.925                21.128           25.094           25.600        106.64                         
      0.700         10.091          109.924                21.017           25.025           25.600        107.47                         
      0.710         10.082          109.922                20.902           24.952           25.600        108.29                         
      0.720         10.073          109.921                20.782           24.874           25.600        109.11                         
      0.730         10.063          109.920                20.657           24.790           25.600        109.94                         
      0.740         10.054          109.918                20.527           24.702           25.600        110.77                         
      0.750         10.045          109.917                20.393           24.609           25.600        111.60                         
      0.760         10.036          109.916                20.254           24.512           25.600        112.44                         
      0.770         10.026          109.914                20.110           24.409           25.600        113.27                         
      0.780         10.017          109.913                19.961           24.301           25.600        114.11                         
      0.790         10.008          109.911                19.807           24.188           25.600        114.95                         
      0.800          9.999          109.910                19.648           24.070           25.600        115.80                         
      0.810          9.989          109.909                19.484           23.946           25.600        116.64                         
      0.820          9.980          109.907                19.315           23.817           25.600        117.50                         
      0.830          9.971          109.906                19.141           23.683           25.600        118.35                         
      0.840          9.962          109.905                18.961           23.544           25.600        119.21                         
      0.850          9.953          109.904                18.775           23.399           25.600        120.08                         
      0.860          9.943          109.902                18.585           23.248           25.600        120.95                         
      0.870          9.934          109.901                18.388           23.091           25.600        121.83                         
      0.880          9.925          109.900                18.186           22.928           25.600        122.71                         
      0.890          9.916          109.898                17.977           22.760           25.600        123.59                         
      0.900          9.906          109.897                17.763           22.585           25.600        124.49                         
      0.910          9.897          109.896                17.543           22.404           25.600        125.39                         
      0.920          9.888          109.895                17.316           22.216           25.600        126.30                         
      0.930          9.879          109.893                17.082           22.022           25.600        127.22                         
      0.940          9.870          109.892                16.842           21.821           25.600        128.14                         
      0.950          9.860          109.891                16.595           21.613           25.600        129.07                         
      0.960          9.851          109.890                16.341           21.397           25.600        130.02                         
      0.970          9.842          109.888                16.080           21.175           25.600        130.97                         
      0.980          9.833          109.887                15.811           20.944           25.600        131.93                         
      0.990          9.824          109.886                15.534           20.706           25.600        132.90                         
      1.000          9.814          109.885                15.250           20.460           25.600        133.89                         
      1.010          9.805          109.884                14.957           20.205           25.600        134.88                         
      1.020          9.796          109.882                14.656           19.942           25.600        135.89                         
      1.030          9.787          109.881                14.346           19.669           25.600        136.91                         
      1.040          9.778          109.880                14.028           19.388           25.600        137.95                         
      1.050          9.769          109.879                13.700           19.097           25.600        138.99                         
      1.060          9.760          109.878                13.362           18.796           25.600        140.06                         
      1.070          9.751          109.877                13.015           18.485           25.600        141.14                         
      1.080          9.742          109.876                12.657           18.164           25.600        142.23                         
      1.090          9.733          109.875                12.289           17.832           25.600        143.34                         
      1.100          9.724          109.873                11.910           17.488           25.600        144.47                         
      1.110          9.715          109.872                11.520           17.133           25.600        145.62                         
      1.120          9.706          109.871                11.119           16.766           25.600        146.79                         
      1.130          9.697          109.870                10.705           16.387           25.600        147.98                         
      1.140          9.688          109.869                10.279           15.994           25.600        149.18                         
      1.150          9.680          109.868                 9.841           15.589           25.600        150.41                         
      1.160          9.671          109.868                 9.389           15.169           25.600        151.67                         
      1.170          9.663          109.867                 8.924           14.736           25.600        152.94                         
      1.180          9.655          109.866                 8.445           14.287           25.600        154.24                         
      1.190          9.646          109.865                 7.951           13.824           25.600        155.57                         
      1.200          9.638          109.864                 7.443           13.345           25.600        156.92                         
      1.210          9.631          109.863                 6.920           12.850           25.600        158.30                         
      1.220          9.623          109.863                 6.382           12.338           25.600        159.71                         
      1.230          9.616          109.862                 5.827           11.809           25.600        161.15                         
      1.240          9.609          109.861                 5.257           11.263           25.600        162.63                         
      1.250          9.602          109.861                 4.669           10.698           25.600        164.13                         
      1.260          9.595          109.860                 4.065           10.115           25.600        165.67                         
      1.270          9.589          109.860                 3.443            9.513           25.600        167.24                         
      1.280          9.583          109.860                 2.804            8.891           25.600        168.85                         
      1.290          9.578          109.859                 2.147            8.250           25.600        170.49                         
      1.300          9.573          109.859                 1.472            7.588           25.600        172.18                         
      1.310          9.568          109.859                 0.778            6.906           25.600        173.91                         
      1.320          9.564          109.859                 0.067            6.202           25.600        175.68                         
      1.330          9.561          109.859                -0.664            5.478           25.600        177.49                         
      1.340          9.558          109.859                -1.412            4.732           25.600        179.35                         
      1.350          9.556          109.860                -2.179            3.965           25.600        181.25                         
      1.360          9.554          109.860                -2.963            3.176           25.600        183.21                         
      1.370          9.554          109.861                -3.765            2.365           25.600        185.21                         
      1.380          9.554          109.862                -4.585            1.534           25.600        187.27                         
      1.390          9.556          109.863                -5.420            0.682           25.600        189.38                         
      1.400          9.558          109.864                -6.271           -0.190           25.600        191.55                         
      1.410          9.561          109.865                -7.137           -1.082           25.600        193.77                         
      1.420          9.566          109.866                -8.016           -1.993           25.600        196.06                         
      1.430          9.571          109.868                -8.907           -2.921           25.600        198.41                         
      1.440          9.579          109.870                -9.807           -3.865           25.600        200.82                         
      1.450          9.587          109.872               -10.716           -4.824           25.600        203.30                         
      1.460          9.597          109.874               -11.630           -5.795           25.600        205.84                         
      1.470          9.609          109.877               -12.547           -6.776           25.600        208.46                         
      1.480          9.622          109.880               -13.464           -7.764           25.600        211.15                         
      1.490          9.637          109.883               -14.376           -8.756           25.600        213.92                         
      1.500          9.654          109.886               -15.281           -9.749           25.600        216.76                         
      1.510          9.673          109.890               -16.174          -10.739           25.600        219.68                         
      1.520          9.694          109.894               -17.050          -11.721           25.600        222.69                         
      1.530          9.718          109.898               -17.903          -12.689           25.600        225.78                         
      1.540          9.743          109.903               -18.728          -13.639           25.600        228.95                         
      1.550          9.770          109.908               -19.518          -14.564           25.600        232.21                         
      1.560          9.800          109.913               -20.266          -15.457           25.600        235.56                         
      1.570          9.832          109.919               -20.965          -16.310           25.600        239.01                         
      1.580          9.866          109.925               -21.607          -17.117           25.600        242.54                         
      1.590          9.903          109.931               -22.182          -17.868           25.600        246.18                         
      1.600          9.942          109.937               -22.684          -18.554           25.600        249.90                         
      1.610          9.983          109.944               -23.102          -19.166           25.600        253.73                         
      1.620         10.025          109.951               -23.426          -19.694           25.600        257.66                         
      1.630         10.070          109.959               -23.649          -20.128           25.600        261.68                         
      1.640         10.117          109.966               -23.759          -20.457           25.600        265.81                         
      1.650         10.165          109.974               -23.747          -20.671           25.600        270.04                         
      1.660         10.214          109.982               -23.605          -20.760           25.600        274.37                         
      1.670         10.264          109.990               -23.324          -20.715           25.600        278.81                         
      1.680         10.315          109.998               -22.897          -20.525           25.600        283.34                         
      1.690         10.366          110.006               -22.316          -20.182           25.600        287.98                         
      1.700         10.418          110.014               -21.576          -19.679           25.600        292.72                         
      1.710         10.468          110.021               -20.674          -19.011           25.600        297.55                         
      1.720         10.518          110.029               -19.608          -18.172           25.600        302.48                         
      1.730         10.566          110.036               -18.377          -17.161           25.600        307.51                         
      1.740         10.612          110.042               -16.983          -15.976           25.600        312.63                         
      1.750         10.656          110.048               -15.432          -14.620           25.600        317.84                         
      1.760         10.697          110.054               -13.731          -13.099           25.600        323.13                         
      1.770         10.734          110.059               -11.890          -11.419           25.600        328.50                         
      1.780         10.767          110.063                -9.922           -9.590           25.600        333.95                         
      1.790         10.796          110.066                -7.842           -7.626           25.600        339.48                         
      1.800         10.820          110.068                -5.669           -5.543           25.600        345.07                         
      1.810         10.838          110.069                -3.423           -3.359           25.600        350.73                         
      1.820         10.851          110.070                -1.126           -1.096           25.600        356.45                         
      1.830         10.857          110.069                 1.196            1.223           25.600        362.22                         
      1.840         10.858          110.067                 3.519            3.574           25.600        368.03                         
      1.850         10.852          110.064                 5.814            5.929           25.600        373.89                         
      1.860         10.839          110.060                 8.055            8.262           25.600        379.79                         
      1.870         10.820          110.055                10.215           10.545           25.600        385.72                         
      1.880         10.795          110.049                12.268           12.751           25.600        391.67                         
      1.890         10.764          110.041                14.187           14.852           25.600        397.65                         
      1.900         10.726          110.034                15.949           16.823           25.600        403.65                         
      1.910         10.684          110.025                17.533           18.640           25.600        409.65                         
      1.920         10.636          110.016                18.918           20.281           25.600        415.67                         
      1.930         10.583          110.006                20.088           21.726           25.600        421.69                         
      1.940         10.526          109.995                21.030           22.959           25.600        427.71                         
      1.950         10.465          109.985                21.731           23.964           25.600        433.73                         
      1.960         10.402          109.974                22.186           24.731           25.600        439.75                         
      1.970         10.336          109.963                22.388           25.252           25.600        445.77                         
      1.980         10.269          109.952                22.336           25.521           25.600        451.78                         
      1.990         10.201          109.941                22.031           25.535           25.600        457.79                         
      2.000         10.133          109.930                21.476           25.296           25.600        463.79                         

