  ¬рем€            U                U                Pij              –г               –т г             ”гол рот         ќтн угол U       
                   601              1002             1001             601              601              601              601              
                                                     1002                                                                                 
                                                     1                                                                                    

                    10.500          110.000                 8.960           19.200           19.200         54.45                         
      0.010         10.500          110.000                 8.960           19.200           19.200         54.45                         
      0.020         10.500          110.000                 8.960           19.200           19.200         54.45                         
      0.030         10.500          110.000                 8.960           19.200           19.200         54.45                         
      0.040         10.500          110.000                 8.960           19.200           19.200         54.45                         
      0.050         10.500          110.000                 8.960           19.200           19.200         54.45                         
      0.060         10.500          110.000                 8.960           19.200           19.200         54.45                         
      0.070         10.500          110.000                 8.960           19.200           19.200         54.45                         
      0.080         10.500          110.000                 8.960           19.200           19.200         54.45                         
      0.090         10.500          110.000                 8.960           19.200           19.200         54.45                         
      0.100         10.500          110.000                 8.960           19.200           19.200         54.45                         
      0.110         10.500          110.000                 8.960           19.200           19.200         54.45                         
      0.120         10.500          110.000                 8.960           19.200           19.200         54.45                         
      0.130         10.500          110.000                 8.960           19.200           19.200         54.45                         
      0.140         10.500          110.000                 8.960           19.200           19.200         54.45                         
      0.150         10.500          110.000                 8.960           19.200           19.200         54.45                         
      0.160         10.500          110.000                 8.960           19.200           19.200         54.45                         
      0.170         10.500          110.000                 8.960           19.200           19.200         54.45                         
      0.180         10.500          110.000                 8.960           19.200           19.200         54.45                         
      0.190         10.500          110.000                 8.960           19.200           19.200         54.45                         
      0.200         10.500          110.000                 8.960           19.200           19.200         54.45                         
      0.200         10.544          109.998                15.474           16.397           19.200         54.45                         
      0.210         10.544          109.998                15.475           16.398           19.200         54.45                         
      0.220         10.544          109.998                15.476           16.400           19.200         54.46                         
      0.230         10.544          109.998                15.479           16.404           19.200         54.48                         
      0.240         10.544          109.997                15.484           16.409           19.200         54.50                         
      0.250         10.543          109.997                15.489           16.415           19.200         54.53                         
      0.260         10.543          109.997                15.496           16.423           19.200         54.57                         
      0.270         10.543          109.997                15.504           16.432           19.200         54.61                         
      0.280         10.543          109.997                15.513           16.443           19.200         54.66                         
      0.290         10.542          109.997                15.523           16.455           19.200         54.71                         
      0.300         10.542          109.997                15.534           16.468           19.200         54.77                         
      0.310         10.541          109.997                15.547           16.482           19.200         54.84                         
      0.320         10.541          109.997                15.560           16.498           19.200         54.91                         
      0.330         10.540          109.997                15.575           16.515           19.200         54.99                         
      0.340         10.540          109.997                15.590           16.533           19.200         55.07                         
      0.350         10.539          109.997                15.607           16.553           19.200         55.17                         
      0.360         10.538          109.996                15.625           16.573           19.200         55.26                         
      0.370         10.538          109.996                15.644           16.595           19.200         55.36                         
      0.380         10.537          109.996                15.663           16.618           19.200         55.47                         
      0.390         10.536          109.996                15.684           16.643           19.200         55.58                         
      0.400         10.535          109.996                15.706           16.668           19.200         55.70                         
      0.410         10.535          109.996                15.728           16.694           19.200         55.83                         
      0.420         10.534          109.996                15.752           16.722           19.200         55.96                         
      0.430         10.533          109.995                15.776           16.750           19.200         56.09                         
      0.440         10.532          109.995                15.801           16.780           19.200         56.23                         
      0.450         10.531          109.995                15.827           16.811           19.200         56.38                         
      0.460         10.530          109.995                15.854           16.842           19.200         56.53                         
      0.470         10.529          109.995                15.882           16.875           19.200         56.68                         
      0.480         10.527          109.994                15.910           16.908           19.200         56.84                         
      0.490         10.526          109.994                15.939           16.943           19.200         57.01                         
      0.500         10.525          109.994                15.969           16.978           19.200         57.18                         
      0.510         10.524          109.994                15.999           17.014           19.200         57.35                         
      0.520         10.523          109.993                16.030           17.051           19.200         57.53                         
      0.530         10.521          109.993                16.062           17.088           19.200         57.72                         
      0.540         10.520          109.993                16.095           17.127           19.200         57.91                         
      0.550         10.519          109.993                16.127           17.166           19.200         58.10                         
      0.560         10.517          109.992                16.161           17.206           19.200         58.30                         
      0.570         10.516          109.992                16.195           17.246           19.200         58.50                         
      0.580         10.514          109.992                16.229           17.287           19.200         58.70                         
      0.590         10.513          109.992                16.264           17.329           19.200         58.91                         
      0.600         10.511          109.991                16.300           17.371           19.200         59.13                         
      0.610         10.510          109.991                16.335           17.414           19.200         59.34                         
      0.620         10.508          109.991                16.372           17.457           19.200         59.57                         
      0.630         10.506          109.990                16.408           17.501           19.200         59.79                         
      0.640         10.505          109.990                16.445           17.545           19.200         60.02                         
      0.650         10.503          109.990                16.482           17.590           19.200         60.25                         
      0.660         10.501          109.989                16.519           17.635           19.200         60.48                         
      0.670         10.499          109.989                16.557           17.681           19.200         60.72                         
      0.680         10.498          109.989                16.595           17.726           19.200         60.96                         
      0.690         10.496          109.988                16.632           17.772           19.200         61.21                         
      0.700         10.494          109.988                16.671           17.819           19.200         61.46                         
      0.710         10.492          109.988                16.709           17.865           19.200         61.71                         
      0.720         10.490          109.987                16.747           17.912           19.200         61.96                         
      0.730         10.488          109.987                16.785           17.959           19.200         62.21                         
      0.740         10.486          109.987                16.824           18.006           19.200         62.47                         
      0.750         10.484          109.986                16.862           18.053           19.200         62.73                         
      0.760         10.482          109.986                16.901           18.100           19.200         62.99                         
      0.770         10.480          109.986                16.939           18.148           19.200         63.26                         
      0.780         10.478          109.985                16.977           18.195           19.200         63.53                         
      0.790         10.476          109.985                17.016           18.242           19.200         63.80                         
      0.800         10.474          109.984                17.054           18.290           19.200         64.07                         
      0.810         10.472          109.984                17.092           18.337           19.200         64.34                         
      0.820         10.470          109.984                17.130           18.384           19.200         64.61                         
      0.830         10.468          109.983                17.167           18.431           19.200         64.89                         
      0.840         10.465          109.983                17.205           18.478           19.200         65.17                         
      0.850         10.463          109.983                17.242           18.525           19.200         65.45                         
      0.860         10.461          109.982                17.279           18.572           19.200         65.73                         
      0.870         10.459          109.982                17.316           18.618           19.200         66.01                         
      0.880         10.456          109.981                17.352           18.665           19.200         66.29                         
      0.890         10.454          109.981                17.389           18.711           19.200         66.57                         
      0.900         10.452          109.981                17.424           18.756           19.200         66.86                         
      0.910         10.450          109.980                17.460           18.802           19.200         67.14                         
      0.920         10.447          109.980                17.495           18.847           19.200         67.43                         
      0.930         10.445          109.979                17.530           18.892           19.200         67.71                         
      0.940         10.443          109.979                17.565           18.936           19.200         68.00                         
      0.950         10.440          109.978                17.599           18.981           19.200         68.29                         
      0.960         10.438          109.978                17.632           19.024           19.200         68.57                         
      0.970         10.436          109.978                17.666           19.068           19.200         68.86                         
      0.980         10.433          109.977                17.698           19.111           19.200         69.15                         
      0.990         10.431          109.977                17.731           19.153           19.200         69.44                         
      1.000         10.429          109.976                17.763           19.195           19.200         69.73                         
      1.010         10.426          109.976                17.794           19.237           19.200         70.01                         
      1.020         10.424          109.976                17.825           19.278           19.200         70.30                         
      1.030         10.422          109.975                17.856           19.319           19.200         70.59                         
      1.040         10.419          109.975                17.886           19.359           19.200         70.87                         
      1.050         10.417          109.974                17.915           19.399           19.200         71.16                         
      1.060         10.414          109.974                17.944           19.438           19.200         71.45                         
      1.070         10.412          109.973                17.973           19.477           19.200         71.73                         
      1.080         10.410          109.973                18.001           19.515           19.200         72.02                         
      1.090         10.407          109.973                18.028           19.553           19.200         72.30                         
      1.100         10.405          109.972                18.055           19.590           19.200         72.58                         
      1.110         10.402          109.972                18.082           19.627           19.200         72.86                         
      1.120         10.400          109.971                18.107           19.663           19.200         73.14                         
      1.130         10.398          109.971                18.133           19.698           19.200         73.42                         
      1.140         10.395          109.971                18.158           19.733           19.200         73.70                         
      1.150         10.393          109.970                18.182           19.767           19.200         73.98                         
      1.160         10.391          109.970                18.206           19.801           19.200         74.25                         
      1.170         10.388          109.969                18.229           19.834           19.200         74.53                         
      1.180         10.386          109.969                18.251           19.867           19.200         74.80                         
      1.190         10.384          109.969                18.274           19.899           19.200         75.07                         
      1.200         10.381          109.968                18.295           19.930           19.200         75.34                         
      1.210         10.379          109.968                18.316           19.961           19.200         75.61                         
      1.220         10.377          109.967                18.337           19.991           19.200         75.87                         
      1.230         10.374          109.967                18.357           20.021           19.200         76.13                         
      1.240         10.372          109.967                18.376           20.050           19.200         76.40                         
      1.250         10.370          109.966                18.395           20.078           19.200         76.66                         
      1.260         10.368          109.966                18.413           20.106           19.200         76.91                         
      1.270         10.365          109.965                18.431           20.134           19.200         77.17                         
      1.280         10.363          109.965                18.449           20.160           19.200         77.42                         
      1.290         10.361          109.965                18.466           20.186           19.200         77.68                         
      1.300         10.359          109.964                18.482           20.212           19.200         77.92                         
      1.310         10.357          109.964                18.498           20.237           19.200         78.17                         
      1.320         10.354          109.964                18.513           20.262           19.200         78.42                         
      1.330         10.352          109.963                18.528           20.285           19.200         78.66                         
      1.340         10.350          109.963                18.543           20.309           19.200         78.90                         
      1.350         10.348          109.962                18.556           20.331           19.200         79.14                         
      1.360         10.346          109.962                18.570           20.354           19.200         79.37                         
      1.370         10.344          109.962                18.583           20.375           19.200         79.60                         
      1.380         10.342          109.961                18.596           20.396           19.200         79.83                         
      1.390         10.340          109.961                18.608           20.417           19.200         80.06                         
      1.400         10.338          109.961                18.620           20.437           19.200         80.28                         
      1.410         10.336          109.960                18.631           20.457           19.200         80.50                         
      1.420         10.334          109.960                18.642           20.476           19.200         80.72                         
      1.430         10.332          109.960                18.652           20.494           19.200         80.94                         
      1.440         10.330          109.959                18.662           20.512           19.200         81.15                         
      1.450         10.328          109.959                18.672           20.530           19.200         81.36                         
      1.460         10.326          109.959                18.681           20.547           19.200         81.57                         
      1.470         10.324          109.959                18.690           20.563           19.200         81.77                         
      1.480         10.323          109.958                18.699           20.580           19.200         81.97                         
      1.490         10.321          109.958                18.707           20.595           19.200         82.17                         
      1.500         10.319          109.958                18.715           20.610           19.200         82.37                         
      1.510         10.317          109.957                18.722           20.625           19.200         82.56                         
      1.520         10.316          109.957                18.730           20.639           19.200         82.75                         
      1.530         10.314          109.957                18.737           20.653           19.200         82.93                         
      1.540         10.312          109.957                18.743           20.667           19.200         83.11                         
      1.550         10.311          109.956                18.749           20.680           19.200         83.29                         
      1.560         10.309          109.956                18.755           20.692           19.200         83.47                         
      1.570         10.308          109.956                18.761           20.704           19.200         83.64                         
      1.580         10.306          109.955                18.767           20.716           19.200         83.81                         
      1.590         10.305          109.955                18.772           20.728           19.200         83.98                         
      1.600         10.303          109.955                18.777           20.739           19.200         84.14                         
      1.610         10.302          109.955                18.781           20.749           19.200         84.30                         
      1.620         10.300          109.955                18.786           20.760           19.200         84.45                         
      1.630         10.299          109.954                18.790           20.770           19.200         84.61                         
      1.640         10.297          109.954                18.794           20.779           19.200         84.75                         
      1.650         10.296          109.954                18.798           20.788           19.200         84.90                         
      1.660         10.295          109.954                18.801           20.797           19.200         85.04                         
      1.670         10.294          109.953                18.805           20.806           19.200         85.18                         
      1.680         10.292          109.953                18.808           20.814           19.200         85.32                         
      1.690         10.291          109.953                18.811           20.822           19.200         85.45                         
      1.700         10.290          109.953                18.814           20.830           19.200         85.57                         
      1.710         10.289          109.953                18.816           20.837           19.200         85.70                         
      1.720         10.288          109.952                18.819           20.844           19.200         85.82                         
      1.730         10.287          109.952                18.821           20.851           19.200         85.94                         
      1.740         10.286          109.952                18.823           20.857           19.200         86.05                         
      1.750         10.285          109.952                18.825           20.863           19.200         86.16                         
      1.760         10.284          109.952                18.827           20.869           19.200         86.27                         
      1.770         10.283          109.952                18.829           20.875           19.200         86.37                         
      1.780         10.282          109.951                18.831           20.880           19.200         86.47                         
      1.790         10.281          109.951                18.832           20.885           19.200         86.56                         
      1.800         10.280          109.951                18.834           20.890           19.200         86.66                         
      1.810         10.279          109.951                18.835           20.895           19.200         86.74                         
      1.820         10.278          109.951                18.836           20.899           19.200         86.83                         
      1.830         10.278          109.951                18.837           20.904           19.200         86.91                         
      1.840         10.277          109.951                18.838           20.908           19.200         86.99                         
      1.850         10.276          109.951                18.839           20.911           19.200         87.06                         
      1.860         10.276          109.951                18.840           20.915           19.200         87.13                         
      1.870         10.275          109.950                18.841           20.918           19.200         87.19                         
      1.880         10.274          109.950                18.842           20.921           19.200         87.26                         
      1.890         10.274          109.950                18.842           20.924           19.200         87.31                         
      1.900         10.273          109.950                18.843           20.927           19.200         87.37                         
      1.910         10.273          109.950                18.844           20.929           19.200         87.42                         
      1.920         10.273          109.950                18.844           20.932           19.200         87.47                         
      1.930         10.272          109.950                18.845           20.934           19.200         87.51                         
      1.940         10.272          109.950                18.845           20.936           19.200         87.55                         
      1.950         10.271          109.950                18.845           20.937           19.200         87.59                         
      1.960         10.271          109.950                18.846           20.939           19.200         87.62                         
      1.970         10.271          109.950                18.846           20.940           19.200         87.65                         
      1.980         10.271          109.950                18.846           20.941           19.200         87.67                         
      1.990         10.270          109.950                18.846           20.942           19.200         87.69                         
      2.000         10.270          109.950                18.847           20.943           19.200         87.71                         

