  ¬рем€            U                U                Pij              –г               –т г             ”гол рот         ќтн угол U       
                   601              1002             1001             601              601              601              601              
                                                     1002                                                                                 
                                                     1                                                                                    

                    10.500          110.000                 8.918           19.100           19.100         54.08                         
      0.010         10.500          110.000                 8.918           19.100           19.100         54.08                         
      0.020         10.500          110.000                 8.918           19.100           19.100         54.08                         
      0.030         10.500          110.000                 8.918           19.100           19.100         54.08                         
      0.040         10.500          110.000                 8.918           19.100           19.100         54.08                         
      0.050         10.500          110.000                 8.918           19.100           19.100         54.08                         
      0.060         10.500          110.000                 8.918           19.100           19.100         54.08                         
      0.070         10.500          110.000                 8.918           19.100           19.100         54.08                         
      0.080         10.500          110.000                 8.918           19.100           19.100         54.08                         
      0.090         10.500          110.000                 8.918           19.100           19.100         54.08                         
      0.100         10.500          110.000                 8.918           19.100           19.100         54.08                         
      0.110         10.500          110.000                 8.918           19.100           19.100         54.08                         
      0.120         10.500          110.000                 8.918           19.100           19.100         54.08                         
      0.130         10.500          110.000                 8.918           19.100           19.100         54.08                         
      0.140         10.500          110.000                 8.918           19.100           19.100         54.08                         
      0.150         10.500          110.000                 8.918           19.100           19.100         54.08                         
      0.160         10.500          110.000                 8.918           19.100           19.100         54.08                         
      0.170         10.500          110.000                 8.918           19.100           19.100         54.08                         
      0.180         10.500          110.000                 8.918           19.100           19.100         54.08                         
      0.190         10.500          110.000                 8.918           19.100           19.100         54.08                         
      0.200         10.500          110.000                 8.918           19.100           19.100         54.08                         
      0.200         10.544          109.997                15.400           16.311           19.100         54.08                         
      0.210         10.543          109.997                15.400           16.312           19.100         54.09                         
      0.220         10.543          109.997                15.402           16.314           19.100         54.10                         
      0.230         10.543          109.997                15.405           16.318           19.100         54.11                         
      0.240         10.543          109.997                15.409           16.323           19.100         54.13                         
      0.250         10.543          109.997                15.415           16.329           19.100         54.16                         
      0.260         10.543          109.997                15.422           16.337           19.100         54.20                         
      0.270         10.542          109.997                15.430           16.346           19.100         54.24                         
      0.280         10.542          109.997                15.439           16.357           19.100         54.29                         
      0.290         10.542          109.997                15.449           16.369           19.100         54.34                         
      0.300         10.541          109.997                15.460           16.382           19.100         54.40                         
      0.310         10.541          109.997                15.473           16.396           19.100         54.47                         
      0.320         10.540          109.997                15.486           16.412           19.100         54.54                         
      0.330         10.540          109.997                15.501           16.429           19.100         54.62                         
      0.340         10.539          109.997                15.517           16.448           19.100         54.70                         
      0.350         10.539          109.997                15.533           16.467           19.100         54.79                         
      0.360         10.538          109.996                15.551           16.488           19.100         54.89                         
      0.370         10.537          109.996                15.570           16.510           19.100         54.99                         
      0.380         10.537          109.996                15.590           16.533           19.100         55.10                         
      0.390         10.536          109.996                15.610           16.557           19.100         55.21                         
      0.400         10.535          109.996                15.632           16.583           19.100         55.33                         
      0.410         10.534          109.996                15.655           16.609           19.100         55.45                         
      0.420         10.533          109.996                15.678           16.637           19.100         55.58                         
      0.430         10.532          109.995                15.703           16.665           19.100         55.72                         
      0.440         10.531          109.995                15.728           16.695           19.100         55.86                         
      0.450         10.530          109.995                15.754           16.726           19.100         56.00                         
      0.460         10.529          109.995                15.781           16.757           19.100         56.15                         
      0.470         10.528          109.995                15.809           16.790           19.100         56.31                         
      0.480         10.527          109.994                15.837           16.823           19.100         56.47                         
      0.490         10.526          109.994                15.867           16.858           19.100         56.63                         
      0.500         10.525          109.994                15.897           16.893           19.100         56.80                         
      0.510         10.524          109.994                15.927           16.929           19.100         56.97                         
      0.520         10.522          109.993                15.958           16.966           19.100         57.15                         
      0.530         10.521          109.993                15.990           17.004           19.100         57.33                         
      0.540         10.520          109.993                16.023           17.042           19.100         57.52                         
      0.550         10.518          109.993                16.056           17.081           19.100         57.71                         
      0.560         10.517          109.992                16.090           17.121           19.100         57.91                         
      0.570         10.515          109.992                16.124           17.162           19.100         58.11                         
      0.580         10.514          109.992                16.158           17.203           19.100         58.31                         
      0.590         10.513          109.992                16.193           17.245           19.100         58.52                         
      0.600         10.511          109.991                16.229           17.287           19.100         58.73                         
      0.610         10.509          109.991                16.265           17.330           19.100         58.95                         
      0.620         10.508          109.991                16.301           17.374           19.100         59.17                         
      0.630         10.506          109.990                16.338           17.418           19.100         59.39                         
      0.640         10.505          109.990                16.375           17.462           19.100         59.62                         
      0.650         10.503          109.990                16.412           17.507           19.100         59.85                         
      0.660         10.501          109.989                16.450           17.552           19.100         60.08                         
      0.670         10.499          109.989                16.488           17.598           19.100         60.32                         
      0.680         10.498          109.989                16.526           17.644           19.100         60.56                         
      0.690         10.496          109.988                16.564           17.690           19.100         60.80                         
      0.700         10.494          109.988                16.602           17.736           19.100         61.05                         
      0.710         10.492          109.988                16.641           17.783           19.100         61.30                         
      0.720         10.490          109.987                16.679           17.830           19.100         61.55                         
      0.730         10.488          109.987                16.718           17.877           19.100         61.80                         
      0.740         10.486          109.987                16.756           17.924           19.100         62.06                         
      0.750         10.484          109.986                16.795           17.971           19.100         62.32                         
      0.760         10.482          109.986                16.834           18.019           19.100         62.58                         
      0.770         10.480          109.986                16.872           18.066           19.100         62.84                         
      0.780         10.478          109.985                16.911           18.114           19.100         63.10                         
      0.790         10.476          109.985                16.950           18.161           19.100         63.37                         
      0.800         10.474          109.985                16.988           18.209           19.100         63.64                         
      0.810         10.472          109.984                17.026           18.256           19.100         63.91                         
      0.820         10.470          109.984                17.064           18.304           19.100         64.18                         
      0.830         10.468          109.983                17.102           18.351           19.100         64.46                         
      0.840         10.466          109.983                17.140           18.398           19.100         64.73                         
      0.850         10.464          109.983                17.178           18.445           19.100         65.01                         
      0.860         10.461          109.982                17.215           18.492           19.100         65.29                         
      0.870         10.459          109.982                17.252           18.539           19.100         65.57                         
      0.880         10.457          109.981                17.289           18.585           19.100         65.85                         
      0.890         10.455          109.981                17.326           18.632           19.100         66.13                         
      0.900         10.453          109.981                17.362           18.678           19.100         66.41                         
      0.910         10.450          109.980                17.398           18.723           19.100         66.69                         
      0.920         10.448          109.980                17.433           18.769           19.100         66.97                         
      0.930         10.446          109.979                17.468           18.814           19.100         67.26                         
      0.940         10.444          109.979                17.503           18.859           19.100         67.54                         
      0.950         10.441          109.979                17.538           18.903           19.100         67.83                         
      0.960         10.439          109.978                17.572           18.947           19.100         68.11                         
      0.970         10.437          109.978                17.605           18.991           19.100         68.40                         
      0.980         10.434          109.977                17.639           19.034           19.100         68.68                         
      0.990         10.432          109.977                17.671           19.077           19.100         68.96                         
      1.000         10.430          109.977                17.704           19.119           19.100         69.25                         
      1.010         10.427          109.976                17.736           19.161           19.100         69.53                         
      1.020         10.425          109.976                17.767           19.202           19.100         69.82                         
      1.030         10.423          109.975                17.798           19.243           19.100         70.10                         
      1.040         10.420          109.975                17.828           19.284           19.100         70.39                         
      1.050         10.418          109.974                17.858           19.324           19.100         70.67                         
      1.060         10.416          109.974                17.888           19.363           19.100         70.95                         
      1.070         10.413          109.974                17.917           19.402           19.100         71.23                         
      1.080         10.411          109.973                17.945           19.441           19.100         71.51                         
      1.090         10.409          109.973                17.973           19.479           19.100         71.79                         
      1.100         10.406          109.972                18.000           19.516           19.100         72.07                         
      1.110         10.404          109.972                18.027           19.553           19.100         72.35                         
      1.120         10.402          109.972                18.053           19.589           19.100         72.63                         
      1.130         10.399          109.971                18.079           19.625           19.100         72.90                         
      1.140         10.397          109.971                18.104           19.660           19.100         73.18                         
      1.150         10.395          109.970                18.129           19.695           19.100         73.45                         
      1.160         10.392          109.970                18.153           19.729           19.100         73.72                         
      1.170         10.390          109.970                18.177           19.762           19.100         73.99                         
      1.180         10.388          109.969                18.200           19.795           19.100         74.26                         
      1.190         10.385          109.969                18.223           19.827           19.100         74.53                         
      1.200         10.383          109.968                18.245           19.859           19.100         74.79                         
      1.210         10.381          109.968                18.266           19.890           19.100         75.05                         
      1.220         10.379          109.968                18.287           19.921           19.100         75.32                         
      1.230         10.376          109.967                18.308           19.951           19.100         75.57                         
      1.240         10.374          109.967                18.328           19.980           19.100         75.83                         
      1.250         10.372          109.966                18.347           20.009           19.100         76.09                         
      1.260         10.370          109.966                18.366           20.037           19.100         76.34                         
      1.270         10.367          109.966                18.384           20.065           19.100         76.59                         
      1.280         10.365          109.965                18.402           20.092           19.100         76.84                         
      1.290         10.363          109.965                18.419           20.118           19.100         77.09                         
      1.300         10.361          109.965                18.436           20.144           19.100         77.33                         
      1.310         10.359          109.964                18.453           20.169           19.100         77.57                         
      1.320         10.357          109.964                18.469           20.194           19.100         77.81                         
      1.330         10.355          109.964                18.484           20.218           19.100         78.05                         
      1.340         10.353          109.963                18.499           20.242           19.100         78.29                         
      1.350         10.351          109.963                18.513           20.265           19.100         78.52                         
      1.360         10.349          109.963                18.527           20.287           19.100         78.75                         
      1.370         10.347          109.962                18.541           20.309           19.100         78.98                         
      1.380         10.345          109.962                18.554           20.331           19.100         79.20                         
      1.390         10.343          109.962                18.567           20.352           19.100         79.42                         
      1.400         10.341          109.961                18.579           20.372           19.100         79.64                         
      1.410         10.339          109.961                18.591           20.392           19.100         79.86                         
      1.420         10.337          109.961                18.602           20.411           19.100         80.07                         
      1.430         10.335          109.960                18.613           20.430           19.100         80.28                         
      1.440         10.333          109.960                18.624           20.448           19.100         80.49                         
      1.450         10.331          109.960                18.634           20.466           19.100         80.69                         
      1.460         10.329          109.959                18.644           20.483           19.100         80.89                         
      1.470         10.328          109.959                18.653           20.500           19.100         81.09                         
      1.480         10.326          109.959                18.662           20.516           19.100         81.28                         
      1.490         10.324          109.958                18.671           20.532           19.100         81.47                         
      1.500         10.323          109.958                18.679           20.548           19.100         81.66                         
      1.510         10.321          109.958                18.687           20.563           19.100         81.85                         
      1.520         10.319          109.958                18.695           20.577           19.100         82.03                         
      1.530         10.318          109.957                18.702           20.591           19.100         82.21                         
      1.540         10.316          109.957                18.709           20.605           19.100         82.39                         
      1.550         10.314          109.957                18.716           20.618           19.100         82.56                         
      1.560         10.313          109.957                18.723           20.631           19.100         82.73                         
      1.570         10.311          109.956                18.729           20.643           19.100         82.89                         
      1.580         10.310          109.956                18.735           20.655           19.100         83.05                         
      1.590         10.309          109.956                18.740           20.667           19.100         83.21                         
      1.600         10.307          109.956                18.746           20.678           19.100         83.37                         
      1.610         10.306          109.955                18.751           20.689           19.100         83.52                         
      1.620         10.304          109.955                18.756           20.699           19.100         83.67                         
      1.630         10.303          109.955                18.760           20.710           19.100         83.81                         
      1.640         10.302          109.955                18.765           20.719           19.100         83.95                         
      1.650         10.301          109.955                18.769           20.729           19.100         84.09                         
      1.660         10.299          109.954                18.773           20.738           19.100         84.23                         
      1.670         10.298          109.954                18.777           20.746           19.100         84.36                         
      1.680         10.297          109.954                18.780           20.755           19.100         84.48                         
      1.690         10.296          109.954                18.784           20.763           19.100         84.61                         
      1.700         10.295          109.954                18.787           20.770           19.100         84.73                         
      1.710         10.294          109.953                18.790           20.778           19.100         84.84                         
      1.720         10.293          109.953                18.793           20.785           19.100         84.96                         
      1.730         10.292          109.953                18.796           20.792           19.100         85.07                         
      1.740         10.291          109.953                18.798           20.798           19.100         85.17                         
      1.750         10.290          109.953                18.801           20.804           19.100         85.27                         
      1.760         10.289          109.953                18.803           20.810           19.100         85.37                         
      1.770         10.288          109.952                18.805           20.816           19.100         85.46                         
      1.780         10.287          109.952                18.807           20.821           19.100         85.55                         
      1.790         10.286          109.952                18.809           20.827           19.100         85.64                         
      1.800         10.286          109.952                18.810           20.831           19.100         85.72                         
      1.810         10.285          109.952                18.812           20.836           19.100         85.80                         
      1.820         10.284          109.952                18.814           20.840           19.100         85.88                         
      1.830         10.284          109.952                18.815           20.844           19.100         85.95                         
      1.840         10.283          109.952                18.816           20.848           19.100         86.02                         
      1.850         10.282          109.952                18.818           20.852           19.100         86.08                         
      1.860         10.282          109.951                18.819           20.855           19.100         86.14                         
      1.870         10.281          109.951                18.820           20.858           19.100         86.20                         
      1.880         10.281          109.951                18.821           20.861           19.100         86.25                         
      1.890         10.280          109.951                18.821           20.864           19.100         86.30                         
      1.900         10.280          109.951                18.822           20.867           19.100         86.34                         
      1.910         10.280          109.951                18.823           20.869           19.100         86.39                         
      1.920         10.279          109.951                18.824           20.871           19.100         86.42                         
      1.930         10.279          109.951                18.824           20.873           19.100         86.46                         
      1.940         10.279          109.951                18.825           20.874           19.100         86.49                         
      1.950         10.278          109.951                18.825           20.876           19.100         86.51                         
      1.960         10.278          109.951                18.825           20.877           19.100         86.53                         
      1.970         10.278          109.951                18.826           20.878           19.100         86.55                         
      1.980         10.278          109.951                18.826           20.879           19.100         86.57                         
      1.990         10.278          109.951                18.826           20.879           19.100         86.58                         
      2.000         10.278          109.951                18.826           20.879           19.100         86.58                         

