  ¬рем€            U                U                Pij              –г               –т г             ”гол рот         ќтн угол U       
                   601              1002             1001             601              601              601              601              
                                                     1002                                                                                 
                                                     1                                                                                    

                    10.500          110.000                 8.876           19.000           19.000         53.72                         
      0.010         10.500          110.000                 8.876           19.000           19.000         53.72                         
      0.020         10.500          110.000                 8.876           19.000           19.000         53.72                         
      0.030         10.500          110.000                 8.876           19.000           19.000         53.72                         
      0.040         10.500          110.000                 8.876           19.000           19.000         53.72                         
      0.050         10.500          110.000                 8.876           19.000           19.000         53.72                         
      0.060         10.500          110.000                 8.876           19.000           19.000         53.72                         
      0.070         10.500          110.000                 8.876           19.000           19.000         53.72                         
      0.080         10.500          110.000                 8.876           19.000           19.000         53.72                         
      0.090         10.500          110.000                 8.876           19.000           19.000         53.72                         
      0.100         10.500          110.000                 8.876           19.000           19.000         53.72                         
      0.110         10.500          110.000                 8.876           19.000           19.000         53.72                         
      0.120         10.500          110.000                 8.876           19.000           19.000         53.72                         
      0.130         10.500          110.000                 8.876           19.000           19.000         53.72                         
      0.140         10.500          110.000                 8.876           19.000           19.000         53.72                         
      0.150         10.500          110.000                 8.876           19.000           19.000         53.72                         
      0.160         10.500          110.000                 8.876           19.000           19.000         53.72                         
      0.170         10.500          110.000                 8.876           19.000           19.000         53.72                         
      0.180         10.500          110.000                 8.876           19.000           19.000         53.72                         
      0.190         10.500          110.000                 8.876           19.000           19.000         53.72                         
      0.200         10.500          110.000                 8.876           19.000           19.000         53.72                         
      0.200         10.543          109.997                15.325           16.225           19.000         53.72                         
      0.210         10.543          109.997                15.326           16.226           19.000         53.72                         
      0.220         10.543          109.997                15.328           16.228           19.000         53.73                         
      0.230         10.543          109.997                15.331           16.232           19.000         53.75                         
      0.240         10.543          109.997                15.335           16.237           19.000         53.77                         
      0.250         10.542          109.997                15.341           16.243           19.000         53.80                         
      0.260         10.542          109.997                15.347           16.251           19.000         53.83                         
      0.270         10.542          109.997                15.355           16.260           19.000         53.88                         
      0.280         10.542          109.997                15.364           16.271           19.000         53.92                         
      0.290         10.541          109.997                15.375           16.283           19.000         53.98                         
      0.300         10.541          109.997                15.386           16.296           19.000         54.04                         
      0.310         10.540          109.997                15.398           16.311           19.000         54.10                         
      0.320         10.540          109.997                15.412           16.326           19.000         54.18                         
      0.330         10.539          109.997                15.427           16.343           19.000         54.25                         
      0.340         10.539          109.997                15.443           16.362           19.000         54.34                         
      0.350         10.538          109.996                15.459           16.381           19.000         54.43                         
      0.360         10.538          109.996                15.477           16.402           19.000         54.52                         
      0.370         10.537          109.996                15.496           16.424           19.000         54.62                         
      0.380         10.536          109.996                15.516           16.447           19.000         54.73                         
      0.390         10.535          109.996                15.537           16.472           19.000         54.84                         
      0.400         10.535          109.996                15.559           16.497           19.000         54.96                         
      0.410         10.534          109.996                15.581           16.524           19.000         55.08                         
      0.420         10.533          109.995                15.605           16.551           19.000         55.21                         
      0.430         10.532          109.995                15.629           16.580           19.000         55.34                         
      0.440         10.531          109.995                15.655           16.610           19.000         55.48                         
      0.450         10.530          109.995                15.681           16.640           19.000         55.63                         
      0.460         10.529          109.995                15.708           16.672           19.000         55.78                         
      0.470         10.528          109.995                15.736           16.705           19.000         55.93                         
      0.480         10.527          109.994                15.765           16.738           19.000         56.09                         
      0.490         10.526          109.994                15.794           16.773           19.000         56.25                         
      0.500         10.525          109.994                15.824           16.808           19.000         56.42                         
      0.510         10.523          109.994                15.855           16.844           19.000         56.59                         
      0.520         10.522          109.993                15.886           16.881           19.000         56.77                         
      0.530         10.521          109.993                15.918           16.919           19.000         56.95                         
      0.540         10.519          109.993                15.951           16.958           19.000         57.14                         
      0.550         10.518          109.993                15.984           16.997           19.000         57.33                         
      0.560         10.517          109.992                16.018           17.037           19.000         57.52                         
      0.570         10.515          109.992                16.052           17.078           19.000         57.72                         
      0.580         10.514          109.992                16.087           17.119           19.000         57.93                         
      0.590         10.512          109.992                16.122           17.161           19.000         58.13                         
      0.600         10.511          109.991                16.158           17.203           19.000         58.34                         
      0.610         10.509          109.991                16.194           17.247           19.000         58.56                         
      0.620         10.508          109.991                16.231           17.290           19.000         58.78                         
      0.630         10.506          109.990                16.268           17.334           19.000         59.00                         
      0.640         10.504          109.990                16.305           17.379           19.000         59.22                         
      0.650         10.503          109.990                16.342           17.424           19.000         59.45                         
      0.660         10.501          109.989                16.380           17.469           19.000         59.69                         
      0.670         10.499          109.989                16.418           17.515           19.000         59.92                         
      0.680         10.498          109.989                16.456           17.561           19.000         60.16                         
      0.690         10.496          109.988                16.495           17.607           19.000         60.40                         
      0.700         10.494          109.988                16.533           17.654           19.000         60.64                         
      0.710         10.492          109.988                16.572           17.700           19.000         60.89                         
      0.720         10.490          109.987                16.611           17.747           19.000         61.14                         
      0.730         10.488          109.987                16.650           17.795           19.000         61.39                         
      0.740         10.487          109.987                16.688           17.842           19.000         61.65                         
      0.750         10.485          109.986                16.727           17.889           19.000         61.90                         
      0.760         10.483          109.986                16.766           17.937           19.000         62.16                         
      0.770         10.481          109.986                16.805           17.985           19.000         62.42                         
      0.780         10.479          109.985                16.844           18.032           19.000         62.68                         
      0.790         10.477          109.985                16.883           18.080           19.000         62.95                         
      0.800         10.475          109.985                16.922           18.128           19.000         63.22                         
      0.810         10.473          109.984                16.960           18.175           19.000         63.49                         
      0.820         10.470          109.984                16.999           18.223           19.000         63.76                         
      0.830         10.468          109.983                17.037           18.271           19.000         64.03                         
      0.840         10.466          109.983                17.075           18.318           19.000         64.30                         
      0.850         10.464          109.983                17.113           18.365           19.000         64.57                         
      0.860         10.462          109.982                17.151           18.412           19.000         64.85                         
      0.870         10.460          109.982                17.188           18.459           19.000         65.13                         
      0.880         10.458          109.981                17.225           18.506           19.000         65.40                         
      0.890         10.455          109.981                17.262           18.552           19.000         65.68                         
      0.900         10.453          109.981                17.298           18.598           19.000         65.96                         
      0.910         10.451          109.980                17.335           18.644           19.000         66.24                         
      0.920         10.449          109.980                17.371           18.690           19.000         66.52                         
      0.930         10.447          109.979                17.406           18.735           19.000         66.80                         
      0.940         10.444          109.979                17.441           18.780           19.000         67.08                         
      0.950         10.442          109.979                17.476           18.825           19.000         67.37                         
      0.960         10.440          109.978                17.511           18.869           19.000         67.65                         
      0.970         10.437          109.978                17.544           18.913           19.000         67.93                         
      0.980         10.435          109.977                17.578           18.956           19.000         68.21                         
      0.990         10.433          109.977                17.611           18.999           19.000         68.49                         
      1.000         10.431          109.977                17.644           19.042           19.000         68.78                         
      1.010         10.428          109.976                17.676           19.084           19.000         69.06                         
      1.020         10.426          109.976                17.708           19.126           19.000         69.34                         
      1.030         10.424          109.975                17.739           19.167           19.000         69.62                         
      1.040         10.421          109.975                17.770           19.208           19.000         69.90                         
      1.050         10.419          109.975                17.800           19.248           19.000         70.18                         
      1.060         10.417          109.974                17.830           19.288           19.000         70.46                         
      1.070         10.414          109.974                17.859           19.327           19.000         70.74                         
      1.080         10.412          109.973                17.888           19.366           19.000         71.01                         
      1.090         10.410          109.973                17.917           19.404           19.000         71.29                         
      1.100         10.408          109.973                17.944           19.442           19.000         71.57                         
      1.110         10.405          109.972                17.972           19.479           19.000         71.84                         
      1.120         10.403          109.972                17.998           19.515           19.000         72.11                         
      1.130         10.401          109.971                18.025           19.551           19.000         72.39                         
      1.140         10.398          109.971                18.050           19.587           19.000         72.66                         
      1.150         10.396          109.971                18.075           19.622           19.000         72.93                         
      1.160         10.394          109.970                18.100           19.656           19.000         73.19                         
      1.170         10.392          109.970                18.124           19.690           19.000         73.46                         
      1.180         10.389          109.969                18.148           19.723           19.000         73.72                         
      1.190         10.387          109.969                18.171           19.755           19.000         73.99                         
      1.200         10.385          109.969                18.193           19.787           19.000         74.25                         
      1.210         10.383          109.968                18.215           19.819           19.000         74.51                         
      1.220         10.380          109.968                18.236           19.849           19.000         74.76                         
      1.230         10.378          109.968                18.257           19.880           19.000         75.02                         
      1.240         10.376          109.967                18.278           19.909           19.000         75.27                         
      1.250         10.374          109.967                18.298           19.938           19.000         75.52                         
      1.260         10.372          109.966                18.317           19.967           19.000         75.77                         
      1.270         10.370          109.966                18.336           19.995           19.000         76.02                         
      1.280         10.367          109.966                18.354           20.022           19.000         76.26                         
      1.290         10.365          109.965                18.372           20.049           19.000         76.51                         
      1.300         10.363          109.965                18.389           20.075           19.000         76.75                         
      1.310         10.361          109.965                18.406           20.100           19.000         76.98                         
      1.320         10.359          109.964                18.422           20.125           19.000         77.22                         
      1.330         10.357          109.964                18.438           20.150           19.000         77.45                         
      1.340         10.355          109.964                18.454           20.173           19.000         77.68                         
      1.350         10.353          109.963                18.468           20.197           19.000         77.91                         
      1.360         10.351          109.963                18.483           20.220           19.000         78.13                         
      1.370         10.349          109.963                18.497           20.242           19.000         78.35                         
      1.380         10.347          109.962                18.511           20.263           19.000         78.57                         
      1.390         10.345          109.962                18.524           20.285           19.000         78.79                         
      1.400         10.343          109.962                18.536           20.305           19.000         79.00                         
      1.410         10.341          109.961                18.549           20.325           19.000         79.21                         
      1.420         10.340          109.961                18.560           20.345           19.000         79.42                         
      1.430         10.338          109.961                18.572           20.364           19.000         79.62                         
      1.440         10.336          109.960                18.583           20.382           19.000         79.82                         
      1.450         10.334          109.960                18.594           20.400           19.000         80.02                         
      1.460         10.333          109.960                18.604           20.418           19.000         80.22                         
      1.470         10.331          109.959                18.614           20.435           19.000         80.41                         
      1.480         10.329          109.959                18.623           20.451           19.000         80.60                         
      1.490         10.327          109.959                18.632           20.468           19.000         80.78                         
      1.500         10.326          109.959                18.641           20.483           19.000         80.97                         
      1.510         10.324          109.958                18.650           20.498           19.000         81.15                         
      1.520         10.323          109.958                18.658           20.513           19.000         81.32                         
      1.530         10.321          109.958                18.666           20.527           19.000         81.49                         
      1.540         10.320          109.958                18.673           20.541           19.000         81.66                         
      1.550         10.318          109.957                18.680           20.554           19.000         81.83                         
      1.560         10.317          109.957                18.687           20.567           19.000         81.99                         
      1.570         10.315          109.957                18.694           20.580           19.000         82.15                         
      1.580         10.314          109.957                18.700           20.592           19.000         82.31                         
      1.590         10.312          109.956                18.706           20.604           19.000         82.46                         
      1.600         10.311          109.956                18.712           20.615           19.000         82.61                         
      1.610         10.310          109.956                18.717           20.626           19.000         82.75                         
      1.620         10.308          109.956                18.723           20.637           19.000         82.89                         
      1.630         10.307          109.956                18.728           20.647           19.000         83.03                         
      1.640         10.306          109.955                18.733           20.657           19.000         83.16                         
      1.650         10.305          109.955                18.737           20.666           19.000         83.30                         
      1.660         10.304          109.955                18.741           20.675           19.000         83.42                         
      1.670         10.303          109.955                18.746           20.684           19.000         83.55                         
      1.680         10.301          109.955                18.750           20.692           19.000         83.67                         
      1.690         10.300          109.954                18.753           20.700           19.000         83.78                         
      1.700         10.299          109.954                18.757           20.708           19.000         83.89                         
      1.710         10.298          109.954                18.760           20.716           19.000         84.00                         
      1.720         10.297          109.954                18.763           20.723           19.000         84.11                         
      1.730         10.297          109.954                18.766           20.729           19.000         84.21                         
      1.740         10.296          109.954                18.769           20.736           19.000         84.30                         
      1.750         10.295          109.954                18.772           20.742           19.000         84.40                         
      1.760         10.294          109.953                18.774           20.748           19.000         84.49                         
      1.770         10.293          109.953                18.777           20.754           19.000         84.57                         
      1.780         10.292          109.953                18.779           20.759           19.000         84.65                         
      1.790         10.292          109.953                18.781           20.764           19.000         84.73                         
      1.800         10.291          109.953                18.783           20.769           19.000         84.81                         
      1.810         10.290          109.953                18.785           20.773           19.000         84.88                         
      1.820         10.290          109.953                18.786           20.777           19.000         84.94                         
      1.830         10.289          109.953                18.788           20.781           19.000         85.01                         
      1.840         10.289          109.953                18.789           20.785           19.000         85.07                         
      1.850         10.288          109.952                18.791           20.788           19.000         85.12                         
      1.860         10.288          109.952                18.792           20.791           19.000         85.17                         
      1.870         10.287          109.952                18.793           20.794           19.000         85.22                         
      1.880         10.287          109.952                18.794           20.797           19.000         85.26                         
      1.890         10.287          109.952                18.795           20.799           19.000         85.30                         
      1.900         10.286          109.952                18.796           20.802           19.000         85.34                         
      1.910         10.286          109.952                18.797           20.804           19.000         85.37                         
      1.920         10.286          109.952                18.797           20.805           19.000         85.40                         
      1.930         10.285          109.952                18.798           20.807           19.000         85.42                         
      1.940         10.285          109.952                18.798           20.808           19.000         85.44                         
      1.950         10.285          109.952                18.799           20.809           19.000         85.46                         
      1.960         10.285          109.952                18.799           20.810           19.000         85.47                         
      1.970         10.285          109.952                18.799           20.810           19.000         85.48                         
      1.980         10.285          109.952                18.799           20.810           19.000         85.48                         
      1.990         10.285          109.952                18.799           20.810           19.000         85.48                         
      2.000         10.285          109.952                18.799           20.810           19.000         85.48                         

