  ¬рем€            U                U                Pij              –г               –т г             ”гол рот         ќтн угол U       
                   601              1002             1001             601              601              601              601              
                                                     1002                                                                                 
                                                     1                                                                                    

                    10.500          110.000                 8.707           18.600           18.600         52.28                         
      0.010         10.500          110.000                 8.707           18.600           18.600         52.28                         
      0.020         10.500          110.000                 8.707           18.600           18.600         52.28                         
      0.030         10.500          110.000                 8.707           18.600           18.600         52.28                         
      0.040         10.500          110.000                 8.707           18.600           18.600         52.28                         
      0.050         10.500          110.000                 8.707           18.600           18.600         52.28                         
      0.060         10.500          110.000                 8.707           18.600           18.600         52.28                         
      0.070         10.500          110.000                 8.707           18.600           18.600         52.28                         
      0.080         10.500          110.000                 8.707           18.600           18.600         52.28                         
      0.090         10.500          110.000                 8.707           18.600           18.600         52.28                         
      0.100         10.500          110.000                 8.707           18.600           18.600         52.28                         
      0.110         10.500          110.000                 8.707           18.600           18.600         52.28                         
      0.120         10.500          110.000                 8.707           18.600           18.600         52.28                         
      0.130         10.500          110.000                 8.707           18.600           18.600         52.28                         
      0.140         10.500          110.000                 8.707           18.600           18.600         52.28                         
      0.150         10.500          110.000                 8.707           18.600           18.600         52.28                         
      0.160         10.500          110.000                 8.707           18.600           18.600         52.28                         
      0.170         10.500          110.000                 8.707           18.600           18.600         52.28                         
      0.180         10.500          110.000                 8.707           18.600           18.600         52.28                         
      0.190         10.500          110.000                 8.707           18.600           18.600         52.28                         
      0.200         10.500          110.000                 8.707           18.600           18.600         52.28                         
      0.200         10.541          109.997                15.026           15.882           18.600         52.28                         
      0.210         10.541          109.997                15.027           15.882           18.600         52.28                         
      0.220         10.541          109.997                15.029           15.885           18.600         52.29                         
      0.230         10.541          109.997                15.032           15.888           18.600         52.31                         
      0.240         10.541          109.997                15.036           15.893           18.600         52.33                         
      0.250         10.541          109.997                15.042           15.900           18.600         52.36                         
      0.260         10.540          109.997                15.049           15.908           18.600         52.39                         
      0.270         10.540          109.997                15.057           15.917           18.600         52.44                         
      0.280         10.540          109.997                15.066           15.927           18.600         52.48                         
      0.290         10.540          109.997                15.076           15.939           18.600         52.54                         
      0.300         10.539          109.997                15.088           15.953           18.600         52.59                         
      0.310         10.539          109.997                15.100           15.967           18.600         52.66                         
      0.320         10.538          109.997                15.114           15.983           18.600         52.73                         
      0.330         10.538          109.996                15.129           16.000           18.600         52.81                         
      0.340         10.537          109.996                15.145           16.019           18.600         52.89                         
      0.350         10.537          109.996                15.162           16.039           18.600         52.98                         
      0.360         10.536          109.996                15.180           16.059           18.600         53.07                         
      0.370         10.535          109.996                15.199           16.082           18.600         53.17                         
      0.380         10.535          109.996                15.219           16.105           18.600         53.27                         
      0.390         10.534          109.996                15.241           16.129           18.600         53.38                         
      0.400         10.533          109.996                15.263           16.155           18.600         53.50                         
      0.410         10.532          109.995                15.286           16.182           18.600         53.62                         
      0.420         10.532          109.995                15.310           16.209           18.600         53.74                         
      0.430         10.531          109.995                15.334           16.238           18.600         53.87                         
      0.440         10.530          109.995                15.360           16.268           18.600         54.01                         
      0.450         10.529          109.995                15.387           16.299           18.600         54.15                         
      0.460         10.528          109.994                15.414           16.331           18.600         54.29                         
      0.470         10.527          109.994                15.443           16.364           18.600         54.45                         
      0.480         10.526          109.994                15.472           16.398           18.600         54.60                         
      0.490         10.525          109.994                15.501           16.432           18.600         54.76                         
      0.500         10.524          109.994                15.532           16.468           18.600         54.93                         
      0.510         10.522          109.993                15.563           16.504           18.600         55.09                         
      0.520         10.521          109.993                15.595           16.542           18.600         55.27                         
      0.530         10.520          109.993                15.628           16.580           18.600         55.45                         
      0.540         10.519          109.993                15.661           16.619           18.600         55.63                         
      0.550         10.517          109.993                15.695           16.658           18.600         55.81                         
      0.560         10.516          109.992                15.729           16.699           18.600         56.00                         
      0.570         10.515          109.992                15.764           16.740           18.600         56.20                         
      0.580         10.513          109.992                15.799           16.781           18.600         56.40                         
      0.590         10.512          109.991                15.835           16.824           18.600         56.60                         
      0.600         10.510          109.991                15.871           16.866           18.600         56.80                         
      0.610         10.509          109.991                15.908           16.910           18.600         57.01                         
      0.620         10.507          109.991                15.945           16.954           18.600         57.23                         
      0.630         10.506          109.990                15.983           16.998           18.600         57.44                         
      0.640         10.504          109.990                16.021           17.043           18.600         57.66                         
      0.650         10.503          109.990                16.059           17.088           18.600         57.89                         
      0.660         10.501          109.989                16.098           17.134           18.600         58.11                         
      0.670         10.500          109.989                16.136           17.180           18.600         58.34                         
      0.680         10.498          109.989                16.175           17.227           18.600         58.57                         
      0.690         10.496          109.989                16.215           17.273           18.600         58.81                         
      0.700         10.494          109.988                16.254           17.321           18.600         59.04                         
      0.710         10.493          109.988                16.293           17.368           18.600         59.28                         
      0.720         10.491          109.988                16.333           17.415           18.600         59.53                         
      0.730         10.489          109.987                16.373           17.463           18.600         59.77                         
      0.740         10.487          109.987                16.413           17.511           18.600         60.02                         
      0.750         10.485          109.987                16.453           17.559           18.600         60.27                         
      0.760         10.484          109.986                16.492           17.607           18.600         60.52                         
      0.770         10.482          109.986                16.532           17.655           18.600         60.77                         
      0.780         10.480          109.985                16.572           17.704           18.600         61.03                         
      0.790         10.478          109.985                16.612           17.752           18.600         61.29                         
      0.800         10.476          109.985                16.652           17.800           18.600         61.55                         
      0.810         10.474          109.984                16.691           17.848           18.600         61.81                         
      0.820         10.472          109.984                16.731           17.897           18.600         62.07                         
      0.830         10.470          109.984                16.770           17.945           18.600         62.33                         
      0.840         10.468          109.983                16.809           17.993           18.600         62.59                         
      0.850         10.466          109.983                16.848           18.041           18.600         62.86                         
      0.860         10.464          109.983                16.887           18.088           18.600         63.13                         
      0.870         10.462          109.982                16.925           18.136           18.600         63.39                         
      0.880         10.460          109.982                16.964           18.183           18.600         63.66                         
      0.890         10.458          109.981                17.002           18.230           18.600         63.93                         
      0.900         10.456          109.981                17.039           18.277           18.600         64.20                         
      0.910         10.454          109.981                17.077           18.324           18.600         64.47                         
      0.920         10.451          109.980                17.114           18.370           18.600         64.74                         
      0.930         10.449          109.980                17.151           18.416           18.600         65.01                         
      0.940         10.447          109.980                17.187           18.462           18.600         65.28                         
      0.950         10.445          109.979                17.223           18.507           18.600         65.56                         
      0.960         10.443          109.979                17.259           18.552           18.600         65.83                         
      0.970         10.441          109.978                17.294           18.597           18.600         66.10                         
      0.980         10.439          109.978                17.329           18.641           18.600         66.37                         
      0.990         10.436          109.978                17.363           18.685           18.600         66.64                         
      1.000         10.434          109.977                17.397           18.728           18.600         66.91                         
      1.010         10.432          109.977                17.431           18.771           18.600         67.18                         
      1.020         10.430          109.976                17.464           18.814           18.600         67.45                         
      1.030         10.428          109.976                17.496           18.856           18.600         67.72                         
      1.040         10.426          109.976                17.529           18.897           18.600         67.99                         
      1.050         10.423          109.975                17.560           18.938           18.600         68.25                         
      1.060         10.421          109.975                17.592           18.979           18.600         68.52                         
      1.070         10.419          109.975                17.622           19.019           18.600         68.79                         
      1.080         10.417          109.974                17.652           19.058           18.600         69.05                         
      1.090         10.415          109.974                17.682           19.097           18.600         69.31                         
      1.100         10.413          109.973                17.711           19.136           18.600         69.58                         
      1.110         10.411          109.973                17.740           19.174           18.600         69.84                         
      1.120         10.408          109.973                17.768           19.211           18.600         70.10                         
      1.130         10.406          109.972                17.796           19.248           18.600         70.35                         
      1.140         10.404          109.972                17.823           19.284           18.600         70.61                         
      1.150         10.402          109.971                17.850           19.320           18.600         70.86                         
      1.160         10.400          109.971                17.876           19.355           18.600         71.12                         
      1.170         10.398          109.971                17.901           19.390           18.600         71.37                         
      1.180         10.396          109.970                17.926           19.424           18.600         71.62                         
      1.190         10.394          109.970                17.951           19.457           18.600         71.86                         
      1.200         10.392          109.970                17.975           19.490           18.600         72.11                         
      1.210         10.390          109.969                17.998           19.522           18.600         72.35                         
      1.220         10.388          109.969                18.021           19.554           18.600         72.59                         
      1.230         10.385          109.969                18.044           19.585           18.600         72.83                         
      1.240         10.383          109.968                18.066           19.615           18.600         73.07                         
      1.250         10.381          109.968                18.087           19.645           18.600         73.31                         
      1.260         10.380          109.968                18.108           19.674           18.600         73.54                         
      1.270         10.378          109.967                18.128           19.703           18.600         73.77                         
      1.280         10.376          109.967                18.148           19.731           18.600         73.99                         
      1.290         10.374          109.967                18.167           19.758           18.600         74.22                         
      1.300         10.372          109.966                18.186           19.785           18.600         74.44                         
      1.310         10.370          109.966                18.205           19.812           18.600         74.66                         
      1.320         10.368          109.966                18.222           19.837           18.600         74.88                         
      1.330         10.366          109.965                18.240           19.862           18.600         75.09                         
      1.340         10.364          109.965                18.257           19.887           18.600         75.30                         
      1.350         10.363          109.965                18.273           19.911           18.600         75.51                         
      1.360         10.361          109.964                18.289           19.935           18.600         75.71                         
      1.370         10.359          109.964                18.305           19.957           18.600         75.92                         
      1.380         10.357          109.964                18.320           19.980           18.600         76.12                         
      1.390         10.356          109.963                18.334           20.002           18.600         76.31                         
      1.400         10.354          109.963                18.348           20.023           18.600         76.51                         
      1.410         10.352          109.963                18.362           20.043           18.600         76.69                         
      1.420         10.351          109.963                18.375           20.064           18.600         76.88                         
      1.430         10.349          109.962                18.388           20.083           18.600         77.06                         
      1.440         10.347          109.962                18.401           20.102           18.600         77.24                         
      1.450         10.346          109.962                18.413           20.121           18.600         77.42                         
      1.460         10.344          109.962                18.424           20.139           18.600         77.59                         
      1.470         10.343          109.961                18.436           20.156           18.600         77.76                         
      1.480         10.341          109.961                18.447           20.173           18.600         77.93                         
      1.490         10.340          109.961                18.457           20.190           18.600         78.09                         
      1.500         10.339          109.961                18.467           20.206           18.600         78.25                         
      1.510         10.337          109.960                18.477           20.221           18.600         78.41                         
      1.520         10.336          109.960                18.486           20.236           18.600         78.56                         
      1.530         10.335          109.960                18.495           20.251           18.600         78.71                         
      1.540         10.333          109.960                18.504           20.265           18.600         78.86                         
      1.550         10.332          109.959                18.512           20.279           18.600         79.00                         
      1.560         10.331          109.959                18.521           20.292           18.600         79.14                         
      1.570         10.330          109.959                18.528           20.305           18.600         79.27                         
      1.580         10.328          109.959                18.536           20.317           18.600         79.40                         
      1.590         10.327          109.959                18.543           20.329           18.600         79.53                         
      1.600         10.326          109.959                18.550           20.340           18.600         79.65                         
      1.610         10.325          109.958                18.556           20.351           18.600         79.77                         
      1.620         10.324          109.958                18.562           20.362           18.600         79.88                         
      1.630         10.323          109.958                18.568           20.372           18.600         80.00                         
      1.640         10.322          109.958                18.574           20.381           18.600         80.10                         
      1.650         10.321          109.958                18.579           20.391           18.600         80.21                         
      1.660         10.320          109.958                18.585           20.399           18.600         80.31                         
      1.670         10.320          109.957                18.590           20.408           18.600         80.40                         
      1.680         10.319          109.957                18.594           20.416           18.600         80.49                         
      1.690         10.318          109.957                18.599           20.424           18.600         80.58                         
      1.700         10.317          109.957                18.603           20.431           18.600         80.67                         
      1.710         10.316          109.957                18.607           20.438           18.600         80.75                         
      1.720         10.316          109.957                18.610           20.444           18.600         80.82                         
      1.730         10.315          109.957                18.614           20.451           18.600         80.89                         
      1.740         10.315          109.957                18.617           20.456           18.600         80.96                         
      1.750         10.314          109.956                18.620           20.462           18.600         81.02                         
      1.760         10.313          109.956                18.623           20.467           18.600         81.08                         
      1.770         10.313          109.956                18.626           20.472           18.600         81.14                         
      1.780         10.312          109.956                18.628           20.476           18.600         81.19                         
      1.790         10.312          109.956                18.630           20.480           18.600         81.24                         
      1.800         10.312          109.956                18.632           20.483           18.600         81.28                         
      1.810         10.311          109.956                18.634           20.487           18.600         81.32                         
      1.820         10.311          109.956                18.636           20.490           18.600         81.36                         
      1.830         10.311          109.956                18.637           20.492           18.600         81.39                         
      1.840         10.310          109.956                18.638           20.494           18.600         81.42                         
      1.850         10.310          109.956                18.639           20.496           18.600         81.44                         
      1.860         10.310          109.956                18.640           20.498           18.600         81.46                         
      1.870         10.310          109.956                18.641           20.499           18.600         81.47                         
      1.880         10.310          109.956                18.641           20.500           18.600         81.48                         
      1.890         10.310          109.956                18.642           20.501           18.600         81.49                         
      1.900         10.310          109.956                18.642           20.501           18.600         81.49                         
      1.910         10.310          109.956                18.642           20.501           18.600         81.49                         
      1.920         10.310          109.956                18.641           20.500           18.600         81.48                         
      1.930         10.310          109.956                18.641           20.499           18.600         81.47                         
      1.940         10.310          109.956                18.640           20.498           18.600         81.46                         
      1.950         10.310          109.956                18.640           20.497           18.600         81.44                         
      1.960         10.310          109.956                18.639           20.495           18.600         81.42                         
      1.970         10.311          109.956                18.637           20.493           18.600         81.39                         
      1.980         10.311          109.956                18.636           20.490           18.600         81.36                         
      1.990         10.311          109.956                18.634           20.487           18.600         81.33                         
      2.000         10.312          109.956                18.633           20.484           18.600         81.29                         

