  ¬рем€            U                U                Pij              –г               –т г             ”гол рот         ќтн угол U       
                   601              1002             1001             601              601              601              601              
                                                     1002                                                                                 
                                                     1                                                                                    

                    10.500          110.000                 8.537           18.200           18.200         50.87                         
      0.010         10.500          110.000                 8.537           18.200           18.200         50.87                         
      0.020         10.500          110.000                 8.537           18.200           18.200         50.87                         
      0.030         10.500          110.000                 8.537           18.200           18.200         50.87                         
      0.040         10.500          110.000                 8.537           18.200           18.200         50.87                         
      0.050         10.500          110.000                 8.537           18.200           18.200         50.87                         
      0.060         10.500          110.000                 8.537           18.200           18.200         50.87                         
      0.070         10.500          110.000                 8.537           18.200           18.200         50.87                         
      0.080         10.500          110.000                 8.537           18.200           18.200         50.87                         
      0.090         10.500          110.000                 8.537           18.200           18.200         50.87                         
      0.100         10.500          110.000                 8.537           18.200           18.200         50.87                         
      0.110         10.500          110.000                 8.537           18.200           18.200         50.87                         
      0.120         10.500          110.000                 8.537           18.200           18.200         50.87                         
      0.130         10.500          110.000                 8.537           18.200           18.200         50.87                         
      0.140         10.500          110.000                 8.537           18.200           18.200         50.87                         
      0.150         10.500          110.000                 8.537           18.200           18.200         50.87                         
      0.160         10.500          110.000                 8.537           18.200           18.200         50.87                         
      0.170         10.500          110.000                 8.537           18.200           18.200         50.87                         
      0.180         10.500          110.000                 8.537           18.200           18.200         50.87                         
      0.190         10.500          110.000                 8.537           18.200           18.200         50.87                         
      0.200         10.500          110.000                 8.537           18.200           18.200         50.87                         
      0.200         10.539          109.997                14.725           15.538           18.200         50.87                         
      0.210         10.539          109.997                14.726           15.539           18.200         50.88                         
      0.220         10.539          109.997                14.728           15.541           18.200         50.89                         
      0.230         10.539          109.997                14.731           15.545           18.200         50.90                         
      0.240         10.539          109.997                14.735           15.550           18.200         50.92                         
      0.250         10.539          109.997                14.741           15.556           18.200         50.95                         
      0.260         10.539          109.997                14.748           15.564           18.200         50.99                         
      0.270         10.538          109.997                14.756           15.573           18.200         51.03                         
      0.280         10.538          109.997                14.765           15.584           18.200         51.07                         
      0.290         10.538          109.996                14.776           15.596           18.200         51.12                         
      0.300         10.537          109.996                14.788           15.609           18.200         51.18                         
      0.310         10.537          109.996                14.800           15.624           18.200         51.24                         
      0.320         10.537          109.996                14.814           15.640           18.200         51.31                         
      0.330         10.536          109.996                14.829           15.657           18.200         51.39                         
      0.340         10.536          109.996                14.845           15.676           18.200         51.47                         
      0.350         10.535          109.996                14.863           15.695           18.200         51.55                         
      0.360         10.534          109.996                14.881           15.716           18.200         51.64                         
      0.370         10.534          109.996                14.900           15.739           18.200         51.74                         
      0.380         10.533          109.996                14.921           15.762           18.200         51.84                         
      0.390         10.533          109.995                14.942           15.787           18.200         51.95                         
      0.400         10.532          109.995                14.964           15.812           18.200         52.06                         
      0.410         10.531          109.995                14.988           15.839           18.200         52.18                         
      0.420         10.530          109.995                15.012           15.867           18.200         52.30                         
      0.430         10.529          109.995                15.037           15.896           18.200         52.43                         
      0.440         10.529          109.995                15.063           15.926           18.200         52.56                         
      0.450         10.528          109.994                15.090           15.957           18.200         52.70                         
      0.460         10.527          109.994                15.118           15.989           18.200         52.84                         
      0.470         10.526          109.994                15.146           16.022           18.200         52.99                         
      0.480         10.525          109.994                15.176           16.056           18.200         53.14                         
      0.490         10.524          109.994                15.206           16.091           18.200         53.30                         
      0.500         10.523          109.994                15.237           16.127           18.200         53.46                         
      0.510         10.521          109.993                15.268           16.163           18.200         53.63                         
      0.520         10.520          109.993                15.301           16.201           18.200         53.80                         
      0.530         10.519          109.993                15.334           16.239           18.200         53.97                         
      0.540         10.518          109.993                15.367           16.278           18.200         54.15                         
      0.550         10.517          109.992                15.401           16.318           18.200         54.33                         
      0.560         10.515          109.992                15.436           16.358           18.200         54.51                         
      0.570         10.514          109.992                15.472           16.400           18.200         54.70                         
      0.580         10.513          109.992                15.507           16.441           18.200         54.90                         
      0.590         10.512          109.991                15.544           16.484           18.200         55.10                         
      0.600         10.510          109.991                15.581           16.527           18.200         55.30                         
      0.610         10.509          109.991                15.618           16.571           18.200         55.50                         
      0.620         10.507          109.991                15.656           16.615           18.200         55.71                         
      0.630         10.506          109.990                15.694           16.660           18.200         55.92                         
      0.640         10.504          109.990                15.732           16.705           18.200         56.13                         
      0.650         10.503          109.990                15.771           16.750           18.200         56.35                         
      0.660         10.501          109.989                15.810           16.796           18.200         56.57                         
      0.670         10.500          109.989                15.850           16.843           18.200         56.79                         
      0.680         10.498          109.989                15.889           16.890           18.200         57.02                         
      0.690         10.497          109.989                15.929           16.937           18.200         57.25                         
      0.700         10.495          109.988                15.969           16.984           18.200         57.48                         
      0.710         10.493          109.988                16.009           17.032           18.200         57.71                         
      0.720         10.492          109.988                16.050           17.080           18.200         57.95                         
      0.730         10.490          109.987                16.090           17.128           18.200         58.19                         
      0.740         10.488          109.987                16.131           17.176           18.200         58.43                         
      0.750         10.486          109.987                16.171           17.224           18.200         58.67                         
      0.760         10.485          109.986                16.212           17.273           18.200         58.91                         
      0.770         10.483          109.986                16.253           17.321           18.200         59.16                         
      0.780         10.481          109.986                16.293           17.370           18.200         59.41                         
      0.790         10.479          109.985                16.334           17.419           18.200         59.66                         
      0.800         10.477          109.985                16.374           17.467           18.200         59.91                         
      0.810         10.475          109.985                16.415           17.516           18.200         60.16                         
      0.820         10.474          109.984                16.455           17.565           18.200         60.41                         
      0.830         10.472          109.984                16.495           17.613           18.200         60.67                         
      0.840         10.470          109.984                16.535           17.662           18.200         60.92                         
      0.850         10.468          109.983                16.575           17.710           18.200         61.18                         
      0.860         10.466          109.983                16.615           17.758           18.200         61.44                         
      0.870         10.464          109.982                16.654           17.806           18.200         61.70                         
      0.880         10.462          109.982                16.693           17.854           18.200         61.96                         
      0.890         10.460          109.982                16.732           17.902           18.200         62.22                         
      0.900         10.458          109.981                16.771           17.949           18.200         62.48                         
      0.910         10.456          109.981                16.809           17.996           18.200         62.74                         
      0.920         10.454          109.981                16.847           18.043           18.200         63.00                         
      0.930         10.452          109.980                16.885           18.089           18.200         63.26                         
      0.940         10.450          109.980                16.923           18.136           18.200         63.52                         
      0.950         10.448          109.980                16.960           18.182           18.200         63.78                         
      0.960         10.446          109.979                16.996           18.227           18.200         64.04                         
      0.970         10.444          109.979                17.033           18.272           18.200         64.30                         
      0.980         10.442          109.978                17.068           18.317           18.200         64.56                         
      0.990         10.440          109.978                17.104           18.361           18.200         64.82                         
      1.000         10.438          109.978                17.139           18.405           18.200         65.08                         
      1.010         10.436          109.977                17.174           18.449           18.200         65.34                         
      1.020         10.434          109.977                17.208           18.492           18.200         65.60                         
      1.030         10.432          109.977                17.242           18.534           18.200         65.86                         
      1.040         10.430          109.976                17.275           18.577           18.200         66.12                         
      1.050         10.428          109.976                17.308           18.618           18.200         66.37                         
      1.060         10.426          109.976                17.340           18.659           18.200         66.63                         
      1.070         10.424          109.975                17.372           18.700           18.200         66.88                         
      1.080         10.422          109.975                17.403           18.740           18.200         67.13                         
      1.090         10.420          109.974                17.434           18.780           18.200         67.38                         
      1.100         10.418          109.974                17.464           18.819           18.200         67.63                         
      1.110         10.416          109.974                17.494           18.857           18.200         67.88                         
      1.120         10.414          109.973                17.524           18.895           18.200         68.12                         
      1.130         10.412          109.973                17.552           18.932           18.200         68.37                         
      1.140         10.410          109.973                17.581           18.969           18.200         68.61                         
      1.150         10.408          109.972                17.608           19.006           18.200         68.85                         
      1.160         10.406          109.972                17.636           19.041           18.200         69.09                         
      1.170         10.404          109.972                17.662           19.076           18.200         69.33                         
      1.180         10.402          109.971                17.689           19.111           18.200         69.57                         
      1.190         10.400          109.971                17.714           19.145           18.200         69.80                         
      1.200         10.398          109.971                17.739           19.178           18.200         70.03                         
      1.210         10.396          109.970                17.764           19.211           18.200         70.26                         
      1.220         10.394          109.970                17.788           19.243           18.200         70.48                         
      1.230         10.392          109.970                17.812           19.274           18.200         70.71                         
      1.240         10.391          109.969                17.835           19.305           18.200         70.93                         
      1.250         10.389          109.969                17.857           19.336           18.200         71.15                         
      1.260         10.387          109.969                17.879           19.365           18.200         71.37                         
      1.270         10.385          109.968                17.901           19.394           18.200         71.58                         
      1.280         10.383          109.968                17.922           19.423           18.200         71.79                         
      1.290         10.382          109.968                17.942           19.451           18.200         72.00                         
      1.300         10.380          109.968                17.962           19.478           18.200         72.20                         
      1.310         10.378          109.967                17.981           19.505           18.200         72.41                         
      1.320         10.377          109.967                18.000           19.531           18.200         72.61                         
      1.330         10.375          109.967                18.019           19.557           18.200         72.80                         
      1.340         10.373          109.966                18.037           19.581           18.200         73.00                         
      1.350         10.372          109.966                18.054           19.606           18.200         73.19                         
      1.360         10.370          109.966                18.071           19.630           18.200         73.38                         
      1.370         10.368          109.966                18.088           19.653           18.200         73.56                         
      1.380         10.367          109.965                18.104           19.675           18.200         73.74                         
      1.390         10.365          109.965                18.119           19.697           18.200         73.92                         
      1.400         10.364          109.965                18.134           19.719           18.200         74.09                         
      1.410         10.362          109.964                18.149           19.740           18.200         74.26                         
      1.420         10.361          109.964                18.163           19.760           18.200         74.43                         
      1.430         10.360          109.964                18.177           19.780           18.200         74.60                         
      1.440         10.358          109.964                18.190           19.799           18.200         74.76                         
      1.450         10.357          109.964                18.203           19.817           18.200         74.91                         
      1.460         10.356          109.963                18.216           19.835           18.200         75.07                         
      1.470         10.354          109.963                18.228           19.853           18.200         75.22                         
      1.480         10.353          109.963                18.239           19.870           18.200         75.36                         
      1.490         10.352          109.963                18.251           19.886           18.200         75.51                         
      1.500         10.351          109.962                18.261           19.902           18.200         75.64                         
      1.510         10.349          109.962                18.272           19.918           18.200         75.78                         
      1.520         10.348          109.962                18.282           19.932           18.200         75.91                         
      1.530         10.347          109.962                18.292           19.947           18.200         76.04                         
      1.540         10.346          109.962                18.301           19.961           18.200         76.16                         
      1.550         10.345          109.961                18.310           19.974           18.200         76.28                         
      1.560         10.344          109.961                18.318           19.987           18.200         76.40                         
      1.570         10.343          109.961                18.326           19.999           18.200         76.51                         
      1.580         10.342          109.961                18.334           20.011           18.200         76.62                         
      1.590         10.341          109.961                18.342           20.022           18.200         76.72                         
      1.600         10.340          109.961                18.349           20.033           18.200         76.82                         
      1.610         10.340          109.961                18.356           20.043           18.200         76.92                         
      1.620         10.339          109.960                18.362           20.053           18.200         77.01                         
      1.630         10.338          109.960                18.368           20.062           18.200         77.10                         
      1.640         10.337          109.960                18.374           20.071           18.200         77.18                         
      1.650         10.336          109.960                18.380           20.080           18.200         77.26                         
      1.660         10.336          109.960                18.385           20.088           18.200         77.34                         
      1.670         10.335          109.960                18.390           20.095           18.200         77.41                         
      1.680         10.335          109.960                18.394           20.102           18.200         77.48                         
      1.690         10.334          109.960                18.398           20.109           18.200         77.54                         
      1.700         10.334          109.960                18.402           20.115           18.200         77.60                         
      1.710         10.333          109.959                18.406           20.121           18.200         77.66                         
      1.720         10.333          109.959                18.409           20.126           18.200         77.71                         
      1.730         10.332          109.959                18.413           20.131           18.200         77.76                         
      1.740         10.332          109.959                18.415           20.135           18.200         77.80                         
      1.750         10.331          109.959                18.418           20.139           18.200         77.84                         
      1.760         10.331          109.959                18.420           20.143           18.200         77.87                         
      1.770         10.331          109.959                18.422           20.146           18.200         77.90                         
      1.780         10.331          109.959                18.424           20.148           18.200         77.93                         
      1.790         10.330          109.959                18.425           20.150           18.200         77.95                         
      1.800         10.330          109.959                18.426           20.152           18.200         77.96                         
      1.810         10.330          109.959                18.427           20.153           18.200         77.98                         
      1.820         10.330          109.959                18.428           20.154           18.200         77.99                         
      1.830         10.330          109.959                18.428           20.155           18.200         77.99                         
      1.840         10.330          109.959                18.428           20.155           18.200         77.99                         
      1.850         10.330          109.959                18.428           20.154           18.200         77.99                         
      1.860         10.330          109.959                18.427           20.154           18.200         77.98                         
      1.870         10.330          109.959                18.426           20.152           18.200         77.97                         
      1.880         10.330          109.959                18.425           20.151           18.200         77.95                         
      1.890         10.331          109.959                18.424           20.149           18.200         77.93                         
      1.900         10.331          109.959                18.422           20.146           18.200         77.91                         
      1.910         10.331          109.959                18.421           20.143           18.200         77.88                         
      1.920         10.331          109.959                18.418           20.140           18.200         77.84                         
      1.930         10.332          109.959                18.416           20.136           18.200         77.81                         
      1.940         10.332          109.959                18.413           20.132           18.200         77.76                         
      1.950         10.333          109.959                18.410           20.127           18.200         77.72                         
      1.960         10.333          109.959                18.407           20.122           18.200         77.67                         
      1.970         10.333          109.960                18.403           20.116           18.200         77.61                         
      1.980         10.334          109.960                18.399           20.110           18.200         77.56                         
      1.990         10.334          109.960                18.395           20.104           18.200         77.49                         
      2.000         10.335          109.960                18.391           20.097           18.200         77.43                         

