  ¬рем€            U                U                Pij              –г               –т г             ”гол рот         ќтн угол U       
                   601              1002             1001             601              601              601              601              
                                                     1002                                                                                 
                                                     1                                                                                    

                    10.500          110.000                 8.451           18.000           18.000         50.18                         
      0.010         10.500          110.000                 8.451           18.000           18.000         50.18                         
      0.020         10.500          110.000                 8.451           18.000           18.000         50.18                         
      0.030         10.500          110.000                 8.451           18.000           18.000         50.18                         
      0.040         10.500          110.000                 8.451           18.000           18.000         50.18                         
      0.050         10.500          110.000                 8.451           18.000           18.000         50.18                         
      0.060         10.500          110.000                 8.451           18.000           18.000         50.18                         
      0.070         10.500          110.000                 8.451           18.000           18.000         50.18                         
      0.080         10.500          110.000                 8.451           18.000           18.000         50.18                         
      0.090         10.500          110.000                 8.451           18.000           18.000         50.18                         
      0.100         10.500          110.000                 8.451           18.000           18.000         50.18                         
      0.110         10.500          110.000                 8.451           18.000           18.000         50.18                         
      0.120         10.500          110.000                 8.451           18.000           18.000         50.18                         
      0.130         10.500          110.000                 8.451           18.000           18.000         50.18                         
      0.140         10.500          110.000                 8.451           18.000           18.000         50.18                         
      0.150         10.500          110.000                 8.451           18.000           18.000         50.18                         
      0.160         10.500          110.000                 8.451           18.000           18.000         50.18                         
      0.170         10.500          110.000                 8.451           18.000           18.000         50.18                         
      0.180         10.500          110.000                 8.451           18.000           18.000         50.18                         
      0.190         10.500          110.000                 8.451           18.000           18.000         50.18                         
      0.200         10.500          110.000                 8.451           18.000           18.000         50.18                         
      0.200         10.539          109.997                14.574           15.366           18.000         50.18                         
      0.210         10.539          109.997                14.575           15.367           18.000         50.18                         
      0.220         10.539          109.997                14.577           15.369           18.000         50.19                         
      0.230         10.538          109.997                14.580           15.373           18.000         50.21                         
      0.240         10.538          109.997                14.585           15.378           18.000         50.23                         
      0.250         10.538          109.997                14.590           15.385           18.000         50.26                         
      0.260         10.538          109.997                14.597           15.392           18.000         50.29                         
      0.270         10.538          109.996                14.605           15.402           18.000         50.33                         
      0.280         10.537          109.996                14.615           15.412           18.000         50.38                         
      0.290         10.537          109.996                14.625           15.424           18.000         50.43                         
      0.300         10.537          109.996                14.637           15.438           18.000         50.48                         
      0.310         10.536          109.996                14.650           15.452           18.000         50.55                         
      0.320         10.536          109.996                14.664           15.468           18.000         50.62                         
      0.330         10.535          109.996                14.679           15.486           18.000         50.69                         
      0.340         10.535          109.996                14.695           15.504           18.000         50.77                         
      0.350         10.534          109.996                14.712           15.524           18.000         50.85                         
      0.360         10.534          109.996                14.731           15.545           18.000         50.94                         
      0.370         10.533          109.996                14.750           15.567           18.000         51.04                         
      0.380         10.533          109.995                14.770           15.591           18.000         51.14                         
      0.390         10.532          109.995                14.792           15.615           18.000         51.25                         
      0.400         10.531          109.995                14.814           15.641           18.000         51.36                         
      0.410         10.530          109.995                14.838           15.668           18.000         51.47                         
      0.420         10.530          109.995                14.862           15.696           18.000         51.60                         
      0.430         10.529          109.995                14.887           15.725           18.000         51.72                         
      0.440         10.528          109.995                14.913           15.755           18.000         51.85                         
      0.450         10.527          109.994                14.940           15.786           18.000         51.99                         
      0.460         10.526          109.994                14.968           15.818           18.000         52.13                         
      0.470         10.525          109.994                14.997           15.851           18.000         52.28                         
      0.480         10.524          109.994                15.027           15.885           18.000         52.43                         
      0.490         10.523          109.994                15.057           15.920           18.000         52.58                         
      0.500         10.522          109.993                15.088           15.956           18.000         52.74                         
      0.510         10.521          109.993                15.120           15.992           18.000         52.90                         
      0.520         10.520          109.993                15.152           16.030           18.000         53.07                         
      0.530         10.519          109.993                15.185           16.068           18.000         53.24                         
      0.540         10.518          109.993                15.219           16.107           18.000         53.42                         
      0.550         10.516          109.992                15.254           16.147           18.000         53.60                         
      0.560         10.515          109.992                15.289           16.188           18.000         53.78                         
      0.570         10.514          109.992                15.324           16.229           18.000         53.97                         
      0.580         10.513          109.992                15.360           16.271           18.000         54.16                         
      0.590         10.511          109.991                15.397           16.313           18.000         54.35                         
      0.600         10.510          109.991                15.434           16.357           18.000         54.55                         
      0.610         10.509          109.991                15.471           16.400           18.000         54.75                         
      0.620         10.507          109.991                15.509           16.445           18.000         54.96                         
      0.630         10.506          109.990                15.548           16.489           18.000         55.17                         
      0.640         10.504          109.990                15.586           16.535           18.000         55.38                         
      0.650         10.503          109.990                15.625           16.580           18.000         55.59                         
      0.660         10.501          109.989                15.665           16.626           18.000         55.81                         
      0.670         10.500          109.989                15.704           16.673           18.000         56.03                         
      0.680         10.498          109.989                15.744           16.720           18.000         56.25                         
      0.690         10.497          109.989                15.784           16.767           18.000         56.48                         
      0.700         10.495          109.988                15.825           16.815           18.000         56.71                         
      0.710         10.493          109.988                15.865           16.862           18.000         56.94                         
      0.720         10.492          109.988                15.906           16.910           18.000         57.17                         
      0.730         10.490          109.987                15.947           16.958           18.000         57.40                         
      0.740         10.488          109.987                15.988           17.007           18.000         57.64                         
      0.750         10.487          109.987                16.028           17.055           18.000         57.88                         
      0.760         10.485          109.986                16.069           17.104           18.000         58.12                         
      0.770         10.483          109.986                16.110           17.153           18.000         58.36                         
      0.780         10.482          109.986                16.151           17.202           18.000         58.61                         
      0.790         10.480          109.985                16.192           17.250           18.000         58.85                         
      0.800         10.478          109.985                16.233           17.299           18.000         59.10                         
      0.810         10.476          109.985                16.274           17.348           18.000         59.35                         
      0.820         10.474          109.984                16.315           17.397           18.000         59.60                         
      0.830         10.473          109.984                16.355           17.446           18.000         59.85                         
      0.840         10.471          109.984                16.395           17.494           18.000         60.10                         
      0.850         10.469          109.983                16.436           17.543           18.000         60.35                         
      0.860         10.467          109.983                16.476           17.591           18.000         60.61                         
      0.870         10.465          109.983                16.516           17.639           18.000         60.86                         
      0.880         10.463          109.982                16.555           17.687           18.000         61.12                         
      0.890         10.461          109.982                16.594           17.735           18.000         61.37                         
      0.900         10.459          109.982                16.634           17.783           18.000         61.63                         
      0.910         10.457          109.981                16.672           17.830           18.000         61.88                         
      0.920         10.455          109.981                16.711           17.877           18.000         62.14                         
      0.930         10.453          109.981                16.749           17.924           18.000         62.40                         
      0.940         10.452          109.980                16.787           17.970           18.000         62.65                         
      0.950         10.450          109.980                16.824           18.016           18.000         62.91                         
      0.960         10.448          109.979                16.861           18.062           18.000         63.16                         
      0.970         10.446          109.979                16.898           18.107           18.000         63.42                         
      0.980         10.444          109.979                16.934           18.152           18.000         63.68                         
      0.990         10.442          109.978                16.970           18.197           18.000         63.93                         
      1.000         10.440          109.978                17.006           18.241           18.000         64.19                         
      1.010         10.438          109.978                17.041           18.285           18.000         64.44                         
      1.020         10.436          109.977                17.076           18.328           18.000         64.69                         
      1.030         10.434          109.977                17.110           18.371           18.000         64.94                         
      1.040         10.432          109.977                17.144           18.413           18.000         65.19                         
      1.050         10.430          109.976                17.177           18.455           18.000         65.44                         
      1.060         10.428          109.976                17.210           18.496           18.000         65.69                         
      1.070         10.426          109.976                17.242           18.537           18.000         65.94                         
      1.080         10.424          109.975                17.274           18.577           18.000         66.19                         
      1.090         10.422          109.975                17.305           18.617           18.000         66.43                         
      1.100         10.420          109.975                17.336           18.656           18.000         66.67                         
      1.110         10.418          109.974                17.366           18.695           18.000         66.92                         
      1.120         10.416          109.974                17.396           18.733           18.000         67.16                         
      1.130         10.414          109.973                17.425           18.771           18.000         67.39                         
      1.140         10.412          109.973                17.454           18.808           18.000         67.63                         
      1.150         10.411          109.973                17.482           18.844           18.000         67.87                         
      1.160         10.409          109.972                17.510           18.880           18.000         68.10                         
      1.170         10.407          109.972                17.537           18.915           18.000         68.33                         
      1.180         10.405          109.972                17.564           18.950           18.000         68.56                         
      1.190         10.403          109.971                17.590           18.984           18.000         68.78                         
      1.200         10.401          109.971                17.616           19.017           18.000         69.01                         
      1.210         10.399          109.971                17.641           19.050           18.000         69.23                         
      1.220         10.398          109.971                17.665           19.082           18.000         69.45                         
      1.230         10.396          109.970                17.689           19.114           18.000         69.67                         
      1.240         10.394          109.970                17.713           19.145           18.000         69.88                         
      1.250         10.392          109.970                17.736           19.176           18.000         70.09                         
      1.260         10.391          109.969                17.758           19.206           18.000         70.30                         
      1.270         10.389          109.969                17.780           19.235           18.000         70.51                         
      1.280         10.387          109.969                17.801           19.263           18.000         70.71                         
      1.290         10.386          109.968                17.822           19.291           18.000         70.91                         
      1.300         10.384          109.968                17.843           19.319           18.000         71.11                         
      1.310         10.382          109.968                17.862           19.346           18.000         71.30                         
      1.320         10.381          109.968                17.882           19.372           18.000         71.50                         
      1.330         10.379          109.967                17.901           19.397           18.000         71.68                         
      1.340         10.378          109.967                17.919           19.422           18.000         71.87                         
      1.350         10.376          109.967                17.937           19.447           18.000         72.05                         
      1.360         10.375          109.966                17.954           19.470           18.000         72.23                         
      1.370         10.373          109.966                17.971           19.494           18.000         72.41                         
      1.380         10.372          109.966                17.987           19.516           18.000         72.58                         
      1.390         10.370          109.966                18.003           19.538           18.000         72.75                         
      1.400         10.369          109.965                18.019           19.559           18.000         72.92                         
      1.410         10.367          109.965                18.034           19.580           18.000         73.08                         
      1.420         10.366          109.965                18.048           19.600           18.000         73.24                         
      1.430         10.365          109.965                18.062           19.620           18.000         73.39                         
      1.440         10.363          109.965                18.076           19.639           18.000         73.54                         
      1.450         10.362          109.964                18.089           19.658           18.000         73.69                         
      1.460         10.361          109.964                18.101           19.676           18.000         73.84                         
      1.470         10.360          109.964                18.114           19.693           18.000         73.98                         
      1.480         10.359          109.964                18.126           19.710           18.000         74.11                         
      1.490         10.357          109.964                18.137           19.726           18.000         74.25                         
      1.500         10.356          109.963                18.148           19.742           18.000         74.38                         
      1.510         10.355          109.963                18.159           19.757           18.000         74.50                         
      1.520         10.354          109.963                18.169           19.771           18.000         74.62                         
      1.530         10.353          109.963                18.178           19.785           18.000         74.74                         
      1.540         10.352          109.963                18.188           19.799           18.000         74.86                         
      1.550         10.351          109.962                18.197           19.812           18.000         74.97                         
      1.560         10.350          109.962                18.205           19.824           18.000         75.07                         
      1.570         10.349          109.962                18.214           19.836           18.000         75.17                         
      1.580         10.349          109.962                18.221           19.848           18.000         75.27                         
      1.590         10.348          109.962                18.229           19.858           18.000         75.37                         
      1.600         10.347          109.962                18.236           19.869           18.000         75.46                         
      1.610         10.346          109.962                18.243           19.879           18.000         75.54                         
      1.620         10.346          109.961                18.249           19.888           18.000         75.62                         
      1.630         10.345          109.961                18.255           19.897           18.000         75.70                         
      1.640         10.344          109.961                18.261           19.905           18.000         75.77                         
      1.650         10.344          109.961                18.266           19.913           18.000         75.84                         
      1.660         10.343          109.961                18.271           19.920           18.000         75.91                         
      1.670         10.343          109.961                18.276           19.927           18.000         75.97                         
      1.680         10.342          109.961                18.280           19.934           18.000         76.03                         
      1.690         10.342          109.961                18.284           19.939           18.000         76.08                         
      1.700         10.341          109.961                18.287           19.945           18.000         76.13                         
      1.710         10.341          109.961                18.291           19.950           18.000         76.17                         
      1.720         10.340          109.961                18.294           19.954           18.000         76.21                         
      1.730         10.340          109.961                18.296           19.958           18.000         76.25                         
      1.740         10.340          109.961                18.299           19.962           18.000         76.28                         
      1.750         10.340          109.960                18.301           19.965           18.000         76.31                         
      1.760         10.339          109.960                18.302           19.967           18.000         76.33                         
      1.770         10.339          109.960                18.304           19.969           18.000         76.35                         
      1.780         10.339          109.960                18.305           19.971           18.000         76.36                         
      1.790         10.339          109.960                18.305           19.972           18.000         76.37                         
      1.800         10.339          109.960                18.306           19.972           18.000         76.38                         
      1.810         10.339          109.960                18.306           19.973           18.000         76.38                         
      1.820         10.339          109.960                18.306           19.972           18.000         76.38                         
      1.830         10.339          109.960                18.305           19.971           18.000         76.37                         
      1.840         10.339          109.960                18.304           19.970           18.000         76.36                         
      1.850         10.339          109.960                18.303           19.969           18.000         76.34                         
      1.860         10.339          109.960                18.302           19.966           18.000         76.32                         
      1.870         10.340          109.960                18.300           19.964           18.000         76.30                         
      1.880         10.340          109.961                18.298           19.961           18.000         76.27                         
      1.890         10.340          109.961                18.296           19.957           18.000         76.24                         
      1.900         10.341          109.961                18.293           19.953           18.000         76.20                         
      1.910         10.341          109.961                18.290           19.948           18.000         76.16                         
      1.920         10.341          109.961                18.286           19.943           18.000         76.11                         
      1.930         10.342          109.961                18.283           19.938           18.000         76.06                         
      1.940         10.342          109.961                18.279           19.932           18.000         76.01                         
      1.950         10.343          109.961                18.274           19.925           18.000         75.95                         
      1.960         10.343          109.961                18.270           19.918           18.000         75.89                         
      1.970         10.344          109.961                18.265           19.911           18.000         75.83                         
      1.980         10.344          109.961                18.259           19.903           18.000         75.76                         
      1.990         10.345          109.961                18.254           19.895           18.000         75.68                         
      2.000         10.346          109.962                18.247           19.886           18.000         75.60                         

