  ¬рем€            U                U                Pij              –г               –т г             ”гол рот         ќтн угол U       
                   601              1002             1001             601              601              601              601              
                                                     1002                                                                                 
                                                     1                                                                                    

                    10.500          110.000                 8.408           17.900           17.900         49.84                         
      0.010         10.500          110.000                 8.408           17.900           17.900         49.84                         
      0.020         10.500          110.000                 8.408           17.900           17.900         49.84                         
      0.030         10.500          110.000                 8.408           17.900           17.900         49.84                         
      0.040         10.500          110.000                 8.408           17.900           17.900         49.84                         
      0.050         10.500          110.000                 8.408           17.900           17.900         49.84                         
      0.060         10.500          110.000                 8.408           17.900           17.900         49.84                         
      0.070         10.500          110.000                 8.408           17.900           17.900         49.84                         
      0.080         10.500          110.000                 8.408           17.900           17.900         49.84                         
      0.090         10.500          110.000                 8.408           17.900           17.900         49.84                         
      0.100         10.500          110.000                 8.408           17.900           17.900         49.84                         
      0.110         10.500          110.000                 8.408           17.900           17.900         49.84                         
      0.120         10.500          110.000                 8.408           17.900           17.900         49.84                         
      0.130         10.500          110.000                 8.408           17.900           17.900         49.84                         
      0.140         10.500          110.000                 8.408           17.900           17.900         49.84                         
      0.150         10.500          110.000                 8.408           17.900           17.900         49.84                         
      0.160         10.500          110.000                 8.408           17.900           17.900         49.84                         
      0.170         10.500          110.000                 8.408           17.900           17.900         49.84                         
      0.180         10.500          110.000                 8.408           17.900           17.900         49.84                         
      0.190         10.500          110.000                 8.408           17.900           17.900         49.84                         
      0.200         10.500          110.000                 8.408           17.900           17.900         49.84                         
      0.200         10.538          109.997                14.499           15.281           17.900         49.84                         
      0.210         10.538          109.997                14.499           15.281           17.900         49.84                         
      0.220         10.538          109.997                14.501           15.283           17.900         49.85                         
      0.230         10.538          109.997                14.504           15.287           17.900         49.86                         
      0.240         10.538          109.997                14.509           15.292           17.900         49.89                         
      0.250         10.538          109.996                14.515           15.299           17.900         49.91                         
      0.260         10.537          109.996                14.522           15.307           17.900         49.95                         
      0.270         10.537          109.996                14.530           15.316           17.900         49.99                         
      0.280         10.537          109.996                14.539           15.327           17.900         50.03                         
      0.290         10.537          109.996                14.550           15.339           17.900         50.08                         
      0.300         10.536          109.996                14.561           15.352           17.900         50.14                         
      0.310         10.536          109.996                14.574           15.367           17.900         50.20                         
      0.320         10.535          109.996                14.588           15.383           17.900         50.27                         
      0.330         10.535          109.996                14.603           15.400           17.900         50.34                         
      0.340         10.535          109.996                14.620           15.418           17.900         50.42                         
      0.350         10.534          109.996                14.637           15.438           17.900         50.51                         
      0.360         10.533          109.996                14.655           15.459           17.900         50.60                         
      0.370         10.533          109.996                14.675           15.481           17.900         50.69                         
      0.380         10.532          109.995                14.695           15.505           17.900         50.79                         
      0.390         10.531          109.995                14.717           15.529           17.900         50.90                         
      0.400         10.531          109.995                14.739           15.555           17.900         51.01                         
      0.410         10.530          109.995                14.763           15.582           17.900         51.12                         
      0.420         10.529          109.995                14.787           15.610           17.900         51.24                         
      0.430         10.528          109.995                14.812           15.639           17.900         51.37                         
      0.440         10.528          109.995                14.838           15.669           17.900         51.50                         
      0.450         10.527          109.994                14.866           15.700           17.900         51.64                         
      0.460         10.526          109.994                14.893           15.732           17.900         51.78                         
      0.470         10.525          109.994                14.922           15.765           17.900         51.92                         
      0.480         10.524          109.994                14.952           15.799           17.900         52.07                         
      0.490         10.523          109.994                14.982           15.834           17.900         52.22                         
      0.500         10.522          109.993                15.013           15.870           17.900         52.38                         
      0.510         10.521          109.993                15.045           15.907           17.900         52.54                         
      0.520         10.520          109.993                15.078           15.944           17.900         52.71                         
      0.530         10.519          109.993                15.111           15.982           17.900         52.88                         
      0.540         10.517          109.993                15.145           16.022           17.900         53.05                         
      0.550         10.516          109.992                15.179           16.061           17.900         53.23                         
      0.560         10.515          109.992                15.214           16.102           17.900         53.42                         
      0.570         10.514          109.992                15.250           16.143           17.900         53.60                         
      0.580         10.513          109.992                15.286           16.185           17.900         53.79                         
      0.590         10.511          109.991                15.323           16.228           17.900         53.99                         
      0.600         10.510          109.991                15.360           16.271           17.900         54.18                         
      0.610         10.509          109.991                15.398           16.315           17.900         54.38                         
      0.620         10.507          109.991                15.436           16.359           17.900         54.59                         
      0.630         10.506          109.990                15.474           16.404           17.900         54.79                         
      0.640         10.504          109.990                15.513           16.449           17.900         55.00                         
      0.650         10.503          109.990                15.552           16.495           17.900         55.22                         
      0.660         10.501          109.989                15.592           16.541           17.900         55.43                         
      0.670         10.500          109.989                15.631           16.588           17.900         55.65                         
      0.680         10.498          109.989                15.671           16.635           17.900         55.87                         
      0.690         10.497          109.989                15.712           16.682           17.900         56.10                         
      0.700         10.495          109.988                15.752           16.729           17.900         56.32                         
      0.710         10.494          109.988                15.793           16.777           17.900         56.55                         
      0.720         10.492          109.988                15.834           16.825           17.900         56.78                         
      0.730         10.490          109.987                15.874           16.874           17.900         57.02                         
      0.740         10.489          109.987                15.915           16.922           17.900         57.25                         
      0.750         10.487          109.987                15.956           16.971           17.900         57.49                         
      0.760         10.485          109.986                15.998           17.019           17.900         57.73                         
      0.770         10.484          109.986                16.039           17.068           17.900         57.97                         
      0.780         10.482          109.986                16.080           17.117           17.900         58.21                         
      0.790         10.480          109.985                16.121           17.166           17.900         58.45                         
      0.800         10.478          109.985                16.162           17.215           17.900         58.70                         
      0.810         10.477          109.985                16.203           17.264           17.900         58.95                         
      0.820         10.475          109.984                16.244           17.313           17.900         59.19                         
      0.830         10.473          109.984                16.284           17.361           17.900         59.44                         
      0.840         10.471          109.984                16.325           17.410           17.900         59.69                         
      0.850         10.469          109.983                16.365           17.459           17.900         59.94                         
      0.860         10.467          109.983                16.406           17.507           17.900         60.19                         
      0.870         10.466          109.983                16.446           17.555           17.900         60.45                         
      0.880         10.464          109.982                16.485           17.603           17.900         60.70                         
      0.890         10.462          109.982                16.525           17.651           17.900         60.95                         
      0.900         10.460          109.982                16.564           17.699           17.900         61.21                         
      0.910         10.458          109.981                16.603           17.746           17.900         61.46                         
      0.920         10.456          109.981                16.642           17.793           17.900         61.71                         
      0.930         10.454          109.981                16.680           17.840           17.900         61.97                         
      0.940         10.452          109.980                16.718           17.887           17.900         62.22                         
      0.950         10.450          109.980                16.756           17.933           17.900         62.48                         
      0.960         10.448          109.980                16.793           17.979           17.900         62.73                         
      0.970         10.446          109.979                16.830           18.024           17.900         62.98                         
      0.980         10.444          109.979                16.867           18.069           17.900         63.24                         
      0.990         10.443          109.979                16.903           18.114           17.900         63.49                         
      1.000         10.441          109.978                16.938           18.158           17.900         63.74                         
      1.010         10.439          109.978                16.974           18.202           17.900         63.99                         
      1.020         10.437          109.977                17.009           18.245           17.900         64.24                         
      1.030         10.435          109.977                17.043           18.288           17.900         64.49                         
      1.040         10.433          109.977                17.077           18.330           17.900         64.74                         
      1.050         10.431          109.976                17.110           18.372           17.900         64.98                         
      1.060         10.429          109.976                17.143           18.414           17.900         65.23                         
      1.070         10.427          109.976                17.176           18.454           17.900         65.48                         
      1.080         10.425          109.975                17.208           18.495           17.900         65.72                         
      1.090         10.423          109.975                17.240           18.535           17.900         65.96                         
      1.100         10.421          109.975                17.271           18.574           17.900         66.20                         
      1.110         10.419          109.974                17.301           18.613           17.900         66.44                         
      1.120         10.418          109.974                17.331           18.651           17.900         66.68                         
      1.130         10.416          109.974                17.361           18.689           17.900         66.91                         
      1.140         10.414          109.973                17.390           18.726           17.900         67.15                         
      1.150         10.412          109.973                17.418           18.762           17.900         67.38                         
      1.160         10.410          109.973                17.446           18.798           17.900         67.61                         
      1.170         10.408          109.972                17.473           18.833           17.900         67.83                         
      1.180         10.406          109.972                17.500           18.868           17.900         68.06                         
      1.190         10.405          109.972                17.527           18.902           17.900         68.28                         
      1.200         10.403          109.971                17.552           18.936           17.900         68.50                         
      1.210         10.401          109.971                17.578           18.969           17.900         68.72                         
      1.220         10.399          109.971                17.602           19.001           17.900         68.94                         
      1.230         10.398          109.970                17.627           19.033           17.900         69.15                         
      1.240         10.396          109.970                17.650           19.064           17.900         69.36                         
      1.250         10.394          109.970                17.673           19.094           17.900         69.57                         
      1.260         10.392          109.970                17.696           19.124           17.900         69.77                         
      1.270         10.391          109.969                17.718           19.154           17.900         69.98                         
      1.280         10.389          109.969                17.740           19.182           17.900         70.18                         
      1.290         10.387          109.969                17.761           19.210           17.900         70.37                         
      1.300         10.386          109.968                17.781           19.238           17.900         70.57                         
      1.310         10.384          109.968                17.801           19.264           17.900         70.76                         
      1.320         10.383          109.968                17.821           19.291           17.900         70.95                         
      1.330         10.381          109.968                17.840           19.316           17.900         71.13                         
      1.340         10.380          109.967                17.858           19.341           17.900         71.31                         
      1.350         10.378          109.967                17.876           19.365           17.900         71.49                         
      1.360         10.377          109.967                17.894           19.389           17.900         71.67                         
      1.370         10.375          109.967                17.911           19.412           17.900         71.84                         
      1.380         10.374          109.966                17.927           19.435           17.900         72.01                         
      1.390         10.372          109.966                17.943           19.457           17.900         72.17                         
      1.400         10.371          109.966                17.959           19.478           17.900         72.33                         
      1.410         10.370          109.966                17.974           19.499           17.900         72.49                         
      1.420         10.368          109.965                17.988           19.519           17.900         72.65                         
      1.430         10.367          109.965                18.002           19.539           17.900         72.80                         
      1.440         10.366          109.965                18.016           19.558           17.900         72.95                         
      1.450         10.365          109.965                18.029           19.576           17.900         73.09                         
      1.460         10.363          109.965                18.042           19.594           17.900         73.23                         
      1.470         10.362          109.964                18.054           19.611           17.900         73.37                         
      1.480         10.361          109.964                18.066           19.628           17.900         73.50                         
      1.490         10.360          109.964                18.078           19.644           17.900         73.63                         
      1.500         10.359          109.964                18.089           19.659           17.900         73.75                         
      1.510         10.358          109.964                18.099           19.674           17.900         73.87                         
      1.520         10.357          109.963                18.110           19.689           17.900         73.99                         
      1.530         10.356          109.963                18.119           19.703           17.900         74.10                         
      1.540         10.355          109.963                18.129           19.716           17.900         74.21                         
      1.550         10.354          109.963                18.138           19.729           17.900         74.32                         
      1.560         10.353          109.963                18.146           19.741           17.900         74.42                         
      1.570         10.353          109.963                18.154           19.753           17.900         74.52                         
      1.580         10.352          109.962                18.162           19.764           17.900         74.61                         
      1.590         10.351          109.962                18.170           19.774           17.900         74.70                         
      1.600         10.350          109.962                18.177           19.784           17.900         74.78                         
      1.610         10.350          109.962                18.183           19.794           17.900         74.86                         
      1.620         10.349          109.962                18.189           19.803           17.900         74.94                         
      1.630         10.348          109.962                18.195           19.812           17.900         75.01                         
      1.640         10.348          109.962                18.201           19.820           17.900         75.08                         
      1.650         10.347          109.962                18.206           19.827           17.900         75.15                         
      1.660         10.347          109.962                18.211           19.834           17.900         75.21                         
      1.670         10.346          109.962                18.215           19.841           17.900         75.26                         
      1.680         10.346          109.961                18.219           19.847           17.900         75.31                         
      1.690         10.345          109.961                18.223           19.852           17.900         75.36                         
      1.700         10.345          109.961                18.226           19.857           17.900         75.40                         
      1.710         10.345          109.961                18.230           19.861           17.900         75.44                         
      1.720         10.344          109.961                18.232           19.865           17.900         75.48                         
      1.730         10.344          109.961                18.235           19.869           17.900         75.51                         
      1.740         10.344          109.961                18.237           19.872           17.900         75.53                         
      1.750         10.344          109.961                18.238           19.874           17.900         75.55                         
      1.760         10.343          109.961                18.240           19.876           17.900         75.57                         
      1.770         10.343          109.961                18.241           19.878           17.900         75.59                         
      1.780         10.343          109.961                18.241           19.879           17.900         75.59                         
      1.790         10.343          109.961                18.242           19.879           17.900         75.60                         
      1.800         10.343          109.961                18.242           19.879           17.900         75.60                         
      1.810         10.343          109.961                18.242           19.879           17.900         75.60                         
      1.820         10.343          109.961                18.241           19.878           17.900         75.59                         
      1.830         10.343          109.961                18.240           19.877           17.900         75.57                         
      1.840         10.344          109.961                18.239           19.875           17.900         75.56                         
      1.850         10.344          109.961                18.237           19.872           17.900         75.54                         
      1.860         10.344          109.961                18.235           19.869           17.900         75.51                         
      1.870         10.344          109.961                18.233           19.866           17.900         75.48                         
      1.880         10.344          109.961                18.230           19.862           17.900         75.45                         
      1.890         10.345          109.961                18.227           19.858           17.900         75.41                         
      1.900         10.345          109.961                18.224           19.853           17.900         75.37                         
      1.910         10.346          109.961                18.220           19.848           17.900         75.32                         
      1.920         10.346          109.962                18.216           19.842           17.900         75.27                         
      1.930         10.346          109.962                18.212           19.835           17.900         75.22                         
      1.940         10.347          109.962                18.207           19.828           17.900         75.16                         
      1.950         10.348          109.962                18.202           19.821           17.900         75.09                         
      1.960         10.348          109.962                18.196           19.813           17.900         75.03                         
      1.970         10.349          109.962                18.191           19.805           17.900         74.96                         
      1.980         10.349          109.962                18.185           19.796           17.900         74.88                         
      1.990         10.350          109.962                18.178           19.787           17.900         74.80                         
      2.000         10.351          109.962                18.171           19.777           17.900         74.72                         

