  ¬рем€            U                U                Pij              –г               –т г             ”гол рот         ќтн угол U       
                   601              1002             1001             601              601              601              601              
                                                     1002                                                                                 
                                                     1                                                                                    

                    10.500          110.000                 8.365           17.800           17.800         49.49                         
      0.010         10.500          110.000                 8.365           17.800           17.800         49.49                         
      0.020         10.500          110.000                 8.365           17.800           17.800         49.49                         
      0.030         10.500          110.000                 8.365           17.800           17.800         49.49                         
      0.040         10.500          110.000                 8.365           17.800           17.800         49.49                         
      0.050         10.500          110.000                 8.365           17.800           17.800         49.49                         
      0.060         10.500          110.000                 8.365           17.800           17.800         49.49                         
      0.070         10.500          110.000                 8.365           17.800           17.800         49.49                         
      0.080         10.500          110.000                 8.365           17.800           17.800         49.49                         
      0.090         10.500          110.000                 8.365           17.800           17.800         49.49                         
      0.100         10.500          110.000                 8.365           17.800           17.800         49.49                         
      0.110         10.500          110.000                 8.365           17.800           17.800         49.49                         
      0.120         10.500          110.000                 8.365           17.800           17.800         49.49                         
      0.130         10.500          110.000                 8.365           17.800           17.800         49.49                         
      0.140         10.500          110.000                 8.365           17.800           17.800         49.49                         
      0.150         10.500          110.000                 8.365           17.800           17.800         49.49                         
      0.160         10.500          110.000                 8.365           17.800           17.800         49.49                         
      0.170         10.500          110.000                 8.365           17.800           17.800         49.49                         
      0.180         10.500          110.000                 8.365           17.800           17.800         49.49                         
      0.190         10.500          110.000                 8.365           17.800           17.800         49.49                         
      0.200         10.500          110.000                 8.365           17.800           17.800         49.49                         
      0.200         10.538          109.997                14.423           15.195           17.800         49.49                         
      0.210         10.538          109.997                14.424           15.195           17.800         49.50                         
      0.220         10.538          109.997                14.426           15.198           17.800         49.51                         
      0.230         10.538          109.996                14.429           15.201           17.800         49.52                         
      0.240         10.537          109.996                14.433           15.206           17.800         49.54                         
      0.250         10.537          109.996                14.439           15.213           17.800         49.57                         
      0.260         10.537          109.996                14.446           15.221           17.800         49.60                         
      0.270         10.537          109.996                14.454           15.230           17.800         49.64                         
      0.280         10.537          109.996                14.463           15.241           17.800         49.69                         
      0.290         10.536          109.996                14.474           15.253           17.800         49.74                         
      0.300         10.536          109.996                14.486           15.266           17.800         49.79                         
      0.310         10.536          109.996                14.499           15.281           17.800         49.86                         
      0.320         10.535          109.996                14.513           15.297           17.800         49.92                         
      0.330         10.535          109.996                14.528           15.314           17.800         50.00                         
      0.340         10.534          109.996                14.544           15.332           17.800         50.08                         
      0.350         10.534          109.996                14.561           15.352           17.800         50.16                         
      0.360         10.533          109.996                14.580           15.373           17.800         50.25                         
      0.370         10.532          109.995                14.599           15.395           17.800         50.34                         
      0.380         10.532          109.995                14.620           15.419           17.800         50.44                         
      0.390         10.531          109.995                14.641           15.443           17.800         50.55                         
      0.400         10.530          109.995                14.664           15.469           17.800         50.66                         
      0.410         10.530          109.995                14.687           15.496           17.800         50.77                         
      0.420         10.529          109.995                14.712           15.524           17.800         50.89                         
      0.430         10.528          109.995                14.737           15.553           17.800         51.02                         
      0.440         10.527          109.994                14.763           15.583           17.800         51.15                         
      0.450         10.526          109.994                14.790           15.614           17.800         51.28                         
      0.460         10.526          109.994                14.818           15.646           17.800         51.42                         
      0.470         10.525          109.994                14.847           15.679           17.800         51.57                         
      0.480         10.524          109.994                14.877           15.713           17.800         51.71                         
      0.490         10.523          109.994                14.907           15.748           17.800         51.87                         
      0.500         10.522          109.993                14.939           15.784           17.800         52.02                         
      0.510         10.521          109.993                14.970           15.821           17.800         52.19                         
      0.520         10.520          109.993                15.003           15.858           17.800         52.35                         
      0.530         10.518          109.993                15.036           15.897           17.800         52.52                         
      0.540         10.517          109.993                15.070           15.936           17.800         52.69                         
      0.550         10.516          109.992                15.105           15.976           17.800         52.87                         
      0.560         10.515          109.992                15.140           16.016           17.800         53.05                         
      0.570         10.514          109.992                15.176           16.058           17.800         53.24                         
      0.580         10.512          109.992                15.212           16.100           17.800         53.43                         
      0.590         10.511          109.991                15.249           16.142           17.800         53.62                         
      0.600         10.510          109.991                15.286           16.186           17.800         53.81                         
      0.610         10.508          109.991                15.324           16.229           17.800         54.01                         
      0.620         10.507          109.991                15.362           16.274           17.800         54.22                         
      0.630         10.506          109.990                15.400           16.319           17.800         54.42                         
      0.640         10.504          109.990                15.439           16.364           17.800         54.63                         
      0.650         10.503          109.990                15.479           16.410           17.800         54.84                         
      0.660         10.501          109.989                15.518           16.456           17.800         55.06                         
      0.670         10.500          109.989                15.558           16.502           17.800         55.27                         
      0.680         10.498          109.989                15.598           16.549           17.800         55.49                         
      0.690         10.497          109.989                15.639           16.597           17.800         55.72                         
      0.700         10.495          109.988                15.679           16.644           17.800         55.94                         
      0.710         10.494          109.988                15.720           16.692           17.800         56.17                         
      0.720         10.492          109.988                15.761           16.740           17.800         56.40                         
      0.730         10.491          109.987                15.802           16.788           17.800         56.63                         
      0.740         10.489          109.987                15.843           16.837           17.800         56.86                         
      0.750         10.487          109.987                15.884           16.886           17.800         57.10                         
      0.760         10.486          109.986                15.925           16.934           17.800         57.33                         
      0.770         10.484          109.986                15.967           16.983           17.800         57.57                         
      0.780         10.482          109.986                16.008           17.032           17.800         57.81                         
      0.790         10.480          109.985                16.049           17.081           17.800         58.06                         
      0.800         10.479          109.985                16.090           17.130           17.800         58.30                         
      0.810         10.477          109.985                16.131           17.179           17.800         58.54                         
      0.820         10.475          109.984                16.172           17.228           17.800         58.79                         
      0.830         10.473          109.984                16.213           17.277           17.800         59.04                         
      0.840         10.472          109.984                16.254           17.325           17.800         59.28                         
      0.850         10.470          109.983                16.295           17.374           17.800         59.53                         
      0.860         10.468          109.983                16.335           17.423           17.800         59.78                         
      0.870         10.466          109.983                16.375           17.471           17.800         60.03                         
      0.880         10.464          109.982                16.415           17.519           17.800         60.28                         
      0.890         10.462          109.982                16.455           17.567           17.800         60.53                         
      0.900         10.460          109.982                16.494           17.615           17.800         60.79                         
      0.910         10.459          109.981                16.533           17.662           17.800         61.04                         
      0.920         10.457          109.981                16.572           17.709           17.800         61.29                         
      0.930         10.455          109.981                16.611           17.756           17.800         61.54                         
      0.940         10.453          109.980                16.649           17.803           17.800         61.79                         
      0.950         10.451          109.980                16.687           17.849           17.800         62.04                         
      0.960         10.449          109.980                16.724           17.895           17.800         62.30                         
      0.970         10.447          109.979                16.761           17.940           17.800         62.55                         
      0.980         10.445          109.979                16.798           17.985           17.800         62.80                         
      0.990         10.443          109.979                16.834           18.030           17.800         63.05                         
      1.000         10.441          109.978                16.870           18.074           17.800         63.30                         
      1.010         10.440          109.978                16.906           18.118           17.800         63.54                         
      1.020         10.438          109.978                16.941           18.162           17.800         63.79                         
      1.030         10.436          109.977                16.975           18.205           17.800         64.04                         
      1.040         10.434          109.977                17.010           18.247           17.800         64.28                         
      1.050         10.432          109.977                17.043           18.289           17.800         64.53                         
      1.060         10.430          109.976                17.077           18.331           17.800         64.77                         
      1.070         10.428          109.976                17.109           18.372           17.800         65.01                         
      1.080         10.426          109.976                17.141           18.412           17.800         65.25                         
      1.090         10.424          109.975                17.173           18.452           17.800         65.49                         
      1.100         10.423          109.975                17.204           18.491           17.800         65.73                         
      1.110         10.421          109.975                17.235           18.530           17.800         65.96                         
      1.120         10.419          109.974                17.265           18.568           17.800         66.20                         
      1.130         10.417          109.974                17.295           18.606           17.800         66.43                         
      1.140         10.415          109.974                17.324           18.643           17.800         66.66                         
      1.150         10.413          109.973                17.353           18.680           17.800         66.89                         
      1.160         10.411          109.973                17.381           18.716           17.800         67.12                         
      1.170         10.410          109.973                17.409           18.751           17.800         67.34                         
      1.180         10.408          109.972                17.436           18.786           17.800         67.56                         
      1.190         10.406          109.972                17.462           18.820           17.800         67.78                         
      1.200         10.404          109.972                17.488           18.854           17.800         68.00                         
      1.210         10.403          109.971                17.514           18.887           17.800         68.21                         
      1.220         10.401          109.971                17.539           18.919           17.800         68.43                         
      1.230         10.399          109.971                17.563           18.951           17.800         68.64                         
      1.240         10.397          109.970                17.587           18.982           17.800         68.84                         
      1.250         10.396          109.970                17.610           19.012           17.800         69.05                         
      1.260         10.394          109.970                17.633           19.042           17.800         69.25                         
      1.270         10.393          109.970                17.655           19.072           17.800         69.45                         
      1.280         10.391          109.969                17.677           19.100           17.800         69.65                         
      1.290         10.389          109.969                17.698           19.128           17.800         69.84                         
      1.300         10.388          109.969                17.719           19.156           17.800         70.03                         
      1.310         10.386          109.968                17.739           19.182           17.800         70.22                         
      1.320         10.385          109.968                17.759           19.209           17.800         70.40                         
      1.330         10.383          109.968                17.778           19.234           17.800         70.58                         
      1.340         10.382          109.968                17.796           19.259           17.800         70.76                         
      1.350         10.380          109.967                17.814           19.283           17.800         70.93                         
      1.360         10.379          109.967                17.832           19.307           17.800         71.11                         
      1.370         10.377          109.967                17.849           19.330           17.800         71.27                         
      1.380         10.376          109.967                17.866           19.353           17.800         71.44                         
      1.390         10.375          109.966                17.882           19.374           17.800         71.60                         
      1.400         10.373          109.966                17.897           19.396           17.800         71.76                         
      1.410         10.372          109.966                17.913           19.416           17.800         71.91                         
      1.420         10.371          109.966                17.927           19.436           17.800         72.06                         
      1.430         10.370          109.966                17.941           19.456           17.800         72.21                         
      1.440         10.368          109.965                17.955           19.475           17.800         72.35                         
      1.450         10.367          109.965                17.968           19.493           17.800         72.49                         
      1.460         10.366          109.965                17.981           19.511           17.800         72.63                         
      1.470         10.365          109.965                17.994           19.528           17.800         72.76                         
      1.480         10.364          109.965                18.006           19.544           17.800         72.89                         
      1.490         10.363          109.964                18.017           19.560           17.800         73.01                         
      1.500         10.362          109.964                18.028           19.576           17.800         73.13                         
      1.510         10.361          109.964                18.039           19.591           17.800         73.25                         
      1.520         10.360          109.964                18.049           19.605           17.800         73.36                         
      1.530         10.359          109.964                18.059           19.618           17.800         73.47                         
      1.540         10.358          109.964                18.068           19.632           17.800         73.57                         
      1.550         10.357          109.963                18.077           19.644           17.800         73.67                         
      1.560         10.356          109.963                18.085           19.656           17.800         73.77                         
      1.570         10.356          109.963                18.093           19.668           17.800         73.86                         
      1.580         10.355          109.963                18.101           19.678           17.800         73.95                         
      1.590         10.354          109.963                18.108           19.689           17.800         74.04                         
      1.600         10.353          109.963                18.115           19.699           17.800         74.12                         
      1.610         10.353          109.963                18.122           19.708           17.800         74.19                         
      1.620         10.352          109.963                18.128           19.717           17.800         74.26                         
      1.630         10.352          109.962                18.134           19.725           17.800         74.33                         
      1.640         10.351          109.962                18.139           19.732           17.800         74.40                         
      1.650         10.350          109.962                18.144           19.740           17.800         74.45                         
      1.660         10.350          109.962                18.149           19.746           17.800         74.51                         
      1.670         10.350          109.962                18.153           19.752           17.800         74.56                         
      1.680         10.349          109.962                18.157           19.758           17.800         74.61                         
      1.690         10.349          109.962                18.160           19.763           17.800         74.65                         
      1.700         10.348          109.962                18.163           19.767           17.800         74.69                         
      1.710         10.348          109.962                18.166           19.771           17.800         74.72                         
      1.720         10.348          109.962                18.169           19.775           17.800         74.75                         
      1.730         10.348          109.962                18.171           19.778           17.800         74.78                         
      1.740         10.348          109.962                18.173           19.780           17.800         74.80                         
      1.750         10.347          109.962                18.174           19.782           17.800         74.81                         
      1.760         10.347          109.962                18.175           19.784           17.800         74.83                         
      1.770         10.347          109.962                18.176           19.785           17.800         74.83                         
      1.780         10.347          109.962                18.176           19.785           17.800         74.84                         
      1.790         10.347          109.962                18.176           19.785           17.800         74.84                         
      1.800         10.347          109.962                18.175           19.785           17.800         74.83                         
      1.810         10.347          109.962                18.175           19.784           17.800         74.82                         
      1.820         10.347          109.962                18.174           19.782           17.800         74.81                         
      1.830         10.348          109.962                18.172           19.780           17.800         74.79                         
      1.840         10.348          109.962                18.170           19.777           17.800         74.77                         
      1.850         10.348          109.962                18.168           19.774           17.800         74.74                         
      1.860         10.348          109.962                18.166           19.771           17.800         74.71                         
      1.870         10.349          109.962                18.163           19.766           17.800         74.68                         
      1.880         10.349          109.962                18.160           19.762           17.800         74.64                         
      1.890         10.349          109.962                18.156           19.757           17.800         74.60                         
      1.900         10.350          109.962                18.152           19.751           17.800         74.55                         
      1.910         10.350          109.962                18.148           19.745           17.800         74.50                         
      1.920         10.351          109.962                18.143           19.738           17.800         74.44                         
      1.930         10.351          109.962                18.138           19.731           17.800         74.38                         
      1.940         10.352          109.962                18.132           19.723           17.800         74.32                         
      1.950         10.352          109.963                18.127           19.715           17.800         74.25                         
      1.960         10.353          109.963                18.120           19.706           17.800         74.18                         
      1.970         10.354          109.963                18.114           19.697           17.800         74.10                         
      1.980         10.354          109.963                18.107           19.687           17.800         74.02                         
      1.990         10.355          109.963                18.100           19.676           17.800         73.94                         
      2.000         10.356          109.963                18.092           19.665           17.800         73.85                         

