  ¬рем€            U                U                Pij              –г               –т г             ”гол рот         ќтн угол U       
                   601              1002             1001             601              601              601              601              
                                                     1002                                                                                 
                                                     1                                                                                    

                    10.500          110.000                 8.279           17.600           17.600         48.81                         
      0.010         10.500          110.000                 8.279           17.600           17.600         48.81                         
      0.020         10.500          110.000                 8.279           17.600           17.600         48.81                         
      0.030         10.500          110.000                 8.279           17.600           17.600         48.81                         
      0.040         10.500          110.000                 8.279           17.600           17.600         48.81                         
      0.050         10.500          110.000                 8.279           17.600           17.600         48.81                         
      0.060         10.500          110.000                 8.279           17.600           17.600         48.81                         
      0.070         10.500          110.000                 8.279           17.600           17.600         48.81                         
      0.080         10.500          110.000                 8.279           17.600           17.600         48.81                         
      0.090         10.500          110.000                 8.279           17.600           17.600         48.81                         
      0.100         10.500          110.000                 8.279           17.600           17.600         48.81                         
      0.110         10.500          110.000                 8.279           17.600           17.600         48.81                         
      0.120         10.500          110.000                 8.279           17.600           17.600         48.81                         
      0.130         10.500          110.000                 8.279           17.600           17.600         48.81                         
      0.140         10.500          110.000                 8.279           17.600           17.600         48.81                         
      0.150         10.500          110.000                 8.279           17.600           17.600         48.81                         
      0.160         10.500          110.000                 8.279           17.600           17.600         48.81                         
      0.170         10.500          110.000                 8.279           17.600           17.600         48.81                         
      0.180         10.500          110.000                 8.279           17.600           17.600         48.81                         
      0.190         10.500          110.000                 8.279           17.600           17.600         48.81                         
      0.200         10.500          110.000                 8.279           17.600           17.600         48.81                         
      0.200         10.537          109.996                14.271           15.023           17.600         48.81                         
      0.210         10.537          109.996                14.272           15.024           17.600         48.82                         
      0.220         10.537          109.996                14.274           15.026           17.600         48.83                         
      0.230         10.537          109.996                14.277           15.030           17.600         48.84                         
      0.240         10.537          109.996                14.281           15.035           17.600         48.86                         
      0.250         10.536          109.996                14.287           15.041           17.600         48.89                         
      0.260         10.536          109.996                14.294           15.049           17.600         48.92                         
      0.270         10.536          109.996                14.302           15.058           17.600         48.96                         
      0.280         10.536          109.996                14.312           15.069           17.600         49.01                         
      0.290         10.535          109.996                14.322           15.081           17.600         49.06                         
      0.300         10.535          109.996                14.334           15.094           17.600         49.11                         
      0.310         10.535          109.996                14.347           15.109           17.600         49.17                         
      0.320         10.534          109.996                14.361           15.125           17.600         49.24                         
      0.330         10.534          109.996                14.376           15.142           17.600         49.31                         
      0.340         10.533          109.996                14.393           15.161           17.600         49.39                         
      0.350         10.533          109.996                14.410           15.181           17.600         49.47                         
      0.360         10.532          109.995                14.428           15.202           17.600         49.56                         
      0.370         10.532          109.995                14.448           15.224           17.600         49.65                         
      0.380         10.531          109.995                14.469           15.247           17.600         49.75                         
      0.390         10.530          109.995                14.490           15.272           17.600         49.86                         
      0.400         10.530          109.995                14.513           15.298           17.600         49.97                         
      0.410         10.529          109.995                14.536           15.324           17.600         50.08                         
      0.420         10.528          109.995                14.561           15.352           17.600         50.20                         
      0.430         10.528          109.995                14.586           15.381           17.600         50.32                         
      0.440         10.527          109.994                14.613           15.411           17.600         50.45                         
      0.450         10.526          109.994                14.640           15.443           17.600         50.58                         
      0.460         10.525          109.994                14.668           15.475           17.600         50.72                         
      0.470         10.524          109.994                14.697           15.508           17.600         50.86                         
      0.480         10.523          109.994                14.727           15.542           17.600         51.01                         
      0.490         10.522          109.993                14.757           15.577           17.600         51.16                         
      0.500         10.521          109.993                14.788           15.613           17.600         51.32                         
      0.510         10.520          109.993                14.820           15.649           17.600         51.47                         
      0.520         10.519          109.993                14.853           15.687           17.600         51.64                         
      0.530         10.518          109.993                14.887           15.725           17.600         51.81                         
      0.540         10.517          109.992                14.921           15.764           17.600         51.98                         
      0.550         10.516          109.992                14.955           15.804           17.600         52.15                         
      0.560         10.515          109.992                14.991           15.845           17.600         52.33                         
      0.570         10.513          109.992                15.027           15.886           17.600         52.51                         
      0.580         10.512          109.992                15.063           15.928           17.600         52.70                         
      0.590         10.511          109.991                15.100           15.971           17.600         52.89                         
      0.600         10.510          109.991                15.137           16.014           17.600         53.08                         
      0.610         10.508          109.991                15.175           16.058           17.600         53.28                         
      0.620         10.507          109.991                15.214           16.102           17.600         53.48                         
      0.630         10.506          109.990                15.252           16.147           17.600         53.68                         
      0.640         10.504          109.990                15.291           16.193           17.600         53.89                         
      0.650         10.503          109.990                15.331           16.238           17.600         54.10                         
      0.660         10.501          109.989                15.371           16.285           17.600         54.31                         
      0.670         10.500          109.989                15.411           16.331           17.600         54.52                         
      0.680         10.499          109.989                15.451           16.378           17.600         54.74                         
      0.690         10.497          109.989                15.492           16.426           17.600         54.96                         
      0.700         10.496          109.988                15.532           16.473           17.600         55.18                         
      0.710         10.494          109.988                15.573           16.521           17.600         55.41                         
      0.720         10.492          109.988                15.614           16.569           17.600         55.63                         
      0.730         10.491          109.987                15.656           16.618           17.600         55.86                         
      0.740         10.489          109.987                15.697           16.666           17.600         56.09                         
      0.750         10.488          109.987                15.738           16.715           17.600         56.32                         
      0.760         10.486          109.987                15.780           16.764           17.600         56.56                         
      0.770         10.484          109.986                15.821           16.813           17.600         56.79                         
      0.780         10.483          109.986                15.863           16.862           17.600         57.03                         
      0.790         10.481          109.986                15.904           16.911           17.600         57.27                         
      0.800         10.479          109.985                15.946           16.960           17.600         57.51                         
      0.810         10.478          109.985                15.987           17.009           17.600         57.75                         
      0.820         10.476          109.985                16.029           17.058           17.600         57.99                         
      0.830         10.474          109.984                16.070           17.107           17.600         58.23                         
      0.840         10.472          109.984                16.111           17.155           17.600         58.48                         
      0.850         10.471          109.984                16.152           17.204           17.600         58.72                         
      0.860         10.469          109.983                16.192           17.253           17.600         58.97                         
      0.870         10.467          109.983                16.233           17.301           17.600         59.21                         
      0.880         10.465          109.983                16.273           17.349           17.600         59.46                         
      0.890         10.463          109.982                16.313           17.397           17.600         59.70                         
      0.900         10.462          109.982                16.353           17.445           17.600         59.95                         
      0.910         10.460          109.982                16.392           17.493           17.600         60.20                         
      0.920         10.458          109.981                16.431           17.540           17.600         60.45                         
      0.930         10.456          109.981                16.470           17.587           17.600         60.69                         
      0.940         10.454          109.981                16.509           17.634           17.600         60.94                         
      0.950         10.452          109.980                16.547           17.680           17.600         61.19                         
      0.960         10.451          109.980                16.585           17.726           17.600         61.43                         
      0.970         10.449          109.980                16.622           17.772           17.600         61.68                         
      0.980         10.447          109.979                16.659           17.817           17.600         61.92                         
      0.990         10.445          109.979                16.696           17.862           17.600         62.17                         
      1.000         10.443          109.979                16.732           17.906           17.600         62.41                         
      1.010         10.441          109.978                16.768           17.950           17.600         62.66                         
      1.020         10.439          109.978                16.804           17.994           17.600         62.90                         
      1.030         10.438          109.978                16.839           18.037           17.600         63.14                         
      1.040         10.436          109.977                16.873           18.079           17.600         63.38                         
      1.050         10.434          109.977                16.907           18.121           17.600         63.62                         
      1.060         10.432          109.977                16.941           18.163           17.600         63.86                         
      1.070         10.430          109.976                16.974           18.204           17.600         64.09                         
      1.080         10.428          109.976                17.006           18.245           17.600         64.33                         
      1.090         10.427          109.976                17.038           18.285           17.600         64.56                         
      1.100         10.425          109.975                17.070           18.324           17.600         64.79                         
      1.110         10.423          109.975                17.101           18.363           17.600         65.02                         
      1.120         10.421          109.975                17.132           18.401           17.600         65.25                         
      1.130         10.419          109.974                17.162           18.439           17.600         65.48                         
      1.140         10.418          109.974                17.191           18.476           17.600         65.70                         
      1.150         10.416          109.974                17.220           18.513           17.600         65.92                         
      1.160         10.414          109.973                17.249           18.549           17.600         66.14                         
      1.170         10.412          109.973                17.277           18.584           17.600         66.36                         
      1.180         10.411          109.973                17.304           18.619           17.600         66.58                         
      1.190         10.409          109.972                17.331           18.653           17.600         66.79                         
      1.200         10.407          109.972                17.357           18.687           17.600         67.00                         
      1.210         10.406          109.972                17.383           18.720           17.600         67.21                         
      1.220         10.404          109.972                17.408           18.752           17.600         67.42                         
      1.230         10.402          109.971                17.433           18.784           17.600         67.62                         
      1.240         10.401          109.971                17.457           18.815           17.600         67.82                         
      1.250         10.399          109.971                17.481           18.846           17.600         68.02                         
      1.260         10.398          109.970                17.504           18.876           17.600         68.21                         
      1.270         10.396          109.970                17.526           18.905           17.600         68.41                         
      1.280         10.395          109.970                17.548           18.934           17.600         68.59                         
      1.290         10.393          109.970                17.570           18.962           17.600         68.78                         
      1.300         10.391          109.969                17.591           18.989           17.600         68.96                         
      1.310         10.390          109.969                17.611           19.016           17.600         69.14                         
      1.320         10.389          109.969                17.631           19.042           17.600         69.32                         
      1.330         10.387          109.969                17.650           19.067           17.600         69.49                         
      1.340         10.386          109.968                17.669           19.092           17.600         69.67                         
      1.350         10.384          109.968                17.687           19.116           17.600         69.83                         
      1.360         10.383          109.968                17.705           19.140           17.600         70.00                         
      1.370         10.382          109.968                17.722           19.163           17.600         70.16                         
      1.380         10.380          109.967                17.739           19.185           17.600         70.31                         
      1.390         10.379          109.967                17.755           19.207           17.600         70.47                         
      1.400         10.378          109.967                17.771           19.228           17.600         70.62                         
      1.410         10.377          109.967                17.786           19.248           17.600         70.76                         
      1.420         10.375          109.966                17.801           19.268           17.600         70.90                         
      1.430         10.374          109.966                17.815           19.287           17.600         71.04                         
      1.440         10.373          109.966                17.829           19.306           17.600         71.18                         
      1.450         10.372          109.966                17.843           19.324           17.600         71.31                         
      1.460         10.371          109.966                17.855           19.341           17.600         71.44                         
      1.470         10.370          109.966                17.868           19.358           17.600         71.56                         
      1.480         10.369          109.965                17.880           19.374           17.600         71.68                         
      1.490         10.368          109.965                17.891           19.390           17.600         71.80                         
      1.500         10.367          109.965                17.902           19.405           17.600         71.91                         
      1.510         10.366          109.965                17.913           19.419           17.600         72.02                         
      1.520         10.365          109.965                17.923           19.433           17.600         72.12                         
      1.530         10.364          109.965                17.932           19.446           17.600         72.22                         
      1.540         10.364          109.964                17.942           19.459           17.600         72.32                         
      1.550         10.363          109.964                17.950           19.471           17.600         72.41                         
      1.560         10.362          109.964                17.959           19.483           17.600         72.49                         
      1.570         10.361          109.964                17.967           19.493           17.600         72.58                         
      1.580         10.361          109.964                17.974           19.504           17.600         72.66                         
      1.590         10.360          109.964                17.981           19.514           17.600         72.73                         
      1.600         10.360          109.964                17.988           19.523           17.600         72.80                         
      1.610         10.359          109.964                17.994           19.531           17.600         72.87                         
      1.620         10.358          109.964                18.000           19.539           17.600         72.93                         
      1.630         10.358          109.963                18.005           19.547           17.600         72.99                         
      1.640         10.357          109.963                18.010           19.554           17.600         73.05                         
      1.650         10.357          109.963                18.015           19.560           17.600         73.10                         
      1.660         10.357          109.963                18.019           19.566           17.600         73.14                         
      1.670         10.356          109.963                18.023           19.571           17.600         73.18                         
      1.680         10.356          109.963                18.026           19.576           17.600         73.22                         
      1.690         10.356          109.963                18.029           19.580           17.600         73.25                         
      1.700         10.355          109.963                18.032           19.584           17.600         73.28                         
      1.710         10.355          109.963                18.034           19.587           17.600         73.31                         
      1.720         10.355          109.963                18.036           19.589           17.600         73.33                         
      1.730         10.355          109.963                18.037           19.591           17.600         73.34                         
      1.740         10.355          109.963                18.038           19.593           17.600         73.35                         
      1.750         10.355          109.963                18.039           19.594           17.600         73.36                         
      1.760         10.355          109.963                18.039           19.594           17.600         73.36                         
      1.770         10.355          109.963                18.039           19.594           17.600         73.36                         
      1.780         10.355          109.963                18.038           19.593           17.600         73.35                         
      1.790         10.355          109.963                18.037           19.592           17.600         73.34                         
      1.800         10.355          109.963                18.036           19.590           17.600         73.33                         
      1.810         10.355          109.963                18.034           19.587           17.600         73.31                         
      1.820         10.355          109.963                18.032           19.584           17.600         73.29                         
      1.830         10.356          109.963                18.030           19.581           17.600         73.26                         
      1.840         10.356          109.963                18.027           19.577           17.600         73.23                         
      1.850         10.356          109.963                18.023           19.572           17.600         73.19                         
      1.860         10.357          109.963                18.020           19.567           17.600         73.15                         
      1.870         10.357          109.963                18.016           19.562           17.600         73.11                         
      1.880         10.357          109.963                18.011           19.555           17.600         73.06                         
      1.890         10.358          109.963                18.006           19.549           17.600         73.01                         
      1.900         10.358          109.964                18.001           19.541           17.600         72.95                         
      1.910         10.359          109.964                17.995           19.533           17.600         72.89                         
      1.920         10.359          109.964                17.989           19.525           17.600         72.82                         
      1.930         10.360          109.964                17.983           19.516           17.600         72.75                         
      1.940         10.361          109.964                17.976           19.506           17.600         72.68                         
      1.950         10.361          109.964                17.969           19.496           17.600         72.60                         
      1.960         10.362          109.964                17.961           19.486           17.600         72.52                         
      1.970         10.363          109.964                17.953           19.475           17.600         72.43                         
      1.980         10.363          109.964                17.944           19.463           17.600         72.34                         
      1.990         10.364          109.965                17.935           19.450           17.600         72.25                         
      2.000         10.365          109.965                17.926           19.437           17.600         72.15                         

