  ¬рем€            U                U                Pij              –г               –т г             ”гол рот         ќтн угол U       
                   601              1002             1001             601              601              601              601              
                                                     1002                                                                                 
                                                     1                                                                                    

                     6.300          110.000                 5.245           11.000           11.000         54.07                         
      0.010          6.300          110.000                 5.245           11.000           11.000         54.07                         
      0.020          6.300          110.000                 5.245           11.000           11.000         54.07                         
      0.030          6.300          110.000                 5.245           11.000           11.000         54.07                         
      0.040          6.300          110.000                 5.245           11.000           11.000         54.07                         
      0.050          6.300          110.000                 5.245           11.000           11.000         54.07                         
      0.060          6.300          110.000                 5.245           11.000           11.000         54.07                         
      0.070          6.300          110.000                 5.245           11.000           11.000         54.07                         
      0.080          6.300          110.000                 5.245           11.000           11.000         54.07                         
      0.090          6.300          110.000                 5.245           11.000           11.000         54.07                         
      0.100          6.300          110.000                 5.245           11.000           11.000         54.07                         
      0.100          6.326          109.993                 9.764           10.198           11.000         54.07                         
      0.110          6.326          109.993                 9.764           10.198           11.000         54.07                         
      0.120          6.326          109.993                 9.765           10.198           11.000         54.07                         
      0.130          6.326          109.993                 9.765           10.199           11.000         54.08                         
      0.140          6.326          109.993                 9.766           10.200           11.000         54.08                         
      0.150          6.326          109.993                 9.767           10.201           11.000         54.09                         
      0.160          6.325          109.993                 9.768           10.202           11.000         54.10                         
      0.170          6.325          109.993                 9.770           10.204           11.000         54.12                         
      0.180          6.325          109.993                 9.771           10.206           11.000         54.13                         
      0.190          6.325          109.993                 9.773           10.208           11.000         54.15                         
      0.200          6.325          109.993                 9.775           10.210           11.000         54.16                         
      0.210          6.325          109.993                 9.778           10.213           11.000         54.18                         
      0.220          6.325          109.993                 9.780           10.215           11.000         54.20                         
      0.230          6.325          109.993                 9.783           10.218           11.000         54.23                         
      0.240          6.324          109.993                 9.786           10.222           11.000         54.25                         
      0.250          6.324          109.993                 9.789           10.225           11.000         54.28                         
      0.260          6.324          109.993                 9.792           10.229           11.000         54.30                         
      0.270          6.324          109.993                 9.796           10.233           11.000         54.33                         
      0.280          6.324          109.993                 9.799           10.237           11.000         54.36                         
      0.290          6.323          109.993                 9.803           10.241           11.000         54.40                         
      0.300          6.323          109.993                 9.807           10.246           11.000         54.43                         
      0.310          6.323          109.993                 9.812           10.251           11.000         54.47                         
      0.320          6.323          109.993                 9.816           10.256           11.000         54.50                         
      0.330          6.322          109.993                 9.821           10.261           11.000         54.54                         
      0.340          6.322          109.993                 9.826           10.266           11.000         54.58                         
      0.350          6.322          109.993                 9.831           10.272           11.000         54.63                         
      0.360          6.321          109.993                 9.836           10.278           11.000         54.67                         
      0.370          6.321          109.993                 9.841           10.284           11.000         54.72                         
      0.380          6.321          109.993                 9.847           10.290           11.000         54.76                         
      0.390          6.320          109.993                 9.853           10.297           11.000         54.81                         
      0.400          6.320          109.993                 9.858           10.303           11.000         54.86                         
      0.410          6.320          109.993                 9.865           10.310           11.000         54.91                         
      0.420          6.319          109.993                 9.871           10.317           11.000         54.97                         
      0.430          6.319          109.993                 9.877           10.324           11.000         55.02                         
      0.440          6.319          109.993                 9.884           10.332           11.000         55.08                         
      0.450          6.318          109.993                 9.890           10.339           11.000         55.13                         
      0.460          6.318          109.992                 9.897           10.347           11.000         55.19                         
      0.470          6.317          109.992                 9.904           10.355           11.000         55.25                         
      0.480          6.317          109.992                 9.911           10.363           11.000         55.31                         
      0.490          6.316          109.992                 9.919           10.371           11.000         55.38                         
      0.500          6.316          109.992                 9.926           10.379           11.000         55.44                         
      0.510          6.316          109.992                 9.934           10.388           11.000         55.51                         
      0.520          6.315          109.992                 9.941           10.397           11.000         55.57                         
      0.530          6.315          109.992                 9.949           10.405           11.000         55.64                         
      0.540          6.314          109.992                 9.957           10.414           11.000         55.71                         
      0.550          6.314          109.992                 9.965           10.423           11.000         55.78                         
      0.560          6.313          109.992                 9.973           10.433           11.000         55.85                         
      0.570          6.313          109.992                 9.982           10.442           11.000         55.92                         
      0.580          6.312          109.992                 9.990           10.452           11.000         56.00                         
      0.590          6.311          109.992                 9.999           10.461           11.000         56.07                         
      0.600          6.311          109.992                10.007           10.471           11.000         56.15                         
      0.610          6.310          109.992                10.016           10.481           11.000         56.23                         
      0.620          6.310          109.992                10.025           10.491           11.000         56.30                         
      0.630          6.309          109.992                10.034           10.501           11.000         56.38                         
      0.640          6.309          109.991                10.043           10.511           11.000         56.46                         
      0.650          6.308          109.991                10.052           10.522           11.000         56.54                         
      0.660          6.307          109.991                10.061           10.532           11.000         56.63                         
      0.670          6.307          109.991                10.071           10.543           11.000         56.71                         
      0.680          6.306          109.991                10.080           10.553           11.000         56.79                         
      0.690          6.306          109.991                10.090           10.564           11.000         56.88                         
      0.700          6.305          109.991                10.099           10.575           11.000         56.96                         
      0.710          6.304          109.991                10.109           10.586           11.000         57.05                         
      0.720          6.304          109.991                10.119           10.597           11.000         57.14                         
      0.730          6.303          109.991                10.128           10.608           11.000         57.23                         
      0.740          6.302          109.991                10.138           10.619           11.000         57.32                         
      0.750          6.302          109.991                10.148           10.631           11.000         57.41                         
      0.760          6.301          109.991                10.158           10.642           11.000         57.50                         
      0.770          6.300          109.991                10.168           10.653           11.000         57.59                         
      0.780          6.300          109.990                10.178           10.665           11.000         57.68                         
      0.790          6.299          109.990                10.188           10.676           11.000         57.77                         
      0.800          6.298          109.990                10.198           10.688           11.000         57.87                         
      0.810          6.298          109.990                10.208           10.699           11.000         57.96                         
      0.820          6.297          109.990                10.219           10.711           11.000         58.05                         
      0.830          6.296          109.990                10.229           10.723           11.000         58.15                         
      0.840          6.295          109.990                10.239           10.734           11.000         58.24                         
      0.850          6.295          109.990                10.249           10.746           11.000         58.34                         
      0.860          6.294          109.990                10.260           10.758           11.000         58.44                         
      0.870          6.293          109.990                10.270           10.770           11.000         58.53                         
      0.880          6.293          109.990                10.280           10.781           11.000         58.63                         
      0.890          6.292          109.990                10.291           10.793           11.000         58.73                         
      0.900          6.291          109.989                10.301           10.805           11.000         58.83                         
      0.910          6.290          109.989                10.311           10.817           11.000         58.93                         
      0.920          6.290          109.989                10.322           10.829           11.000         59.02                         
      0.930          6.289          109.989                10.332           10.841           11.000         59.12                         
      0.940          6.288          109.989                10.343           10.853           11.000         59.22                         
      0.950          6.287          109.989                10.353           10.865           11.000         59.32                         
      0.960          6.287          109.989                10.363           10.876           11.000         59.42                         
      0.970          6.286          109.989                10.374           10.888           11.000         59.52                         
      0.980          6.285          109.989                10.384           10.900           11.000         59.62                         
      0.990          6.284          109.989                10.394           10.912           11.000         59.72                         
      1.000          6.284          109.989                10.405           10.924           11.000         59.82                         
      1.010          6.283          109.989                10.415           10.936           11.000         59.92                         
      1.020          6.282          109.988                10.425           10.948           11.000         60.02                         
      1.030          6.281          109.988                10.435           10.959           11.000         60.12                         
      1.040          6.280          109.988                10.445           10.971           11.000         60.22                         
      1.050          6.280          109.988                10.456           10.983           11.000         60.33                         
      1.060          6.279          109.988                10.466           10.994           11.000         60.43                         
      1.070          6.278          109.988                10.476           11.006           11.000         60.53                         
      1.080          6.277          109.988                10.486           11.018           11.000         60.63                         
      1.090          6.277          109.988                10.496           11.029           11.000         60.73                         
      1.100          6.276          109.988                10.506           11.041           11.000         60.83                         
      1.110          6.275          109.988                10.516           11.052           11.000         60.93                         
      1.120          6.274          109.988                10.525           11.064           11.000         61.03                         
      1.130          6.274          109.987                10.535           11.075           11.000         61.13                         
      1.140          6.273          109.987                10.545           11.086           11.000         61.23                         
      1.150          6.272          109.987                10.555           11.097           11.000         61.32                         
      1.160          6.271          109.987                10.564           11.109           11.000         61.42                         
      1.170          6.270          109.987                10.574           11.120           11.000         61.52                         
      1.180          6.270          109.987                10.583           11.131           11.000         61.62                         
      1.190          6.269          109.987                10.593           11.142           11.000         61.72                         
      1.200          6.268          109.987                10.602           11.153           11.000         61.82                         
      1.210          6.267          109.987                10.611           11.163           11.000         61.91                         
      1.220          6.267          109.987                10.621           11.174           11.000         62.01                         
      1.230          6.266          109.987                10.630           11.185           11.000         62.10                         
      1.240          6.265          109.987                10.639           11.195           11.000         62.20                         
      1.250          6.264          109.986                10.648           11.206           11.000         62.30                         
      1.260          6.264          109.986                10.657           11.216           11.000         62.39                         
      1.270          6.263          109.986                10.665           11.227           11.000         62.48                         
      1.280          6.262          109.986                10.674           11.237           11.000         62.58                         
      1.290          6.261          109.986                10.683           11.247           11.000         62.67                         
      1.300          6.261          109.986                10.691           11.257           11.000         62.76                         
      1.310          6.260          109.986                10.700           11.267           11.000         62.85                         
      1.320          6.259          109.986                10.708           11.277           11.000         62.95                         
      1.330          6.259          109.986                10.717           11.287           11.000         63.04                         
      1.340          6.258          109.986                10.725           11.296           11.000         63.13                         
      1.350          6.257          109.986                10.733           11.306           11.000         63.21                         
      1.360          6.256          109.986                10.741           11.315           11.000         63.30                         
      1.370          6.256          109.986                10.749           11.325           11.000         63.39                         
      1.380          6.255          109.985                10.757           11.334           11.000         63.48                         
      1.390          6.254          109.985                10.765           11.343           11.000         63.56                         
      1.400          6.254          109.985                10.772           11.352           11.000         63.65                         
      1.410          6.253          109.985                10.780           11.361           11.000         63.73                         
      1.420          6.252          109.985                10.787           11.370           11.000         63.82                         
      1.430          6.252          109.985                10.795           11.379           11.000         63.90                         
      1.440          6.251          109.985                10.802           11.387           11.000         63.98                         
      1.450          6.250          109.985                10.809           11.396           11.000         64.06                         
      1.460          6.250          109.985                10.816           11.404           11.000         64.14                         
      1.470          6.249          109.985                10.823           11.412           11.000         64.22                         
      1.480          6.248          109.985                10.830           11.420           11.000         64.30                         
      1.490          6.248          109.985                10.837           11.428           11.000         64.38                         
      1.500          6.247          109.985                10.844           11.436           11.000         64.45                         
      1.510          6.247          109.985                10.850           11.444           11.000         64.53                         
      1.520          6.246          109.984                10.857           11.452           11.000         64.60                         
      1.530          6.245          109.984                10.863           11.459           11.000         64.67                         
      1.540          6.245          109.984                10.869           11.466           11.000         64.75                         
      1.550          6.244          109.984                10.875           11.474           11.000         64.82                         
      1.560          6.244          109.984                10.881           11.481           11.000         64.89                         
      1.570          6.243          109.984                10.887           11.488           11.000         64.96                         
      1.580          6.243          109.984                10.893           11.495           11.000         65.02                         
      1.590          6.242          109.984                10.899           11.501           11.000         65.09                         
      1.600          6.241          109.984                10.904           11.508           11.000         65.16                         
      1.610          6.241          109.984                10.910           11.515           11.000         65.22                         
      1.620          6.240          109.984                10.915           11.521           11.000         65.28                         
      1.630          6.240          109.984                10.920           11.527           11.000         65.34                         
      1.640          6.239          109.984                10.925           11.533           11.000         65.41                         
      1.650          6.239          109.984                10.930           11.539           11.000         65.46                         
      1.660          6.238          109.984                10.935           11.545           11.000         65.52                         
      1.670          6.238          109.984                10.940           11.551           11.000         65.58                         
      1.680          6.238          109.984                10.945           11.556           11.000         65.64                         
      1.690          6.237          109.983                10.949           11.562           11.000         65.69                         
      1.700          6.237          109.983                10.954           11.567           11.000         65.74                         
      1.710          6.236          109.983                10.958           11.572           11.000         65.80                         
      1.720          6.236          109.983                10.962           11.577           11.000         65.85                         
      1.730          6.235          109.983                10.966           11.582           11.000         65.90                         
      1.740          6.235          109.983                10.970           11.587           11.000         65.94                         
      1.750          6.235          109.983                10.974           11.592           11.000         65.99                         
      1.760          6.234          109.983                10.978           11.596           11.000         66.04                         
      1.770          6.234          109.983                10.981           11.600           11.000         66.08                         
      1.780          6.234          109.983                10.985           11.605           11.000         66.12                         
      1.790          6.233          109.983                10.988           11.609           11.000         66.17                         
      1.800          6.233          109.983                10.992           11.613           11.000         66.21                         
      1.810          6.233          109.983                10.995           11.617           11.000         66.25                         
      1.820          6.232          109.983                10.998           11.620           11.000         66.28                         
      1.830          6.232          109.983                11.001           11.624           11.000         66.32                         
      1.840          6.232          109.983                11.004           11.627           11.000         66.35                         
      1.850          6.231          109.983                11.006           11.630           11.000         66.39                         
      1.860          6.231          109.983                11.009           11.633           11.000         66.42                         
      1.870          6.231          109.983                11.011           11.636           11.000         66.45                         
      1.880          6.231          109.983                11.014           11.639           11.000         66.48                         
      1.890          6.230          109.983                11.016           11.642           11.000         66.51                         
      1.900          6.230          109.983                11.018           11.645           11.000         66.53                         
      1.910          6.230          109.983                11.020           11.647           11.000         66.56                         
      1.920          6.230          109.983                11.022           11.649           11.000         66.58                         
      1.930          6.230          109.983                11.024           11.651           11.000         66.60                         
      1.940          6.229          109.983                11.025           11.653           11.000         66.63                         
      1.950          6.229          109.983                11.027           11.655           11.000         66.64                         
      1.960          6.229          109.983                11.028           11.657           11.000         66.66                         
      1.970          6.229          109.983                11.030           11.659           11.000         66.68                         
      1.980          6.229          109.983                11.031           11.660           11.000         66.69                         
      1.990          6.229          109.983                11.032           11.661           11.000         66.71                         
      2.000          6.229          109.983                11.033           11.663           11.000         66.72                         

