  ¬рем€            U                U                Pij              –г               –т г             ”гол рот         ќтн угол U       
                   601              1002             1001             601              601              601              601              
                                                     1002                                                                                 
                                                     1                                                                                    

                     6.300          110.000                 4.614            9.600            9.600         45.81                         
      0.010          6.300          110.000                 4.614            9.600            9.600         45.81                         
      0.020          6.300          110.000                 4.614            9.600            9.600         45.81                         
      0.030          6.300          110.000                 4.614            9.600            9.600         45.81                         
      0.040          6.300          110.000                 4.614            9.600            9.600         45.81                         
      0.050          6.300          110.000                 4.614            9.600            9.600         45.81                         
      0.060          6.300          110.000                 4.614            9.600            9.600         45.81                         
      0.070          6.300          110.000                 4.614            9.600            9.600         45.81                         
      0.080          6.300          110.000                 4.614            9.600            9.600         45.81                         
      0.090          6.300          110.000                 4.614            9.600            9.600         45.81                         
      0.100          6.300          110.000                 4.614            9.600            9.600         45.81                         
      0.100          6.320          109.993                 8.577            8.893            9.600         45.81                         
      0.110          6.320          109.993                 8.577            8.893            9.600         45.81                         
      0.120          6.320          109.993                 8.577            8.893            9.600         45.81                         
      0.130          6.320          109.993                 8.578            8.894            9.600         45.81                         
      0.140          6.320          109.993                 8.579            8.895            9.600         45.82                         
      0.150          6.320          109.993                 8.580            8.896            9.600         45.83                         
      0.160          6.320          109.993                 8.581            8.897            9.600         45.83                         
      0.170          6.320          109.993                 8.583            8.899            9.600         45.85                         
      0.180          6.320          109.993                 8.584            8.901            9.600         45.86                         
      0.190          6.320          109.993                 8.586            8.903            9.600         45.87                         
      0.200          6.320          109.993                 8.589            8.905            9.600         45.89                         
      0.210          6.320          109.993                 8.591            8.908            9.600         45.90                         
      0.220          6.320          109.993                 8.594            8.911            9.600         45.92                         
      0.230          6.319          109.993                 8.596            8.914            9.600         45.94                         
      0.240          6.319          109.993                 8.599            8.917            9.600         45.96                         
      0.250          6.319          109.993                 8.603            8.921            9.600         45.99                         
      0.260          6.319          109.993                 8.606            8.924            9.600         46.01                         
      0.270          6.319          109.993                 8.610            8.928            9.600         46.04                         
      0.280          6.319          109.993                 8.614            8.933            9.600         46.06                         
      0.290          6.319          109.993                 8.618            8.937            9.600         46.09                         
      0.300          6.318          109.993                 8.622            8.942            9.600         46.12                         
      0.310          6.318          109.993                 8.626            8.947            9.600         46.15                         
      0.320          6.318          109.993                 8.631            8.952            9.600         46.19                         
      0.330          6.318          109.993                 8.636            8.957            9.600         46.22                         
      0.340          6.318          109.993                 8.641            8.962            9.600         46.26                         
      0.350          6.317          109.993                 8.646            8.968            9.600         46.30                         
      0.360          6.317          109.993                 8.652            8.974            9.600         46.33                         
      0.370          6.317          109.993                 8.657            8.980            9.600         46.37                         
      0.380          6.317          109.993                 8.663            8.986            9.600         46.41                         
      0.390          6.316          109.992                 8.669            8.993            9.600         46.46                         
      0.400          6.316          109.992                 8.675            9.000            9.600         46.50                         
      0.410          6.316          109.992                 8.681            9.007            9.600         46.55                         
      0.420          6.315          109.992                 8.688            9.014            9.600         46.59                         
      0.430          6.315          109.992                 8.695            9.021            9.600         46.64                         
      0.440          6.315          109.992                 8.701            9.028            9.600         46.69                         
      0.450          6.315          109.992                 8.708            9.036            9.600         46.74                         
      0.460          6.314          109.992                 8.715            9.044            9.600         46.79                         
      0.470          6.314          109.992                 8.723            9.052            9.600         46.84                         
      0.480          6.314          109.992                 8.730            9.060            9.600         46.90                         
      0.490          6.313          109.992                 8.738            9.068            9.600         46.95                         
      0.500          6.313          109.992                 8.745            9.076            9.600         47.01                         
      0.510          6.313          109.992                 8.753            9.085            9.600         47.06                         
      0.520          6.312          109.992                 8.761            9.094            9.600         47.12                         
      0.530          6.312          109.992                 8.769            9.103            9.600         47.18                         
      0.540          6.311          109.992                 8.778            9.112            9.600         47.24                         
      0.550          6.311          109.992                 8.786            9.121            9.600         47.30                         
      0.560          6.311          109.992                 8.795            9.130            9.600         47.36                         
      0.570          6.310          109.992                 8.803            9.140            9.600         47.42                         
      0.580          6.310          109.992                 8.812            9.149            9.600         47.49                         
      0.590          6.310          109.992                 8.821            9.159            9.600         47.55                         
      0.600          6.309          109.992                 8.830            9.169            9.600         47.62                         
      0.610          6.309          109.992                 8.839            9.179            9.600         47.68                         
      0.620          6.308          109.992                 8.848            9.189            9.600         47.75                         
      0.630          6.308          109.991                 8.858            9.199            9.600         47.82                         
      0.640          6.307          109.991                 8.867            9.210            9.600         47.89                         
      0.650          6.307          109.991                 8.876            9.220            9.600         47.96                         
      0.660          6.307          109.991                 8.886            9.231            9.600         48.03                         
      0.670          6.306          109.991                 8.896            9.241            9.600         48.10                         
      0.680          6.306          109.991                 8.906            9.252            9.600         48.17                         
      0.690          6.305          109.991                 8.915            9.263            9.600         48.24                         
      0.700          6.305          109.991                 8.925            9.274            9.600         48.32                         
      0.710          6.304          109.991                 8.935            9.284            9.600         48.39                         
      0.720          6.304          109.991                 8.945            9.296            9.600         48.47                         
      0.730          6.303          109.991                 8.955            9.307            9.600         48.54                         
      0.740          6.303          109.991                 8.966            9.318            9.600         48.62                         
      0.750          6.302          109.991                 8.976            9.329            9.600         48.69                         
      0.760          6.302          109.991                 8.986            9.340            9.600         48.77                         
      0.770          6.301          109.991                 8.997            9.352            9.600         48.85                         
      0.780          6.301          109.991                 9.007            9.363            9.600         48.93                         
      0.790          6.300          109.991                 9.017            9.375            9.600         49.00                         
      0.800          6.300          109.991                 9.028            9.386            9.600         49.08                         
      0.810          6.299          109.990                 9.038            9.398            9.600         49.16                         
      0.820          6.299          109.990                 9.049            9.409            9.600         49.24                         
      0.830          6.298          109.990                 9.059            9.421            9.600         49.32                         
      0.840          6.298          109.990                 9.070            9.433            9.600         49.40                         
      0.850          6.297          109.990                 9.081            9.444            9.600         49.48                         
      0.860          6.297          109.990                 9.091            9.456            9.600         49.56                         
      0.870          6.296          109.990                 9.102            9.468            9.600         49.64                         
      0.880          6.296          109.990                 9.112            9.479            9.600         49.72                         
      0.890          6.295          109.990                 9.123            9.491            9.600         49.80                         
      0.900          6.295          109.990                 9.134            9.503            9.600         49.88                         
      0.910          6.294          109.990                 9.144            9.515            9.600         49.97                         
      0.920          6.294          109.990                 9.155            9.527            9.600         50.05                         
      0.930          6.293          109.990                 9.166            9.538            9.600         50.13                         
      0.940          6.292          109.990                 9.176            9.550            9.600         50.21                         
      0.950          6.292          109.990                 9.187            9.562            9.600         50.29                         
      0.960          6.291          109.990                 9.198            9.573            9.600         50.37                         
      0.970          6.291          109.989                 9.208            9.585            9.600         50.46                         
      0.980          6.290          109.989                 9.219            9.597            9.600         50.54                         
      0.990          6.290          109.989                 9.229            9.608            9.600         50.62                         
      1.000          6.289          109.989                 9.240            9.620            9.600         50.70                         
      1.010          6.289          109.989                 9.250            9.632            9.600         50.78                         
      1.020          6.288          109.989                 9.261            9.643            9.600         50.86                         
      1.030          6.288          109.989                 9.271            9.655            9.600         50.94                         
      1.040          6.287          109.989                 9.281            9.666            9.600         51.03                         
      1.050          6.287          109.989                 9.292            9.678            9.600         51.11                         
      1.060          6.286          109.989                 9.302            9.689            9.600         51.19                         
      1.070          6.285          109.989                 9.312            9.700            9.600         51.27                         
      1.080          6.285          109.989                 9.322            9.711            9.600         51.35                         
      1.090          6.284          109.989                 9.332            9.723            9.600         51.43                         
      1.100          6.284          109.989                 9.342            9.734            9.600         51.51                         
      1.110          6.283          109.989                 9.352            9.745            9.600         51.58                         
      1.120          6.283          109.989                 9.362            9.756            9.600         51.66                         
      1.130          6.282          109.988                 9.372            9.767            9.600         51.74                         
      1.140          6.282          109.988                 9.382            9.777            9.600         51.82                         
      1.150          6.281          109.988                 9.391            9.788            9.600         51.90                         
      1.160          6.281          109.988                 9.401            9.799            9.600         51.97                         
      1.170          6.280          109.988                 9.410            9.809            9.600         52.05                         
      1.180          6.280          109.988                 9.420            9.820            9.600         52.12                         
      1.190          6.279          109.988                 9.429            9.830            9.600         52.20                         
      1.200          6.279          109.988                 9.439            9.841            9.600         52.27                         
      1.210          6.278          109.988                 9.448            9.851            9.600         52.35                         
      1.220          6.278          109.988                 9.457            9.861            9.600         52.42                         
      1.230          6.277          109.988                 9.466            9.871            9.600         52.49                         
      1.240          6.277          109.988                 9.475            9.881            9.600         52.57                         
      1.250          6.276          109.988                 9.483            9.891            9.600         52.64                         
      1.260          6.276          109.988                 9.492            9.900            9.600         52.71                         
      1.270          6.275          109.988                 9.501            9.910            9.600         52.78                         
      1.280          6.275          109.988                 9.509            9.919            9.600         52.85                         
      1.290          6.274          109.988                 9.518            9.929            9.600         52.92                         
      1.300          6.274          109.988                 9.526            9.938            9.600         52.98                         
      1.310          6.273          109.987                 9.534            9.947            9.600         53.05                         
      1.320          6.273          109.987                 9.542            9.956            9.600         53.12                         
      1.330          6.272          109.987                 9.550            9.965            9.600         53.18                         
      1.340          6.272          109.987                 9.558            9.974            9.600         53.25                         
      1.350          6.272          109.987                 9.566            9.982            9.600         53.31                         
      1.360          6.271          109.987                 9.573            9.991            9.600         53.37                         
      1.370          6.271          109.987                 9.581            9.999            9.600         53.44                         
      1.380          6.270          109.987                 9.588           10.007            9.600         53.50                         
      1.390          6.270          109.987                 9.595           10.015            9.600         53.56                         
      1.400          6.269          109.987                 9.602           10.023            9.600         53.61                         
      1.410          6.269          109.987                 9.609           10.031            9.600         53.67                         
      1.420          6.269          109.987                 9.616           10.039            9.600         53.73                         
      1.430          6.268          109.987                 9.623           10.046            9.600         53.79                         
      1.440          6.268          109.987                 9.629           10.054            9.600         53.84                         
      1.450          6.267          109.987                 9.636           10.061            9.600         53.89                         
      1.460          6.267          109.987                 9.642           10.068            9.600         53.95                         
      1.470          6.267          109.987                 9.648           10.075            9.600         54.00                         
      1.480          6.266          109.987                 9.654           10.082            9.600         54.05                         
      1.490          6.266          109.987                 9.660           10.088            9.600         54.10                         
      1.500          6.266          109.987                 9.666           10.095            9.600         54.15                         
      1.510          6.265          109.987                 9.672           10.101            9.600         54.20                         
      1.520          6.265          109.987                 9.677           10.107            9.600         54.24                         
      1.530          6.265          109.986                 9.682           10.113            9.600         54.29                         
      1.540          6.264          109.986                 9.688           10.119            9.600         54.33                         
      1.550          6.264          109.986                 9.693           10.125            9.600         54.37                         
      1.560          6.264          109.986                 9.698           10.130            9.600         54.42                         
      1.570          6.264          109.986                 9.702           10.136            9.600         54.46                         
      1.580          6.263          109.986                 9.707           10.141            9.600         54.50                         
      1.590          6.263          109.986                 9.712           10.146            9.600         54.53                         
      1.600          6.263          109.986                 9.716           10.151            9.600         54.57                         
      1.610          6.262          109.986                 9.720           10.155            9.600         54.61                         
      1.620          6.262          109.986                 9.724           10.160            9.600         54.64                         
      1.630          6.262          109.986                 9.728           10.164            9.600         54.67                         
      1.640          6.262          109.986                 9.732           10.168            9.600         54.71                         
      1.650          6.262          109.986                 9.735           10.173            9.600         54.74                         
      1.660          6.261          109.986                 9.739           10.176            9.600         54.77                         
      1.670          6.261          109.986                 9.742           10.180            9.600         54.79                         
      1.680          6.261          109.986                 9.745           10.184            9.600         54.82                         
      1.690          6.261          109.986                 9.748           10.187            9.600         54.85                         
      1.700          6.261          109.986                 9.751           10.190            9.600         54.87                         
      1.710          6.260          109.986                 9.754           10.193            9.600         54.89                         
      1.720          6.260          109.986                 9.756           10.196            9.600         54.92                         
      1.730          6.260          109.986                 9.759           10.199            9.600         54.94                         
      1.740          6.260          109.986                 9.761           10.201            9.600         54.96                         
      1.750          6.260          109.986                 9.763           10.203            9.600         54.97                         
      1.760          6.260          109.986                 9.765           10.206            9.600         54.99                         
      1.770          6.260          109.986                 9.766           10.208            9.600         55.00                         
      1.780          6.260          109.986                 9.768           10.209            9.600         55.02                         
      1.790          6.259          109.986                 9.769           10.211            9.600         55.03                         
      1.800          6.259          109.986                 9.771           10.212            9.600         55.04                         
      1.810          6.259          109.986                 9.772           10.214            9.600         55.05                         
      1.820          6.259          109.986                 9.773           10.215            9.600         55.06                         
      1.830          6.259          109.986                 9.774           10.216            9.600         55.07                         
      1.840          6.259          109.986                 9.774           10.216            9.600         55.07                         
      1.850          6.259          109.986                 9.775           10.217            9.600         55.08                         
      1.860          6.259          109.986                 9.775           10.217            9.600         55.08                         
      1.870          6.259          109.986                 9.775           10.218            9.600         55.08                         
      1.880          6.259          109.986                 9.775           10.218            9.600         55.08                         
      1.890          6.259          109.986                 9.775           10.217            9.600         55.08                         
      1.900          6.259          109.986                 9.775           10.217            9.600         55.08                         
      1.910          6.259          109.986                 9.775           10.217            9.600         55.07                         
      1.920          6.259          109.986                 9.774           10.216            9.600         55.07                         
      1.930          6.259          109.986                 9.773           10.215            9.600         55.06                         
      1.940          6.259          109.986                 9.772           10.214            9.600         55.06                         
      1.950          6.259          109.986                 9.771           10.213            9.600         55.05                         
      1.960          6.259          109.986                 9.770           10.212            9.600         55.04                         
      1.970          6.260          109.986                 9.769           10.210            9.600         55.02                         
      1.980          6.260          109.986                 9.767           10.208            9.600         55.01                         
      1.990          6.260          109.986                 9.766           10.207            9.600         55.00                         
      2.000          6.260          109.986                 9.764           10.204            9.600         54.98                         

