  ¬рем€            U                U                Pij              –г               –т г             ”гол рот         ќтн угол U       
                   601              1002             1001             601              601              601              601              
                                                     1002                                                                                 
                                                     1                                                                                    

                     6.300          110.000                 5.156           10.800           10.800         52.83                         
      0.010          6.300          110.000                 5.156           10.800           10.800         52.83                         
      0.020          6.300          110.000                 5.156           10.800           10.800         52.83                         
      0.030          6.300          110.000                 5.156           10.800           10.800         52.83                         
      0.040          6.300          110.000                 5.156           10.800           10.800         52.83                         
      0.050          6.300          110.000                 5.156           10.800           10.800         52.83                         
      0.060          6.300          110.000                 5.156           10.800           10.800         52.83                         
      0.070          6.300          110.000                 5.156           10.800           10.800         52.83                         
      0.080          6.300          110.000                 5.156           10.800           10.800         52.83                         
      0.090          6.300          110.000                 5.156           10.800           10.800         52.83                         
      0.100          6.300          110.000                 5.156           10.800           10.800         52.83                         
      0.100          6.325          109.993                 9.596           10.011           10.800         52.83                         
      0.110          6.325          109.993                 9.596           10.011           10.800         52.83                         
      0.120          6.325          109.993                 9.597           10.011           10.800         52.83                         
      0.130          6.325          109.993                 9.597           10.012           10.800         52.84                         
      0.140          6.325          109.993                 9.598           10.013           10.800         52.85                         
      0.150          6.325          109.993                 9.599           10.014           10.800         52.85                         
      0.160          6.325          109.993                 9.600           10.015           10.800         52.86                         
      0.170          6.325          109.993                 9.602           10.017           10.800         52.88                         
      0.180          6.324          109.993                 9.604           10.019           10.800         52.89                         
      0.190          6.324          109.993                 9.605           10.021           10.800         52.90                         
      0.200          6.324          109.993                 9.608           10.023           10.800         52.92                         
      0.210          6.324          109.993                 9.610           10.026           10.800         52.94                         
      0.220          6.324          109.993                 9.612           10.029           10.800         52.96                         
      0.230          6.324          109.993                 9.615           10.032           10.800         52.98                         
      0.240          6.324          109.993                 9.618           10.035           10.800         53.01                         
      0.250          6.323          109.993                 9.621           10.039           10.800         53.03                         
      0.260          6.323          109.993                 9.625           10.042           10.800         53.06                         
      0.270          6.323          109.993                 9.628           10.046           10.800         53.09                         
      0.280          6.323          109.993                 9.632           10.051           10.800         53.12                         
      0.290          6.323          109.993                 9.636           10.055           10.800         53.15                         
      0.300          6.322          109.993                 9.640           10.060           10.800         53.19                         
      0.310          6.322          109.993                 9.644           10.064           10.800         53.22                         
      0.320          6.322          109.993                 9.649           10.069           10.800         53.26                         
      0.330          6.322          109.993                 9.654           10.075           10.800         53.30                         
      0.340          6.321          109.993                 9.658           10.080           10.800         53.34                         
      0.350          6.321          109.993                 9.664           10.086           10.800         53.38                         
      0.360          6.321          109.993                 9.669           10.092           10.800         53.42                         
      0.370          6.320          109.993                 9.674           10.098           10.800         53.47                         
      0.380          6.320          109.993                 9.680           10.104           10.800         53.51                         
      0.390          6.320          109.993                 9.686           10.111           10.800         53.56                         
      0.400          6.319          109.993                 9.692           10.117           10.800         53.61                         
      0.410          6.319          109.993                 9.698           10.124           10.800         53.66                         
      0.420          6.319          109.993                 9.704           10.131           10.800         53.71                         
      0.430          6.318          109.993                 9.710           10.138           10.800         53.77                         
      0.440          6.318          109.993                 9.717           10.146           10.800         53.82                         
      0.450          6.318          109.992                 9.724           10.153           10.800         53.88                         
      0.460          6.317          109.992                 9.731           10.161           10.800         53.93                         
      0.470          6.317          109.992                 9.738           10.169           10.800         53.99                         
      0.480          6.316          109.992                 9.745           10.177           10.800         54.05                         
      0.490          6.316          109.992                 9.752           10.185           10.800         54.11                         
      0.500          6.315          109.992                 9.760           10.194           10.800         54.18                         
      0.510          6.315          109.992                 9.768           10.202           10.800         54.24                         
      0.520          6.315          109.992                 9.775           10.211           10.800         54.31                         
      0.530          6.314          109.992                 9.783           10.220           10.800         54.37                         
      0.540          6.314          109.992                 9.791           10.229           10.800         54.44                         
      0.550          6.313          109.992                 9.800           10.238           10.800         54.51                         
      0.560          6.313          109.992                 9.808           10.248           10.800         54.58                         
      0.570          6.312          109.992                 9.816           10.257           10.800         54.65                         
      0.580          6.312          109.992                 9.825           10.267           10.800         54.72                         
      0.590          6.311          109.992                 9.833           10.276           10.800         54.80                         
      0.600          6.311          109.992                 9.842           10.286           10.800         54.87                         
      0.610          6.310          109.992                 9.851           10.296           10.800         54.95                         
      0.620          6.310          109.992                 9.860           10.306           10.800         55.02                         
      0.630          6.309          109.991                 9.869           10.316           10.800         55.10                         
      0.640          6.308          109.991                 9.878           10.327           10.800         55.18                         
      0.650          6.308          109.991                 9.888           10.337           10.800         55.26                         
      0.660          6.307          109.991                 9.897           10.348           10.800         55.34                         
      0.670          6.307          109.991                 9.906           10.358           10.800         55.42                         
      0.680          6.306          109.991                 9.916           10.369           10.800         55.50                         
      0.690          6.305          109.991                 9.925           10.380           10.800         55.59                         
      0.700          6.305          109.991                 9.935           10.391           10.800         55.67                         
      0.710          6.304          109.991                 9.945           10.402           10.800         55.76                         
      0.720          6.304          109.991                 9.955           10.413           10.800         55.84                         
      0.730          6.303          109.991                 9.965           10.424           10.800         55.93                         
      0.740          6.302          109.991                 9.975           10.435           10.800         56.01                         
      0.750          6.302          109.991                 9.985           10.447           10.800         56.10                         
      0.760          6.301          109.991                 9.995           10.458           10.800         56.19                         
      0.770          6.300          109.991                10.005           10.469           10.800         56.28                         
      0.780          6.300          109.990                10.015           10.481           10.800         56.37                         
      0.790          6.299          109.990                10.025           10.492           10.800         56.46                         
      0.800          6.298          109.990                10.035           10.504           10.800         56.55                         
      0.810          6.298          109.990                10.046           10.516           10.800         56.64                         
      0.820          6.297          109.990                10.056           10.527           10.800         56.73                         
      0.830          6.296          109.990                10.066           10.539           10.800         56.83                         
      0.840          6.296          109.990                10.077           10.551           10.800         56.92                         
      0.850          6.295          109.990                10.087           10.563           10.800         57.01                         
      0.860          6.294          109.990                10.097           10.575           10.800         57.11                         
      0.870          6.294          109.990                10.108           10.586           10.800         57.20                         
      0.880          6.293          109.990                10.118           10.598           10.800         57.30                         
      0.890          6.292          109.990                10.129           10.610           10.800         57.39                         
      0.900          6.292          109.990                10.139           10.622           10.800         57.49                         
      0.910          6.291          109.989                10.150           10.634           10.800         57.58                         
      0.920          6.290          109.989                10.160           10.646           10.800         57.68                         
      0.930          6.289          109.989                10.171           10.658           10.800         57.78                         
      0.940          6.289          109.989                10.181           10.670           10.800         57.87                         
      0.950          6.288          109.989                10.192           10.682           10.800         57.97                         
      0.960          6.287          109.989                10.202           10.694           10.800         58.07                         
      0.970          6.287          109.989                10.213           10.706           10.800         58.16                         
      0.980          6.286          109.989                10.223           10.717           10.800         58.26                         
      0.990          6.285          109.989                10.233           10.729           10.800         58.36                         
      1.000          6.284          109.989                10.244           10.741           10.800         58.46                         
      1.010          6.284          109.989                10.254           10.753           10.800         58.55                         
      1.020          6.283          109.989                10.264           10.765           10.800         58.65                         
      1.030          6.282          109.988                10.275           10.777           10.800         58.75                         
      1.040          6.281          109.988                10.285           10.788           10.800         58.85                         
      1.050          6.281          109.988                10.295           10.800           10.800         58.94                         
      1.060          6.280          109.988                10.306           10.812           10.800         59.04                         
      1.070          6.279          109.988                10.316           10.824           10.800         59.14                         
      1.080          6.279          109.988                10.326           10.835           10.800         59.24                         
      1.090          6.278          109.988                10.336           10.847           10.800         59.33                         
      1.100          6.277          109.988                10.346           10.858           10.800         59.43                         
      1.110          6.276          109.988                10.356           10.870           10.800         59.53                         
      1.120          6.276          109.988                10.366           10.881           10.800         59.62                         
      1.130          6.275          109.988                10.376           10.892           10.800         59.72                         
      1.140          6.274          109.988                10.385           10.904           10.800         59.81                         
      1.150          6.273          109.987                10.395           10.915           10.800         59.91                         
      1.160          6.273          109.987                10.405           10.926           10.800         60.01                         
      1.170          6.272          109.987                10.415           10.937           10.800         60.10                         
      1.180          6.271          109.987                10.424           10.948           10.800         60.19                         
      1.190          6.271          109.987                10.434           10.959           10.800         60.29                         
      1.200          6.270          109.987                10.443           10.970           10.800         60.38                         
      1.210          6.269          109.987                10.452           10.981           10.800         60.48                         
      1.220          6.268          109.987                10.462           10.992           10.800         60.57                         
      1.230          6.268          109.987                10.471           11.002           10.800         60.66                         
      1.240          6.267          109.987                10.480           11.013           10.800         60.75                         
      1.250          6.266          109.987                10.489           11.023           10.800         60.84                         
      1.260          6.266          109.987                10.498           11.034           10.800         60.93                         
      1.270          6.265          109.987                10.507           11.044           10.800         61.02                         
      1.280          6.264          109.986                10.516           11.054           10.800         61.11                         
      1.290          6.263          109.986                10.524           11.064           10.800         61.20                         
      1.300          6.263          109.986                10.533           11.074           10.800         61.29                         
      1.310          6.262          109.986                10.541           11.084           10.800         61.38                         
      1.320          6.261          109.986                10.550           11.094           10.800         61.47                         
      1.330          6.261          109.986                10.558           11.104           10.800         61.55                         
      1.340          6.260          109.986                10.566           11.113           10.800         61.64                         
      1.350          6.259          109.986                10.575           11.123           10.800         61.72                         
      1.360          6.259          109.986                10.583           11.132           10.800         61.81                         
      1.370          6.258          109.986                10.591           11.141           10.800         61.89                         
      1.380          6.257          109.986                10.598           11.150           10.800         61.97                         
      1.390          6.257          109.986                10.606           11.159           10.800         62.05                         
      1.400          6.256          109.986                10.614           11.168           10.800         62.13                         
      1.410          6.256          109.985                10.621           11.177           10.800         62.21                         
      1.420          6.255          109.985                10.629           11.186           10.800         62.29                         
      1.430          6.254          109.985                10.636           11.194           10.800         62.37                         
      1.440          6.254          109.985                10.644           11.203           10.800         62.45                         
      1.450          6.253          109.985                10.651           11.211           10.800         62.52                         
      1.460          6.252          109.985                10.658           11.220           10.800         62.60                         
      1.470          6.252          109.985                10.665           11.228           10.800         62.67                         
      1.480          6.251          109.985                10.671           11.236           10.800         62.75                         
      1.490          6.251          109.985                10.678           11.243           10.800         62.82                         
      1.500          6.250          109.985                10.685           11.251           10.800         62.89                         
      1.510          6.250          109.985                10.691           11.259           10.800         62.96                         
      1.520          6.249          109.985                10.698           11.266           10.800         63.03                         
      1.530          6.249          109.985                10.704           11.274           10.800         63.10                         
      1.540          6.248          109.985                10.710           11.281           10.800         63.17                         
      1.550          6.247          109.985                10.716           11.288           10.800         63.23                         
      1.560          6.247          109.985                10.722           11.295           10.800         63.30                         
      1.570          6.246          109.984                10.728           11.302           10.800         63.36                         
      1.580          6.246          109.984                10.733           11.308           10.800         63.42                         
      1.590          6.245          109.984                10.739           11.315           10.800         63.49                         
      1.600          6.245          109.984                10.744           11.321           10.800         63.55                         
      1.610          6.244          109.984                10.750           11.328           10.800         63.61                         
      1.620          6.244          109.984                10.755           11.334           10.800         63.66                         
      1.630          6.244          109.984                10.760           11.340           10.800         63.72                         
      1.640          6.243          109.984                10.765           11.346           10.800         63.78                         
      1.650          6.243          109.984                10.770           11.351           10.800         63.83                         
      1.660          6.242          109.984                10.775           11.357           10.800         63.88                         
      1.670          6.242          109.984                10.779           11.362           10.800         63.94                         
      1.680          6.241          109.984                10.784           11.368           10.800         63.99                         
      1.690          6.241          109.984                10.788           11.373           10.800         64.04                         
      1.700          6.241          109.984                10.792           11.378           10.800         64.08                         
      1.710          6.240          109.984                10.796           11.383           10.800         64.13                         
      1.720          6.240          109.984                10.800           11.387           10.800         64.18                         
      1.730          6.240          109.984                10.804           11.392           10.800         64.22                         
      1.740          6.239          109.984                10.808           11.397           10.800         64.26                         
      1.750          6.239          109.984                10.812           11.401           10.800         64.30                         
      1.760          6.239          109.984                10.815           11.405           10.800         64.34                         
      1.770          6.238          109.984                10.819           11.409           10.800         64.38                         
      1.780          6.238          109.984                10.822           11.413           10.800         64.42                         
      1.790          6.238          109.984                10.825           11.417           10.800         64.46                         
      1.800          6.237          109.983                10.828           11.420           10.800         64.49                         
      1.810          6.237          109.983                10.831           11.424           10.800         64.53                         
      1.820          6.237          109.983                10.834           11.427           10.800         64.56                         
      1.830          6.237          109.983                10.837           11.430           10.800         64.59                         
      1.840          6.236          109.983                10.839           11.433           10.800         64.62                         
      1.850          6.236          109.983                10.842           11.436           10.800         64.65                         
      1.860          6.236          109.983                10.844           11.439           10.800         64.67                         
      1.870          6.236          109.983                10.846           11.441           10.800         64.70                         
      1.880          6.236          109.983                10.848           11.444           10.800         64.72                         
      1.890          6.235          109.983                10.850           11.446           10.800         64.74                         
      1.900          6.235          109.983                10.852           11.448           10.800         64.76                         
      1.910          6.235          109.983                10.853           11.450           10.800         64.78                         
      1.920          6.235          109.983                10.855           11.452           10.800         64.80                         
      1.930          6.235          109.983                10.856           11.454           10.800         64.82                         
      1.940          6.235          109.983                10.858           11.455           10.800         64.83                         
      1.950          6.234          109.983                10.859           11.457           10.800         64.85                         
      1.960          6.234          109.983                10.860           11.458           10.800         64.86                         
      1.970          6.234          109.983                10.861           11.459           10.800         64.87                         
      1.980          6.234          109.983                10.862           11.460           10.800         64.88                         
      1.990          6.234          109.983                10.862           11.461           10.800         64.89                         
      2.000          6.234          109.983                10.863           11.462           10.800         64.89                         

