  ¬рем€            U                U                Pij              –г               –т г             ”гол рот         ќтн угол U       
                   601              1002             1001             601              601              601              601              
                                                     1002                                                                                 
                                                     1                                                                                    

                     6.300          110.000                10.121           10.600           10.600         57.20                         
      0.010          6.300          110.000                10.121           10.600           10.600         57.20                         
      0.020          6.300          110.000                10.121           10.600           10.600         57.20                         
      0.030          6.300          110.000                10.121           10.600           10.600         57.20                         
      0.040          6.300          110.000                10.121           10.600           10.600         57.20                         
      0.050          6.300          110.000                10.121           10.600           10.600         57.20                         
      0.060          6.300          110.000                10.121           10.600           10.600         57.20                         
      0.070          6.300          110.000                10.121           10.600           10.600         57.20                         
      0.080          6.300          110.000                10.121           10.600           10.600         57.20                         
      0.090          6.300          110.000                10.121           10.600           10.600         57.20                         
      0.100          6.300          110.000                10.121           10.600           10.600         57.20                         
      0.110          6.300          110.000                10.121           10.600           10.600         57.20                         
      0.120          6.300          110.000                10.121           10.600           10.600         57.20                         
      0.130          6.300          110.000                10.121           10.600           10.600         57.20                         
      0.140          6.300          110.000                10.121           10.600           10.600         57.20                         
      0.150          6.300          110.000                10.121           10.600           10.600         57.20                         
      0.160          6.300          110.000                10.121           10.600           10.600         57.20                         
      0.170          6.300          110.000                10.121           10.600           10.600         57.20                         
      0.180          6.300          110.000                10.121           10.600           10.600         57.20                         
      0.190          6.300          110.000                10.121           10.600           10.600         57.20                         
      0.200          6.300          110.000                10.121           10.600           10.600         57.20                         
      0.210          6.300          110.000                10.121           10.600           10.600         57.20                         
      0.220          6.300          110.000                10.121           10.600           10.600         57.20                         
      0.230          6.300          110.000                10.121           10.600           10.600         57.20                         
      0.240          6.300          110.000                10.121           10.600           10.600         57.20                         
      0.250          6.300          110.000                10.121           10.600           10.600         57.20                         
      0.260          6.300          110.000                10.121           10.600           10.600         57.20                         
      0.270          6.300          110.000                10.121           10.600           10.600         57.20                         
      0.280          6.300          110.000                10.121           10.600           10.600         57.20                         
      0.290          6.300          110.000                10.121           10.600           10.600         57.20                         
      0.300          6.300          110.000                10.121           10.600           10.600         57.20                         
      0.310          6.300          110.000                10.121           10.600           10.600         57.20                         
      0.320          6.300          110.000                10.121           10.600           10.600         57.20                         
      0.330          6.300          110.000                10.121           10.600           10.600         57.20                         
      0.340          6.300          110.000                10.121           10.600           10.600         57.20                         
      0.350          6.300          110.000                10.121           10.600           10.600         57.20                         
      0.360          6.300          110.000                10.121           10.600           10.600         57.20                         
      0.370          6.300          110.000                10.121           10.600           10.600         57.20                         
      0.380          6.300          110.000                10.121           10.600           10.600         57.20                         
      0.390          6.300          110.000                10.121           10.600           10.600         57.20                         
      0.400          6.300          110.000                10.121           10.600           10.600         57.20                         
      0.410          6.300          110.000                10.121           10.600           10.600         57.20                         
      0.420          6.300          110.000                10.121           10.600           10.600         57.20                         
      0.430          6.300          110.000                10.121           10.600           10.600         57.20                         
      0.440          6.300          110.000                10.121           10.600           10.600         57.20                         
      0.450          6.300          110.000                10.121           10.600           10.600         57.20                         
      0.460          6.300          110.000                10.121           10.600           10.600         57.20                         
      0.470          6.300          110.000                10.121           10.600           10.600         57.20                         
      0.480          6.300          110.000                10.121           10.600           10.600         57.20                         
      0.490          6.300          110.000                10.121           10.600           10.600         57.20                         
      0.500          6.300          110.000                10.121           10.600           10.600         57.20                         
      0.510          6.300          110.000                10.121           10.600           10.600         57.20                         
      0.520          6.300          110.000                10.121           10.600           10.600         57.20                         
      0.530          6.300          110.000                10.121           10.600           10.600         57.20                         
      0.540          6.300          110.000                10.121           10.600           10.600         57.20                         
      0.550          6.300          110.000                10.121           10.600           10.600         57.20                         
      0.560          6.300          110.000                10.121           10.600           10.600         57.20                         
      0.570          6.300          110.000                10.121           10.600           10.600         57.20                         
      0.580          6.300          110.000                10.121           10.600           10.600         57.20                         
      0.590          6.300          110.000                10.121           10.600           10.600         57.20                         
      0.600          6.300          110.000                10.121           10.600           10.600         57.20                         
      0.610          6.300          110.000                10.121           10.600           10.600         57.20                         
      0.620          6.300          110.000                10.121           10.600           10.600         57.20                         
      0.630          6.300          110.000                10.121           10.600           10.600         57.20                         
      0.640          6.300          110.000                10.121           10.600           10.600         57.20                         
      0.650          6.300          110.000                10.121           10.600           10.600         57.20                         
      0.660          6.300          110.000                10.121           10.600           10.600         57.20                         
      0.670          6.300          110.000                10.121           10.600           10.600         57.20                         
      0.680          6.300          110.000                10.121           10.600           10.600         57.20                         
      0.690          6.300          110.000                10.121           10.600           10.600         57.20                         
      0.700          6.300          110.000                10.121           10.600           10.600         57.20                         
      0.710          6.300          110.000                10.121           10.600           10.600         57.20                         
      0.720          6.300          110.000                10.121           10.600           10.600         57.20                         
      0.730          6.300          110.000                10.121           10.600           10.600         57.20                         
      0.740          6.300          110.000                10.121           10.600           10.600         57.20                         
      0.750          6.300          110.000                10.121           10.600           10.600         57.20                         
      0.760          6.300          110.000                10.121           10.600           10.600         57.20                         
      0.770          6.300          110.000                10.121           10.600           10.600         57.20                         
      0.780          6.300          110.000                10.121           10.600           10.600         57.20                         
      0.790          6.300          110.000                10.121           10.600           10.600         57.20                         
      0.800          6.300          110.000                10.121           10.600           10.600         57.20                         
      0.810          6.300          110.000                10.121           10.600           10.600         57.20                         
      0.820          6.300          110.000                10.121           10.600           10.600         57.20                         
      0.830          6.300          110.000                10.121           10.600           10.600         57.20                         
      0.840          6.300          110.000                10.121           10.600           10.600         57.20                         
      0.850          6.300          110.000                10.121           10.600           10.600         57.20                         
      0.860          6.300          110.000                10.121           10.600           10.600         57.20                         
      0.870          6.300          110.000                10.121           10.600           10.600         57.20                         
      0.880          6.300          110.000                10.121           10.600           10.600         57.20                         
      0.890          6.300          110.000                10.121           10.600           10.600         57.20                         
      0.900          6.300          110.000                10.121           10.600           10.600         57.20                         
      0.910          6.300          110.000                10.121           10.600           10.600         57.20                         
      0.920          6.300          110.000                10.121           10.600           10.600         57.20                         
      0.930          6.300          110.000                10.121           10.600           10.600         57.20                         
      0.940          6.300          110.000                10.121           10.600           10.600         57.20                         
      0.950          6.300          110.000                10.121           10.600           10.600         57.20                         
      0.960          6.300          110.000                10.121           10.600           10.600         57.20                         
      0.970          6.300          110.000                10.121           10.600           10.600         57.20                         
      0.980          6.300          110.000                10.121           10.600           10.600         57.20                         
      0.990          6.300          110.000                10.121           10.600           10.600         57.20                         
      1.000          6.300          110.000                10.121           10.600           10.600         57.20                         
      1.010          6.300          110.000                10.121           10.600           10.600         57.20                         
      1.020          6.300          110.000                10.121           10.600           10.600         57.20                         
      1.030          6.300          110.000                10.121           10.600           10.600         57.20                         
      1.040          6.300          110.000                10.121           10.600           10.600         57.20                         
      1.050          6.300          110.000                10.121           10.600           10.600         57.20                         
      1.060          6.300          110.000                10.121           10.600           10.600         57.20                         
      1.070          6.300          110.000                10.121           10.600           10.600         57.20                         
      1.080          6.300          110.000                10.121           10.600           10.600         57.20                         
      1.090          6.300          110.000                10.121           10.600           10.600         57.20                         
      1.100          6.300          110.000                10.121           10.600           10.600         57.20                         
      1.110          6.300          110.000                10.121           10.600           10.600         57.20                         
      1.120          6.300          110.000                10.121           10.600           10.600         57.20                         
      1.130          6.300          110.000                10.121           10.600           10.600         57.20                         
      1.140          6.300          110.000                10.121           10.600           10.600         57.20                         
      1.150          6.300          110.000                10.121           10.600           10.600         57.20                         
      1.160          6.300          110.000                10.121           10.600           10.600         57.20                         
      1.170          6.300          110.000                10.121           10.600           10.600         57.20                         
      1.180          6.300          110.000                10.121           10.600           10.600         57.20                         
      1.190          6.300          110.000                10.121           10.600           10.600         57.20                         
      1.200          6.300          110.000                10.121           10.600           10.600         57.20                         
      1.210          6.300          110.000                10.121           10.600           10.600         57.20                         
      1.220          6.300          110.000                10.121           10.600           10.600         57.20                         
      1.230          6.300          110.000                10.121           10.600           10.600         57.20                         
      1.240          6.300          110.000                10.121           10.600           10.600         57.20                         
      1.250          6.300          110.000                10.121           10.600           10.600         57.20                         
      1.260          6.300          110.000                10.121           10.600           10.600         57.20                         
      1.270          6.300          110.000                10.121           10.600           10.600         57.20                         
      1.280          6.300          110.000                10.121           10.600           10.600         57.20                         
      1.290          6.300          110.000                10.121           10.600           10.600         57.20                         
      1.300          6.300          110.000                10.121           10.600           10.600         57.20                         
      1.310          6.300          110.000                10.121           10.600           10.600         57.20                         
      1.320          6.300          110.000                10.121           10.600           10.600         57.20                         
      1.330          6.300          110.000                10.121           10.600           10.600         57.20                         
      1.340          6.300          110.000                10.121           10.600           10.600         57.20                         
      1.350          6.300          110.000                10.121           10.600           10.600         57.20                         
      1.360          6.300          110.000                10.121           10.600           10.600         57.20                         
      1.370          6.300          110.000                10.121           10.600           10.600         57.20                         
      1.380          6.300          110.000                10.121           10.600           10.600         57.20                         
      1.390          6.300          110.000                10.121           10.600           10.600         57.20                         
      1.400          6.300          110.000                10.121           10.600           10.600         57.20                         
      1.410          6.300          110.000                10.121           10.600           10.600         57.20                         
      1.420          6.300          110.000                10.121           10.600           10.600         57.20                         
      1.430          6.300          110.000                10.121           10.600           10.600         57.20                         
      1.440          6.300          110.000                10.121           10.600           10.600         57.20                         
      1.450          6.300          110.000                10.121           10.600           10.600         57.20                         
      1.460          6.300          110.000                10.121           10.600           10.600         57.20                         
      1.470          6.300          110.000                10.121           10.600           10.600         57.20                         
      1.480          6.300          110.000                10.121           10.600           10.600         57.20                         
      1.490          6.300          110.000                10.121           10.600           10.600         57.20                         
      1.500          6.300          110.000                10.121           10.600           10.600         57.20                         
      1.510          6.300          110.000                10.121           10.600           10.600         57.20                         
      1.520          6.300          110.000                10.121           10.600           10.600         57.20                         
      1.530          6.300          110.000                10.121           10.600           10.600         57.20                         
      1.540          6.300          110.000                10.121           10.600           10.600         57.20                         
      1.550          6.300          110.000                10.121           10.600           10.600         57.20                         
      1.560          6.300          110.000                10.121           10.600           10.600         57.20                         
      1.570          6.300          110.000                10.121           10.600           10.600         57.20                         
      1.580          6.300          110.000                10.121           10.600           10.600         57.20                         
      1.590          6.300          110.000                10.121           10.600           10.600         57.20                         
      1.600          6.300          110.000                10.121           10.600           10.600         57.20                         
      1.610          6.300          110.000                10.121           10.600           10.600         57.20                         
      1.620          6.300          110.000                10.121           10.600           10.600         57.20                         
      1.630          6.300          110.000                10.121           10.600           10.600         57.20                         
      1.640          6.300          110.000                10.121           10.600           10.600         57.20                         
      1.650          6.300          110.000                10.121           10.600           10.600         57.20                         
      1.660          6.300          110.000                10.121           10.600           10.600         57.20                         
      1.670          6.300          110.000                10.121           10.600           10.600         57.20                         
      1.680          6.300          110.000                10.121           10.600           10.600         57.20                         
      1.690          6.300          110.000                10.121           10.600           10.600         57.20                         
      1.700          6.300          110.000                10.121           10.600           10.600         57.20                         
      1.710          6.300          110.000                10.121           10.600           10.600         57.20                         
      1.720          6.300          110.000                10.121           10.600           10.600         57.20                         
      1.730          6.300          110.000                10.121           10.600           10.600         57.20                         
      1.740          6.300          110.000                10.121           10.600           10.600         57.20                         
      1.750          6.300          110.000                10.121           10.600           10.600         57.20                         
      1.760          6.300          110.000                10.121           10.600           10.600         57.20                         
      1.770          6.300          110.000                10.121           10.600           10.600         57.20                         
      1.780          6.300          110.000                10.121           10.600           10.600         57.20                         
      1.790          6.300          110.000                10.121           10.600           10.600         57.20                         
      1.800          6.300          110.000                10.121           10.600           10.600         57.20                         
      1.810          6.300          110.000                10.121           10.600           10.600         57.20                         
      1.820          6.300          110.000                10.121           10.600           10.600         57.20                         
      1.830          6.300          110.000                10.121           10.600           10.600         57.20                         
      1.840          6.300          110.000                10.121           10.600           10.600         57.20                         
      1.850          6.300          110.000                10.121           10.600           10.600         57.20                         
      1.860          6.300          110.000                10.121           10.600           10.600         57.20                         
      1.870          6.300          110.000                10.121           10.600           10.600         57.20                         
      1.880          6.300          110.000                10.121           10.600           10.600         57.20                         
      1.890          6.300          110.000                10.121           10.600           10.600         57.20                         
      1.900          6.300          110.000                10.121           10.600           10.600         57.20                         
      1.910          6.300          110.000                10.121           10.600           10.600         57.20                         
      1.920          6.300          110.000                10.121           10.600           10.600         57.20                         
      1.930          6.300          110.000                10.121           10.600           10.600         57.20                         
      1.940          6.300          110.000                10.121           10.600           10.600         57.20                         
      1.950          6.300          110.000                10.121           10.600           10.600         57.20                         
      1.960          6.300          110.000                10.121           10.600           10.600         57.20                         
      1.970          6.300          110.000                10.121           10.600           10.600         57.20                         
      1.980          6.300          110.000                10.121           10.600           10.600         57.20                         
      1.990          6.300          110.000                10.121           10.600           10.600         57.20                         
      2.000          6.300          110.000                10.121           10.600           10.600         57.20                         

