  ¬рем€            U                U                Pij              –г               –т г             ”гол рот         ќтн угол U       
                   601              1002             1001             601              601              601              601              
                                                     1002                                                                                 
                                                     1                                                                                    

                     6.300          110.000                 5.022           10.500           10.500         51.01                         
      0.010          6.300          110.000                 5.022           10.500           10.500         51.01                         
      0.020          6.300          110.000                 5.022           10.500           10.500         51.01                         
      0.030          6.300          110.000                 5.022           10.500           10.500         51.01                         
      0.040          6.300          110.000                 5.022           10.500           10.500         51.01                         
      0.050          6.300          110.000                 5.022           10.500           10.500         51.01                         
      0.060          6.300          110.000                 5.022           10.500           10.500         51.01                         
      0.070          6.300          110.000                 5.022           10.500           10.500         51.01                         
      0.080          6.300          110.000                 5.022           10.500           10.500         51.01                         
      0.090          6.300          110.000                 5.022           10.500           10.500         51.01                         
      0.100          6.300          110.000                 5.022           10.500           10.500         51.01                         
      0.100          6.324          109.993                 9.343            9.731           10.500         51.01                         
      0.110          6.324          109.993                 9.343            9.731           10.500         51.01                         
      0.120          6.324          109.993                 9.344            9.732           10.500         51.02                         
      0.130          6.324          109.993                 9.344            9.732           10.500         51.02                         
      0.140          6.324          109.993                 9.345            9.733           10.500         51.03                         
      0.150          6.323          109.993                 9.346            9.734           10.500         51.04                         
      0.160          6.323          109.993                 9.347            9.736           10.500         51.05                         
      0.170          6.323          109.993                 9.349            9.737           10.500         51.06                         
      0.180          6.323          109.993                 9.351            9.739           10.500         51.07                         
      0.190          6.323          109.993                 9.352            9.741           10.500         51.08                         
      0.200          6.323          109.993                 9.355            9.744           10.500         51.10                         
      0.210          6.323          109.993                 9.357            9.746           10.500         51.12                         
      0.220          6.323          109.993                 9.360            9.749           10.500         51.14                         
      0.230          6.323          109.993                 9.362            9.752           10.500         51.16                         
      0.240          6.322          109.993                 9.365            9.755           10.500         51.19                         
      0.250          6.322          109.993                 9.368            9.759           10.500         51.21                         
      0.260          6.322          109.993                 9.372            9.763           10.500         51.24                         
      0.270          6.322          109.993                 9.375            9.767           10.500         51.26                         
      0.280          6.322          109.993                 9.379            9.771           10.500         51.29                         
      0.290          6.322          109.993                 9.383            9.775           10.500         51.33                         
      0.300          6.321          109.993                 9.388            9.780           10.500         51.36                         
      0.310          6.321          109.993                 9.392            9.785           10.500         51.39                         
      0.320          6.321          109.993                 9.396            9.790           10.500         51.43                         
      0.330          6.321          109.993                 9.401            9.795           10.500         51.47                         
      0.340          6.320          109.993                 9.406            9.801           10.500         51.51                         
      0.350          6.320          109.993                 9.411            9.807           10.500         51.55                         
      0.360          6.320          109.993                 9.417            9.813           10.500         51.59                         
      0.370          6.319          109.993                 9.422            9.819           10.500         51.63                         
      0.380          6.319          109.993                 9.428            9.825           10.500         51.68                         
      0.390          6.319          109.993                 9.434            9.831           10.500         51.72                         
      0.400          6.319          109.993                 9.440            9.838           10.500         51.77                         
      0.410          6.318          109.993                 9.446            9.845           10.500         51.82                         
      0.420          6.318          109.993                 9.452            9.852           10.500         51.87                         
      0.430          6.317          109.993                 9.459            9.859           10.500         51.92                         
      0.440          6.317          109.992                 9.466            9.867           10.500         51.98                         
      0.450          6.317          109.992                 9.473            9.875           10.500         52.03                         
      0.460          6.316          109.992                 9.480            9.882           10.500         52.09                         
      0.470          6.316          109.992                 9.487            9.890           10.500         52.14                         
      0.480          6.316          109.992                 9.494            9.898           10.500         52.20                         
      0.490          6.315          109.992                 9.502            9.907           10.500         52.26                         
      0.500          6.315          109.992                 9.509            9.915           10.500         52.32                         
      0.510          6.314          109.992                 9.517            9.924           10.500         52.39                         
      0.520          6.314          109.992                 9.525            9.933           10.500         52.45                         
      0.530          6.313          109.992                 9.533            9.942           10.500         52.51                         
      0.540          6.313          109.992                 9.541            9.951           10.500         52.58                         
      0.550          6.313          109.992                 9.549            9.960           10.500         52.65                         
      0.560          6.312          109.992                 9.558            9.969           10.500         52.71                         
      0.570          6.312          109.992                 9.566            9.979           10.500         52.78                         
      0.580          6.311          109.992                 9.575            9.988           10.500         52.85                         
      0.590          6.311          109.992                 9.584            9.998           10.500         52.92                         
      0.600          6.310          109.992                 9.592           10.008           10.500         53.00                         
      0.610          6.310          109.992                 9.601           10.018           10.500         53.07                         
      0.620          6.309          109.992                 9.611           10.028           10.500         53.14                         
      0.630          6.309          109.991                 9.620           10.039           10.500         53.22                         
      0.640          6.308          109.991                 9.629           10.049           10.500         53.30                         
      0.650          6.308          109.991                 9.638           10.059           10.500         53.37                         
      0.660          6.307          109.991                 9.648           10.070           10.500         53.45                         
      0.670          6.306          109.991                 9.657           10.081           10.500         53.53                         
      0.680          6.306          109.991                 9.667           10.091           10.500         53.61                         
      0.690          6.305          109.991                 9.677           10.102           10.500         53.69                         
      0.700          6.305          109.991                 9.687           10.113           10.500         53.77                         
      0.710          6.304          109.991                 9.696           10.124           10.500         53.85                         
      0.720          6.304          109.991                 9.706           10.135           10.500         53.93                         
      0.730          6.303          109.991                 9.716           10.147           10.500         54.02                         
      0.740          6.302          109.991                 9.726           10.158           10.500         54.10                         
      0.750          6.302          109.991                 9.737           10.169           10.500         54.19                         
      0.760          6.301          109.991                 9.747           10.181           10.500         54.27                         
      0.770          6.301          109.991                 9.757           10.192           10.500         54.36                         
      0.780          6.300          109.990                 9.767           10.204           10.500         54.45                         
      0.790          6.299          109.990                 9.778           10.215           10.500         54.53                         
      0.800          6.299          109.990                 9.788           10.227           10.500         54.62                         
      0.810          6.298          109.990                 9.798           10.239           10.500         54.71                         
      0.820          6.298          109.990                 9.809           10.250           10.500         54.80                         
      0.830          6.297          109.990                 9.819           10.262           10.500         54.89                         
      0.840          6.296          109.990                 9.830           10.274           10.500         54.98                         
      0.850          6.296          109.990                 9.840           10.286           10.500         55.07                         
      0.860          6.295          109.990                 9.851           10.298           10.500         55.16                         
      0.870          6.294          109.990                 9.861           10.310           10.500         55.25                         
      0.880          6.294          109.990                 9.872           10.322           10.500         55.34                         
      0.890          6.293          109.990                 9.883           10.333           10.500         55.43                         
      0.900          6.292          109.990                 9.893           10.345           10.500         55.52                         
      0.910          6.292          109.990                 9.904           10.357           10.500         55.62                         
      0.920          6.291          109.989                 9.914           10.369           10.500         55.71                         
      0.930          6.290          109.989                 9.925           10.381           10.500         55.80                         
      0.940          6.290          109.989                 9.936           10.393           10.500         55.89                         
      0.950          6.289          109.989                 9.946           10.405           10.500         55.99                         
      0.960          6.288          109.989                 9.957           10.417           10.500         56.08                         
      0.970          6.288          109.989                 9.967           10.429           10.500         56.17                         
      0.980          6.287          109.989                 9.978           10.441           10.500         56.26                         
      0.990          6.286          109.989                 9.988           10.453           10.500         56.36                         
      1.000          6.286          109.989                 9.999           10.465           10.500         56.45                         
      1.010          6.285          109.989                10.009           10.477           10.500         56.54                         
      1.020          6.284          109.989                10.020           10.488           10.500         56.64                         
      1.030          6.284          109.989                10.030           10.500           10.500         56.73                         
      1.040          6.283          109.989                10.041           10.512           10.500         56.82                         
      1.050          6.282          109.988                10.051           10.524           10.500         56.92                         
      1.060          6.282          109.988                10.061           10.535           10.500         57.01                         
      1.070          6.281          109.988                10.071           10.547           10.500         57.10                         
      1.080          6.280          109.988                10.082           10.559           10.500         57.19                         
      1.090          6.280          109.988                10.092           10.570           10.500         57.29                         
      1.100          6.279          109.988                10.102           10.582           10.500         57.38                         
      1.110          6.278          109.988                10.112           10.593           10.500         57.47                         
      1.120          6.278          109.988                10.122           10.604           10.500         57.56                         
      1.130          6.277          109.988                10.132           10.616           10.500         57.65                         
      1.140          6.276          109.988                10.142           10.627           10.500         57.74                         
      1.150          6.275          109.988                10.151           10.638           10.500         57.84                         
      1.160          6.275          109.988                10.161           10.649           10.500         57.93                         
      1.170          6.274          109.988                10.171           10.660           10.500         58.02                         
      1.180          6.273          109.987                10.181           10.671           10.500         58.10                         
      1.190          6.273          109.987                10.190           10.682           10.500         58.19                         
      1.200          6.272          109.987                10.200           10.693           10.500         58.28                         
      1.210          6.272          109.987                10.209           10.704           10.500         58.37                         
      1.220          6.271          109.987                10.218           10.714           10.500         58.46                         
      1.230          6.270          109.987                10.227           10.725           10.500         58.54                         
      1.240          6.270          109.987                10.237           10.735           10.500         58.63                         
      1.250          6.269          109.987                10.246           10.746           10.500         58.72                         
      1.260          6.268          109.987                10.255           10.756           10.500         58.80                         
      1.270          6.268          109.987                10.263           10.766           10.500         58.89                         
      1.280          6.267          109.987                10.272           10.776           10.500         58.97                         
      1.290          6.266          109.987                10.281           10.786           10.500         59.05                         
      1.300          6.266          109.987                10.290           10.796           10.500         59.14                         
      1.310          6.265          109.987                10.298           10.806           10.500         59.22                         
      1.320          6.265          109.986                10.306           10.815           10.500         59.30                         
      1.330          6.264          109.986                10.315           10.825           10.500         59.38                         
      1.340          6.263          109.986                10.323           10.834           10.500         59.46                         
      1.350          6.263          109.986                10.331           10.844           10.500         59.54                         
      1.360          6.262          109.986                10.339           10.853           10.500         59.62                         
      1.370          6.262          109.986                10.347           10.862           10.500         59.69                         
      1.380          6.261          109.986                10.355           10.871           10.500         59.77                         
      1.390          6.260          109.986                10.363           10.880           10.500         59.84                         
      1.400          6.260          109.986                10.370           10.888           10.500         59.92                         
      1.410          6.259          109.986                10.378           10.897           10.500         59.99                         
      1.420          6.259          109.986                10.385           10.906           10.500         60.07                         
      1.430          6.258          109.986                10.392           10.914           10.500         60.14                         
      1.440          6.258          109.986                10.399           10.922           10.500         60.21                         
      1.450          6.257          109.986                10.406           10.930           10.500         60.28                         
      1.460          6.257          109.986                10.413           10.938           10.500         60.35                         
      1.470          6.256          109.986                10.420           10.946           10.500         60.42                         
      1.480          6.255          109.985                10.427           10.954           10.500         60.48                         
      1.490          6.255          109.985                10.433           10.961           10.500         60.55                         
      1.500          6.254          109.985                10.440           10.969           10.500         60.61                         
      1.510          6.254          109.985                10.446           10.976           10.500         60.68                         
      1.520          6.253          109.985                10.452           10.983           10.500         60.74                         
      1.530          6.253          109.985                10.458           10.990           10.500         60.80                         
      1.540          6.253          109.985                10.464           10.997           10.500         60.86                         
      1.550          6.252          109.985                10.470           11.004           10.500         60.92                         
      1.560          6.252          109.985                10.476           11.011           10.500         60.98                         
      1.570          6.251          109.985                10.482           11.017           10.500         61.04                         
      1.580          6.251          109.985                10.487           11.024           10.500         61.09                         
      1.590          6.250          109.985                10.492           11.030           10.500         61.15                         
      1.600          6.250          109.985                10.498           11.036           10.500         61.20                         
      1.610          6.250          109.985                10.503           11.042           10.500         61.25                         
      1.620          6.249          109.985                10.508           11.048           10.500         61.30                         
      1.630          6.249          109.985                10.513           11.053           10.500         61.35                         
      1.640          6.248          109.985                10.517           11.059           10.500         61.40                         
      1.650          6.248          109.985                10.522           11.064           10.500         61.45                         
      1.660          6.248          109.985                10.526           11.069           10.500         61.50                         
      1.670          6.247          109.985                10.531           11.074           10.500         61.54                         
      1.680          6.247          109.985                10.535           11.079           10.500         61.58                         
      1.690          6.247          109.984                10.539           11.084           10.500         61.63                         
      1.700          6.246          109.984                10.543           11.088           10.500         61.67                         
      1.710          6.246          109.984                10.547           11.093           10.500         61.71                         
      1.720          6.246          109.984                10.550           11.097           10.500         61.74                         
      1.730          6.245          109.984                10.554           11.101           10.500         61.78                         
      1.740          6.245          109.984                10.557           11.105           10.500         61.82                         
      1.750          6.245          109.984                10.561           11.109           10.500         61.85                         
      1.760          6.245          109.984                10.564           11.113           10.500         61.88                         
      1.770          6.244          109.984                10.567           11.116           10.500         61.92                         
      1.780          6.244          109.984                10.570           11.120           10.500         61.95                         
      1.790          6.244          109.984                10.572           11.123           10.500         61.98                         
      1.800          6.244          109.984                10.575           11.126           10.500         62.00                         
      1.810          6.243          109.984                10.577           11.129           10.500         62.03                         
      1.820          6.243          109.984                10.580           11.131           10.500         62.05                         
      1.830          6.243          109.984                10.582           11.134           10.500         62.08                         
      1.840          6.243          109.984                10.584           11.136           10.500         62.10                         
      1.850          6.243          109.984                10.586           11.139           10.500         62.12                         
      1.860          6.243          109.984                10.588           11.141           10.500         62.14                         
      1.870          6.242          109.984                10.590           11.143           10.500         62.16                         
      1.880          6.242          109.984                10.591           11.145           10.500         62.17                         
      1.890          6.242          109.984                10.593           11.146           10.500         62.19                         
      1.900          6.242          109.984                10.594           11.148           10.500         62.20                         
      1.910          6.242          109.984                10.595           11.149           10.500         62.21                         
      1.920          6.242          109.984                10.596           11.150           10.500         62.23                         
      1.930          6.242          109.984                10.597           11.151           10.500         62.23                         
      1.940          6.242          109.984                10.598           11.152           10.500         62.24                         
      1.950          6.242          109.984                10.598           11.153           10.500         62.25                         
      1.960          6.242          109.984                10.599           11.153           10.500         62.25                         
      1.970          6.242          109.984                10.599           11.154           10.500         62.26                         
      1.980          6.242          109.984                10.599           11.154           10.500         62.26                         
      1.990          6.242          109.984                10.599           11.154           10.500         62.26                         
      2.000          6.242          109.984                10.599           11.154           10.500         62.26                         

