  ¬рем€            U                U                Pij              –г               –т г             ”гол рот         ќтн угол U       
                   601              1002             1001             601              601              601              601              
                                                     1002                                                                                 
                                                     1                                                                                    

                     6.300          110.000                 4.977           10.400           10.400         50.42                         
      0.010          6.300          110.000                 4.977           10.400           10.400         50.42                         
      0.020          6.300          110.000                 4.977           10.400           10.400         50.42                         
      0.030          6.300          110.000                 4.977           10.400           10.400         50.42                         
      0.040          6.300          110.000                 4.977           10.400           10.400         50.42                         
      0.050          6.300          110.000                 4.977           10.400           10.400         50.42                         
      0.060          6.300          110.000                 4.977           10.400           10.400         50.42                         
      0.070          6.300          110.000                 4.977           10.400           10.400         50.42                         
      0.080          6.300          110.000                 4.977           10.400           10.400         50.42                         
      0.090          6.300          110.000                 4.977           10.400           10.400         50.42                         
      0.100          6.300          110.000                 4.977           10.400           10.400         50.42                         
      0.100          6.323          109.993                 9.259            9.638           10.400         50.42                         
      0.110          6.323          109.993                 9.259            9.638           10.400         50.42                         
      0.120          6.323          109.993                 9.259            9.638           10.400         50.42                         
      0.130          6.323          109.993                 9.260            9.639           10.400         50.42                         
      0.140          6.323          109.993                 9.260            9.640           10.400         50.43                         
      0.150          6.323          109.993                 9.261            9.641           10.400         50.44                         
      0.160          6.323          109.993                 9.263            9.642           10.400         50.45                         
      0.170          6.323          109.993                 9.264            9.644           10.400         50.46                         
      0.180          6.323          109.993                 9.266            9.646           10.400         50.47                         
      0.190          6.323          109.993                 9.268            9.648           10.400         50.49                         
      0.200          6.323          109.993                 9.270            9.650           10.400         50.50                         
      0.210          6.323          109.993                 9.272            9.653           10.400         50.52                         
      0.220          6.322          109.993                 9.275            9.656           10.400         50.54                         
      0.230          6.322          109.993                 9.278            9.659           10.400         50.56                         
      0.240          6.322          109.993                 9.281            9.662           10.400         50.59                         
      0.250          6.322          109.993                 9.284            9.666           10.400         50.61                         
      0.260          6.322          109.993                 9.287            9.670           10.400         50.64                         
      0.270          6.322          109.993                 9.291            9.674           10.400         50.67                         
      0.280          6.321          109.993                 9.295            9.678           10.400         50.70                         
      0.290          6.321          109.993                 9.299            9.682           10.400         50.73                         
      0.300          6.321          109.993                 9.303            9.687           10.400         50.76                         
      0.310          6.321          109.993                 9.307            9.692           10.400         50.79                         
      0.320          6.320          109.993                 9.312            9.697           10.400         50.83                         
      0.330          6.320          109.993                 9.317            9.702           10.400         50.87                         
      0.340          6.320          109.993                 9.322            9.708           10.400         50.91                         
      0.350          6.320          109.993                 9.327            9.713           10.400         50.95                         
      0.360          6.319          109.993                 9.332            9.719           10.400         50.99                         
      0.370          6.319          109.993                 9.338            9.726           10.400         51.03                         
      0.380          6.319          109.993                 9.344            9.732           10.400         51.07                         
      0.390          6.319          109.993                 9.349            9.738           10.400         51.12                         
      0.400          6.318          109.993                 9.356            9.745           10.400         51.17                         
      0.410          6.318          109.993                 9.362            9.752           10.400         51.22                         
      0.420          6.318          109.993                 9.368            9.759           10.400         51.27                         
      0.430          6.317          109.992                 9.375            9.766           10.400         51.32                         
      0.440          6.317          109.992                 9.381            9.774           10.400         51.37                         
      0.450          6.317          109.992                 9.388            9.781           10.400         51.43                         
      0.460          6.316          109.992                 9.395            9.789           10.400         51.48                         
      0.470          6.316          109.992                 9.403            9.797           10.400         51.54                         
      0.480          6.315          109.992                 9.410            9.805           10.400         51.60                         
      0.490          6.315          109.992                 9.417            9.814           10.400         51.65                         
      0.500          6.315          109.992                 9.425            9.822           10.400         51.71                         
      0.510          6.314          109.992                 9.433            9.831           10.400         51.78                         
      0.520          6.314          109.992                 9.441            9.840           10.400         51.84                         
      0.530          6.313          109.992                 9.449            9.849           10.400         51.90                         
      0.540          6.313          109.992                 9.457            9.858           10.400         51.97                         
      0.550          6.312          109.992                 9.465            9.867           10.400         52.03                         
      0.560          6.312          109.992                 9.474            9.876           10.400         52.10                         
      0.570          6.311          109.992                 9.482            9.886           10.400         52.17                         
      0.580          6.311          109.992                 9.491            9.896           10.400         52.24                         
      0.590          6.311          109.992                 9.500            9.905           10.400         52.31                         
      0.600          6.310          109.992                 9.509            9.915           10.400         52.38                         
      0.610          6.310          109.992                 9.518            9.925           10.400         52.45                         
      0.620          6.309          109.992                 9.527            9.935           10.400         52.53                         
      0.630          6.309          109.991                 9.536            9.946           10.400         52.60                         
      0.640          6.308          109.991                 9.545            9.956           10.400         52.68                         
      0.650          6.307          109.991                 9.555            9.967           10.400         52.75                         
      0.660          6.307          109.991                 9.564            9.977           10.400         52.83                         
      0.670          6.306          109.991                 9.574            9.988           10.400         52.91                         
      0.680          6.306          109.991                 9.584            9.999           10.400         52.99                         
      0.690          6.305          109.991                 9.593           10.010           10.400         53.07                         
      0.700          6.305          109.991                 9.603           10.021           10.400         53.15                         
      0.710          6.304          109.991                 9.613           10.032           10.400         53.23                         
      0.720          6.304          109.991                 9.623           10.043           10.400         53.31                         
      0.730          6.303          109.991                 9.633           10.054           10.400         53.39                         
      0.740          6.302          109.991                 9.643           10.065           10.400         53.48                         
      0.750          6.302          109.991                 9.653           10.077           10.400         53.56                         
      0.760          6.301          109.991                 9.663           10.088           10.400         53.64                         
      0.770          6.301          109.991                 9.674           10.099           10.400         53.73                         
      0.780          6.300          109.991                 9.684           10.111           10.400         53.81                         
      0.790          6.300          109.990                 9.694           10.123           10.400         53.90                         
      0.800          6.299          109.990                 9.705           10.134           10.400         53.99                         
      0.810          6.298          109.990                 9.715           10.146           10.400         54.07                         
      0.820          6.298          109.990                 9.726           10.158           10.400         54.16                         
      0.830          6.297          109.990                 9.736           10.169           10.400         54.25                         
      0.840          6.296          109.990                 9.747           10.181           10.400         54.34                         
      0.850          6.296          109.990                 9.757           10.193           10.400         54.43                         
      0.860          6.295          109.990                 9.768           10.205           10.400         54.52                         
      0.870          6.295          109.990                 9.778           10.217           10.400         54.61                         
      0.880          6.294          109.990                 9.789           10.229           10.400         54.70                         
      0.890          6.293          109.990                 9.800           10.241           10.400         54.79                         
      0.900          6.293          109.990                 9.810           10.253           10.400         54.88                         
      0.910          6.292          109.990                 9.821           10.265           10.400         54.97                         
      0.920          6.291          109.990                 9.832           10.277           10.400         55.06                         
      0.930          6.291          109.989                 9.842           10.289           10.400         55.15                         
      0.940          6.290          109.989                 9.853           10.300           10.400         55.24                         
      0.950          6.289          109.989                 9.863           10.312           10.400         55.33                         
      0.960          6.289          109.989                 9.874           10.324           10.400         55.43                         
      0.970          6.288          109.989                 9.885           10.336           10.400         55.52                         
      0.980          6.287          109.989                 9.895           10.348           10.400         55.61                         
      0.990          6.287          109.989                 9.906           10.360           10.400         55.70                         
      1.000          6.286          109.989                 9.916           10.372           10.400         55.79                         
      1.010          6.285          109.989                 9.927           10.384           10.400         55.89                         
      1.020          6.285          109.989                 9.937           10.396           10.400         55.98                         
      1.030          6.284          109.989                 9.948           10.407           10.400         56.07                         
      1.040          6.283          109.989                 9.958           10.419           10.400         56.16                         
      1.050          6.283          109.989                 9.968           10.431           10.400         56.25                         
      1.060          6.282          109.988                 9.979           10.442           10.400         56.34                         
      1.070          6.281          109.988                 9.989           10.454           10.400         56.43                         
      1.080          6.281          109.988                 9.999           10.466           10.400         56.53                         
      1.090          6.280          109.988                10.009           10.477           10.400         56.62                         
      1.100          6.279          109.988                10.019           10.489           10.400         56.71                         
      1.110          6.279          109.988                10.029           10.500           10.400         56.80                         
      1.120          6.278          109.988                10.039           10.511           10.400         56.89                         
      1.130          6.277          109.988                10.049           10.523           10.400         56.98                         
      1.140          6.277          109.988                10.059           10.534           10.400         57.07                         
      1.150          6.276          109.988                10.069           10.545           10.400         57.16                         
      1.160          6.276          109.988                10.079           10.556           10.400         57.24                         
      1.170          6.275          109.988                10.089           10.567           10.400         57.33                         
      1.180          6.274          109.988                10.098           10.578           10.400         57.42                         
      1.190          6.274          109.987                10.108           10.589           10.400         57.51                         
      1.200          6.273          109.987                10.117           10.600           10.400         57.59                         
      1.210          6.272          109.987                10.126           10.610           10.400         57.68                         
      1.220          6.272          109.987                10.136           10.621           10.400         57.77                         
      1.230          6.271          109.987                10.145           10.631           10.400         57.85                         
      1.240          6.270          109.987                10.154           10.642           10.400         57.94                         
      1.250          6.270          109.987                10.163           10.652           10.400         58.02                         
      1.260          6.269          109.987                10.172           10.662           10.400         58.10                         
      1.270          6.269          109.987                10.181           10.672           10.400         58.19                         
      1.280          6.268          109.987                10.190           10.682           10.400         58.27                         
      1.290          6.267          109.987                10.198           10.692           10.400         58.35                         
      1.300          6.267          109.987                10.207           10.702           10.400         58.43                         
      1.310          6.266          109.987                10.216           10.712           10.400         58.51                         
      1.320          6.266          109.987                10.224           10.721           10.400         58.59                         
      1.330          6.265          109.987                10.232           10.731           10.400         58.67                         
      1.340          6.264          109.986                10.240           10.740           10.400         58.75                         
      1.350          6.264          109.986                10.249           10.750           10.400         58.82                         
      1.360          6.263          109.986                10.256           10.759           10.400         58.90                         
      1.370          6.263          109.986                10.264           10.768           10.400         58.97                         
      1.380          6.262          109.986                10.272           10.777           10.400         59.05                         
      1.390          6.262          109.986                10.280           10.785           10.400         59.12                         
      1.400          6.261          109.986                10.287           10.794           10.400         59.19                         
      1.410          6.260          109.986                10.295           10.803           10.400         59.27                         
      1.420          6.260          109.986                10.302           10.811           10.400         59.34                         
      1.430          6.259          109.986                10.309           10.819           10.400         59.41                         
      1.440          6.259          109.986                10.316           10.828           10.400         59.48                         
      1.450          6.258          109.986                10.323           10.836           10.400         59.54                         
      1.460          6.258          109.986                10.330           10.843           10.400         59.61                         
      1.470          6.257          109.986                10.337           10.851           10.400         59.68                         
      1.480          6.257          109.986                10.344           10.859           10.400         59.74                         
      1.490          6.256          109.986                10.350           10.866           10.400         59.81                         
      1.500          6.256          109.986                10.357           10.874           10.400         59.87                         
      1.510          6.255          109.985                10.363           10.881           10.400         59.93                         
      1.520          6.255          109.985                10.369           10.888           10.400         59.99                         
      1.530          6.254          109.985                10.375           10.895           10.400         60.05                         
      1.540          6.254          109.985                10.381           10.902           10.400         60.11                         
      1.550          6.254          109.985                10.387           10.908           10.400         60.17                         
      1.560          6.253          109.985                10.392           10.915           10.400         60.22                         
      1.570          6.253          109.985                10.398           10.921           10.400         60.28                         
      1.580          6.252          109.985                10.403           10.928           10.400         60.33                         
      1.590          6.252          109.985                10.409           10.934           10.400         60.38                         
      1.600          6.251          109.985                10.414           10.940           10.400         60.43                         
      1.610          6.251          109.985                10.419           10.945           10.400         60.48                         
      1.620          6.251          109.985                10.424           10.951           10.400         60.53                         
      1.630          6.250          109.985                10.428           10.956           10.400         60.58                         
      1.640          6.250          109.985                10.433           10.962           10.400         60.63                         
      1.650          6.250          109.985                10.437           10.967           10.400         60.67                         
      1.660          6.249          109.985                10.442           10.972           10.400         60.72                         
      1.670          6.249          109.985                10.446           10.977           10.400         60.76                         
      1.680          6.249          109.985                10.450           10.982           10.400         60.80                         
      1.690          6.248          109.985                10.454           10.986           10.400         60.84                         
      1.700          6.248          109.985                10.458           10.991           10.400         60.88                         
      1.710          6.248          109.985                10.462           10.995           10.400         60.92                         
      1.720          6.247          109.985                10.465           10.999           10.400         60.95                         
      1.730          6.247          109.985                10.468           11.003           10.400         60.99                         
      1.740          6.247          109.985                10.472           11.007           10.400         61.02                         
      1.750          6.247          109.984                10.475           11.010           10.400         61.05                         
      1.760          6.246          109.984                10.478           11.014           10.400         61.08                         
      1.770          6.246          109.984                10.481           11.017           10.400         61.11                         
      1.780          6.246          109.984                10.484           11.020           10.400         61.14                         
      1.790          6.246          109.984                10.486           11.023           10.400         61.17                         
      1.800          6.246          109.984                10.489           11.026           10.400         61.19                         
      1.810          6.245          109.984                10.491           11.029           10.400         61.22                         
      1.820          6.245          109.984                10.493           11.032           10.400         61.24                         
      1.830          6.245          109.984                10.495           11.034           10.400         61.26                         
      1.840          6.245          109.984                10.497           11.036           10.400         61.28                         
      1.850          6.245          109.984                10.499           11.038           10.400         61.30                         
      1.860          6.245          109.984                10.501           11.040           10.400         61.32                         
      1.870          6.245          109.984                10.502           11.042           10.400         61.33                         
      1.880          6.244          109.984                10.504           11.044           10.400         61.35                         
      1.890          6.244          109.984                10.505           11.045           10.400         61.36                         
      1.900          6.244          109.984                10.506           11.046           10.400         61.37                         
      1.910          6.244          109.984                10.507           11.047           10.400         61.38                         
      1.920          6.244          109.984                10.508           11.048           10.400         61.39                         
      1.930          6.244          109.984                10.508           11.049           10.400         61.40                         
      1.940          6.244          109.984                10.509           11.050           10.400         61.40                         
      1.950          6.244          109.984                10.509           11.050           10.400         61.41                         
      1.960          6.244          109.984                10.510           11.051           10.400         61.41                         
      1.970          6.244          109.984                10.510           11.051           10.400         61.41                         
      1.980          6.244          109.984                10.510           11.051           10.400         61.41                         
      1.990          6.244          109.984                10.510           11.051           10.400         61.41                         
      2.000          6.244          109.984                10.509           11.050           10.400         61.41                         

