  ¬рем€            U                U                Pij              –г               –т г             ”гол рот         ќтн угол U       
                   601              1002             1001             601              601              601              601              
                                                     1002                                                                                 
                                                     1                                                                                    

                     6.300          110.000                 4.932           10.300           10.300         49.83                         
      0.010          6.300          110.000                 4.932           10.300           10.300         49.83                         
      0.020          6.300          110.000                 4.932           10.300           10.300         49.83                         
      0.030          6.300          110.000                 4.932           10.300           10.300         49.83                         
      0.040          6.300          110.000                 4.932           10.300           10.300         49.83                         
      0.050          6.300          110.000                 4.932           10.300           10.300         49.83                         
      0.060          6.300          110.000                 4.932           10.300           10.300         49.83                         
      0.070          6.300          110.000                 4.932           10.300           10.300         49.83                         
      0.080          6.300          110.000                 4.932           10.300           10.300         49.83                         
      0.090          6.300          110.000                 4.932           10.300           10.300         49.83                         
      0.100          6.300          110.000                 4.932           10.300           10.300         49.83                         
      0.100          6.323          109.993                 9.174            9.545           10.300         49.83                         
      0.110          6.323          109.993                 9.174            9.545           10.300         49.83                         
      0.120          6.323          109.993                 9.174            9.545           10.300         49.83                         
      0.130          6.323          109.993                 9.175            9.546           10.300         49.83                         
      0.140          6.323          109.993                 9.176            9.547           10.300         49.84                         
      0.150          6.323          109.993                 9.177            9.548           10.300         49.85                         
      0.160          6.323          109.993                 9.178            9.549           10.300         49.86                         
      0.170          6.323          109.993                 9.179            9.551           10.300         49.87                         
      0.180          6.322          109.993                 9.181            9.553           10.300         49.88                         
      0.190          6.322          109.993                 9.183            9.555           10.300         49.90                         
      0.200          6.322          109.993                 9.185            9.557           10.300         49.91                         
      0.210          6.322          109.993                 9.188            9.560           10.300         49.93                         
      0.220          6.322          109.993                 9.190            9.563           10.300         49.95                         
      0.230          6.322          109.993                 9.193            9.566           10.300         49.97                         
      0.240          6.322          109.993                 9.196            9.569           10.300         49.99                         
      0.250          6.322          109.993                 9.199            9.573           10.300         50.02                         
      0.260          6.321          109.993                 9.203            9.576           10.300         50.05                         
      0.270          6.321          109.993                 9.206            9.580           10.300         50.07                         
      0.280          6.321          109.993                 9.210            9.585           10.300         50.10                         
      0.290          6.321          109.993                 9.214            9.589           10.300         50.13                         
      0.300          6.321          109.993                 9.218            9.594           10.300         50.17                         
      0.310          6.320          109.993                 9.223            9.599           10.300         50.20                         
      0.320          6.320          109.993                 9.227            9.604           10.300         50.23                         
      0.330          6.320          109.993                 9.232            9.609           10.300         50.27                         
      0.340          6.320          109.993                 9.237            9.615           10.300         50.31                         
      0.350          6.319          109.993                 9.242            9.620           10.300         50.35                         
      0.360          6.319          109.993                 9.248            9.626           10.300         50.39                         
      0.370          6.319          109.993                 9.253            9.632           10.300         50.43                         
      0.380          6.319          109.993                 9.259            9.639           10.300         50.48                         
      0.390          6.318          109.993                 9.265            9.645           10.300         50.52                         
      0.400          6.318          109.993                 9.271            9.652           10.300         50.57                         
      0.410          6.318          109.993                 9.277            9.659           10.300         50.62                         
      0.420          6.317          109.993                 9.284            9.666           10.300         50.67                         
      0.430          6.317          109.992                 9.290            9.673           10.300         50.72                         
      0.440          6.317          109.992                 9.297            9.681           10.300         50.77                         
      0.450          6.316          109.992                 9.304            9.688           10.300         50.82                         
      0.460          6.316          109.992                 9.311            9.696           10.300         50.88                         
      0.470          6.316          109.992                 9.318            9.704           10.300         50.94                         
      0.480          6.315          109.992                 9.326            9.712           10.300         50.99                         
      0.490          6.315          109.992                 9.333            9.721           10.300         51.05                         
      0.500          6.314          109.992                 9.341            9.729           10.300         51.11                         
      0.510          6.314          109.992                 9.349            9.738           10.300         51.17                         
      0.520          6.314          109.992                 9.357            9.747           10.300         51.23                         
      0.530          6.313          109.992                 9.365            9.756           10.300         51.30                         
      0.540          6.313          109.992                 9.373            9.765           10.300         51.36                         
      0.550          6.312          109.992                 9.381            9.774           10.300         51.43                         
      0.560          6.312          109.992                 9.390            9.783           10.300         51.49                         
      0.570          6.311          109.992                 9.398            9.793           10.300         51.56                         
      0.580          6.311          109.992                 9.407            9.803           10.300         51.63                         
      0.590          6.310          109.992                 9.416            9.812           10.300         51.70                         
      0.600          6.310          109.992                 9.425            9.822           10.300         51.77                         
      0.610          6.309          109.992                 9.434            9.832           10.300         51.84                         
      0.620          6.309          109.992                 9.443            9.842           10.300         51.92                         
      0.630          6.308          109.991                 9.452            9.853           10.300         51.99                         
      0.640          6.308          109.991                 9.461            9.863           10.300         52.06                         
      0.650          6.307          109.991                 9.471            9.874           10.300         52.14                         
      0.660          6.307          109.991                 9.480            9.884           10.300         52.22                         
      0.670          6.306          109.991                 9.490            9.895           10.300         52.29                         
      0.680          6.306          109.991                 9.500            9.906           10.300         52.37                         
      0.690          6.305          109.991                 9.509            9.917           10.300         52.45                         
      0.700          6.305          109.991                 9.519            9.928           10.300         52.53                         
      0.710          6.304          109.991                 9.529            9.939           10.300         52.61                         
      0.720          6.304          109.991                 9.539            9.950           10.300         52.69                         
      0.730          6.303          109.991                 9.549            9.961           10.300         52.77                         
      0.740          6.303          109.991                 9.559            9.972           10.300         52.85                         
      0.750          6.302          109.991                 9.570            9.984           10.300         52.94                         
      0.760          6.301          109.991                 9.580            9.995           10.300         53.02                         
      0.770          6.301          109.991                 9.590           10.007           10.300         53.10                         
      0.780          6.300          109.991                 9.601           10.018           10.300         53.19                         
      0.790          6.300          109.990                 9.611           10.030           10.300         53.27                         
      0.800          6.299          109.990                 9.621           10.041           10.300         53.36                         
      0.810          6.298          109.990                 9.632           10.053           10.300         53.45                         
      0.820          6.298          109.990                 9.642           10.065           10.300         53.53                         
      0.830          6.297          109.990                 9.653           10.077           10.300         53.62                         
      0.840          6.297          109.990                 9.663           10.088           10.300         53.71                         
      0.850          6.296          109.990                 9.674           10.100           10.300         53.79                         
      0.860          6.295          109.990                 9.685           10.112           10.300         53.88                         
      0.870          6.295          109.990                 9.695           10.124           10.300         53.97                         
      0.880          6.294          109.990                 9.706           10.136           10.300         54.06                         
      0.890          6.294          109.990                 9.716           10.148           10.300         54.15                         
      0.900          6.293          109.990                 9.727           10.160           10.300         54.24                         
      0.910          6.292          109.990                 9.738           10.172           10.300         54.33                         
      0.920          6.292          109.990                 9.748           10.184           10.300         54.42                         
      0.930          6.291          109.989                 9.759           10.196           10.300         54.51                         
      0.940          6.290          109.989                 9.770           10.207           10.300         54.60                         
      0.950          6.290          109.989                 9.780           10.219           10.300         54.69                         
      0.960          6.289          109.989                 9.791           10.231           10.300         54.78                         
      0.970          6.288          109.989                 9.801           10.243           10.300         54.87                         
      0.980          6.288          109.989                 9.812           10.255           10.300         54.96                         
      0.990          6.287          109.989                 9.823           10.267           10.300         55.05                         
      1.000          6.286          109.989                 9.833           10.279           10.300         55.14                         
      1.010          6.286          109.989                 9.844           10.291           10.300         55.23                         
      1.020          6.285          109.989                 9.854           10.303           10.300         55.32                         
      1.030          6.285          109.989                 9.865           10.314           10.300         55.41                         
      1.040          6.284          109.989                 9.875           10.326           10.300         55.50                         
      1.050          6.283          109.989                 9.885           10.338           10.300         55.59                         
      1.060          6.283          109.989                 9.896           10.349           10.300         55.68                         
      1.070          6.282          109.988                 9.906           10.361           10.300         55.77                         
      1.080          6.281          109.988                 9.916           10.372           10.300         55.86                         
      1.090          6.281          109.988                 9.926           10.384           10.300         55.95                         
      1.100          6.280          109.988                 9.936           10.395           10.300         56.04                         
      1.110          6.279          109.988                 9.946           10.407           10.300         56.13                         
      1.120          6.279          109.988                 9.956           10.418           10.300         56.22                         
      1.130          6.278          109.988                 9.966           10.429           10.300         56.31                         
      1.140          6.277          109.988                 9.976           10.440           10.300         56.39                         
      1.150          6.277          109.988                 9.986           10.452           10.300         56.48                         
      1.160          6.276          109.988                 9.996           10.463           10.300         56.57                         
      1.170          6.276          109.988                10.006           10.474           10.300         56.65                         
      1.180          6.275          109.988                10.015           10.484           10.300         56.74                         
      1.190          6.274          109.988                10.025           10.495           10.300         56.83                         
      1.200          6.274          109.988                10.034           10.506           10.300         56.91                         
      1.210          6.273          109.987                10.044           10.517           10.300         57.00                         
      1.220          6.272          109.987                10.053           10.527           10.300         57.08                         
      1.230          6.272          109.987                10.062           10.538           10.300         57.16                         
      1.240          6.271          109.987                10.071           10.548           10.300         57.25                         
      1.250          6.271          109.987                10.080           10.558           10.300         57.33                         
      1.260          6.270          109.987                10.089           10.568           10.300         57.41                         
      1.270          6.269          109.987                10.098           10.578           10.300         57.49                         
      1.280          6.269          109.987                10.107           10.588           10.300         57.57                         
      1.290          6.268          109.987                10.115           10.598           10.300         57.65                         
      1.300          6.268          109.987                10.124           10.608           10.300         57.73                         
      1.310          6.267          109.987                10.132           10.618           10.300         57.81                         
      1.320          6.267          109.987                10.141           10.627           10.300         57.89                         
      1.330          6.266          109.987                10.149           10.637           10.300         57.96                         
      1.340          6.265          109.987                10.157           10.646           10.300         58.04                         
      1.350          6.265          109.987                10.165           10.655           10.300         58.11                         
      1.360          6.264          109.986                10.173           10.664           10.300         58.19                         
      1.370          6.264          109.986                10.181           10.673           10.300         58.26                         
      1.380          6.263          109.986                10.189           10.682           10.300         58.33                         
      1.390          6.263          109.986                10.196           10.691           10.300         58.41                         
      1.400          6.262          109.986                10.204           10.699           10.300         58.48                         
      1.410          6.262          109.986                10.211           10.708           10.300         58.55                         
      1.420          6.261          109.986                10.219           10.716           10.300         58.62                         
      1.430          6.261          109.986                10.226           10.724           10.300         58.68                         
      1.440          6.260          109.986                10.233           10.732           10.300         58.75                         
      1.450          6.260          109.986                10.240           10.740           10.300         58.82                         
      1.460          6.259          109.986                10.247           10.748           10.300         58.88                         
      1.470          6.259          109.986                10.253           10.756           10.300         58.95                         
      1.480          6.258          109.986                10.260           10.763           10.300         59.01                         
      1.490          6.258          109.986                10.266           10.771           10.300         59.07                         
      1.500          6.257          109.986                10.273           10.778           10.300         59.13                         
      1.510          6.257          109.986                10.279           10.785           10.300         59.19                         
      1.520          6.256          109.986                10.285           10.792           10.300         59.25                         
      1.530          6.256          109.985                10.291           10.799           10.300         59.31                         
      1.540          6.255          109.985                10.297           10.806           10.300         59.36                         
      1.550          6.255          109.985                10.302           10.812           10.300         59.42                         
      1.560          6.255          109.985                10.308           10.818           10.300         59.47                         
      1.570          6.254          109.985                10.313           10.825           10.300         59.53                         
      1.580          6.254          109.985                10.319           10.831           10.300         59.58                         
      1.590          6.253          109.985                10.324           10.837           10.300         59.63                         
      1.600          6.253          109.985                10.329           10.843           10.300         59.68                         
      1.610          6.253          109.985                10.334           10.848           10.300         59.72                         
      1.620          6.252          109.985                10.339           10.854           10.300         59.77                         
      1.630          6.252          109.985                10.343           10.859           10.300         59.82                         
      1.640          6.252          109.985                10.348           10.864           10.300         59.86                         
      1.650          6.251          109.985                10.352           10.869           10.300         59.90                         
      1.660          6.251          109.985                10.356           10.874           10.300         59.95                         
      1.670          6.251          109.985                10.360           10.879           10.300         59.99                         
      1.680          6.250          109.985                10.364           10.884           10.300         60.03                         
      1.690          6.250          109.985                10.368           10.888           10.300         60.06                         
      1.700          6.250          109.985                10.372           10.892           10.300         60.10                         
      1.710          6.250          109.985                10.376           10.896           10.300         60.14                         
      1.720          6.249          109.985                10.379           10.900           10.300         60.17                         
      1.730          6.249          109.985                10.382           10.904           10.300         60.20                         
      1.740          6.249          109.985                10.385           10.908           10.300         60.23                         
      1.750          6.249          109.985                10.388           10.911           10.300         60.26                         
      1.760          6.248          109.985                10.391           10.915           10.300         60.29                         
      1.770          6.248          109.985                10.394           10.918           10.300         60.32                         
      1.780          6.248          109.985                10.397           10.921           10.300         60.35                         
      1.790          6.248          109.985                10.399           10.924           10.300         60.37                         
      1.800          6.248          109.985                10.401           10.926           10.300         60.39                         
      1.810          6.247          109.985                10.404           10.929           10.300         60.42                         
      1.820          6.247          109.985                10.406           10.931           10.300         60.44                         
      1.830          6.247          109.985                10.408           10.933           10.300         60.46                         
      1.840          6.247          109.985                10.409           10.935           10.300         60.47                         
      1.850          6.247          109.984                10.411           10.937           10.300         60.49                         
      1.860          6.247          109.984                10.413           10.939           10.300         60.51                         
      1.870          6.247          109.984                10.414           10.941           10.300         60.52                         
      1.880          6.246          109.984                10.415           10.942           10.300         60.53                         
      1.890          6.246          109.984                10.416           10.943           10.300         60.54                         
      1.900          6.246          109.984                10.417           10.944           10.300         60.55                         
      1.910          6.246          109.984                10.418           10.945           10.300         60.56                         
      1.920          6.246          109.984                10.418           10.946           10.300         60.57                         
      1.930          6.246          109.984                10.419           10.946           10.300         60.57                         
      1.940          6.246          109.984                10.419           10.947           10.300         60.57                         
      1.950          6.246          109.984                10.420           10.947           10.300         60.58                         
      1.960          6.246          109.984                10.420           10.947           10.300         60.58                         
      1.970          6.246          109.984                10.420           10.947           10.300         60.58                         
      1.980          6.246          109.984                10.419           10.947           10.300         60.58                         
      1.990          6.246          109.984                10.419           10.947           10.300         60.57                         
      2.000          6.246          109.984                10.419           10.946           10.300         60.57                         

