  ¬рем€            U                U                Pij              –г               –т г             ”гол рот         ќтн угол U       
                   601              1002             1001             601              601              601              601              
                                                     1002                                                                                 
                                                     1                                                                                    

                     6.300          110.000                 4.887           10.200           10.200         49.24                         
      0.010          6.300          110.000                 4.887           10.200           10.200         49.24                         
      0.020          6.300          110.000                 4.887           10.200           10.200         49.24                         
      0.030          6.300          110.000                 4.887           10.200           10.200         49.24                         
      0.040          6.300          110.000                 4.887           10.200           10.200         49.24                         
      0.050          6.300          110.000                 4.887           10.200           10.200         49.24                         
      0.060          6.300          110.000                 4.887           10.200           10.200         49.24                         
      0.070          6.300          110.000                 4.887           10.200           10.200         49.24                         
      0.080          6.300          110.000                 4.887           10.200           10.200         49.24                         
      0.090          6.300          110.000                 4.887           10.200           10.200         49.24                         
      0.100          6.300          110.000                 4.887           10.200           10.200         49.24                         
      0.100          6.322          109.993                 9.089            9.451           10.200         49.24                         
      0.110          6.322          109.993                 9.089            9.451           10.200         49.24                         
      0.120          6.322          109.993                 9.089            9.452           10.200         49.24                         
      0.130          6.322          109.993                 9.090            9.453           10.200         49.25                         
      0.140          6.322          109.993                 9.091            9.453           10.200         49.25                         
      0.150          6.322          109.993                 9.092            9.455           10.200         49.26                         
      0.160          6.322          109.993                 9.093            9.456           10.200         49.27                         
      0.170          6.322          109.993                 9.095            9.458           10.200         49.28                         
      0.180          6.322          109.993                 9.096            9.460           10.200         49.29                         
      0.190          6.322          109.993                 9.098            9.462           10.200         49.31                         
      0.200          6.322          109.993                 9.100            9.464           10.200         49.33                         
      0.210          6.322          109.993                 9.103            9.467           10.200         49.34                         
      0.220          6.322          109.993                 9.105            9.470           10.200         49.36                         
      0.230          6.321          109.993                 9.108            9.473           10.200         49.38                         
      0.240          6.321          109.993                 9.111            9.476           10.200         49.41                         
      0.250          6.321          109.993                 9.114            9.479           10.200         49.43                         
      0.260          6.321          109.993                 9.118            9.483           10.200         49.46                         
      0.270          6.321          109.993                 9.121            9.487           10.200         49.48                         
      0.280          6.321          109.993                 9.125            9.491           10.200         49.51                         
      0.290          6.320          109.993                 9.129            9.496           10.200         49.54                         
      0.300          6.320          109.993                 9.134            9.501           10.200         49.58                         
      0.310          6.320          109.993                 9.138            9.505           10.200         49.61                         
      0.320          6.320          109.993                 9.143            9.511           10.200         49.64                         
      0.330          6.320          109.993                 9.147            9.516           10.200         49.68                         
      0.340          6.319          109.993                 9.152            9.521           10.200         49.72                         
      0.350          6.319          109.993                 9.158            9.527           10.200         49.76                         
      0.360          6.319          109.993                 9.163            9.533           10.200         49.80                         
      0.370          6.319          109.993                 9.169            9.539           10.200         49.84                         
      0.380          6.318          109.993                 9.174            9.546           10.200         49.88                         
      0.390          6.318          109.993                 9.180            9.552           10.200         49.93                         
      0.400          6.318          109.993                 9.186            9.559           10.200         49.98                         
      0.410          6.317          109.993                 9.193            9.566           10.200         50.02                         
      0.420          6.317          109.992                 9.199            9.573           10.200         50.07                         
      0.430          6.317          109.992                 9.206            9.580           10.200         50.12                         
      0.440          6.316          109.992                 9.212            9.588           10.200         50.18                         
      0.450          6.316          109.992                 9.219            9.595           10.200         50.23                         
      0.460          6.316          109.992                 9.226            9.603           10.200         50.28                         
      0.470          6.315          109.992                 9.234            9.611           10.200         50.34                         
      0.480          6.315          109.992                 9.241            9.619           10.200         50.40                         
      0.490          6.315          109.992                 9.249            9.628           10.200         50.45                         
      0.500          6.314          109.992                 9.256            9.636           10.200         50.51                         
      0.510          6.314          109.992                 9.264            9.645           10.200         50.57                         
      0.520          6.313          109.992                 9.272            9.654           10.200         50.63                         
      0.530          6.313          109.992                 9.280            9.663           10.200         50.70                         
      0.540          6.312          109.992                 9.288            9.672           10.200         50.76                         
      0.550          6.312          109.992                 9.297            9.681           10.200         50.83                         
      0.560          6.312          109.992                 9.305            9.690           10.200         50.89                         
      0.570          6.311          109.992                 9.314            9.700           10.200         50.96                         
      0.580          6.311          109.992                 9.323            9.709           10.200         51.03                         
      0.590          6.310          109.992                 9.331            9.719           10.200         51.10                         
      0.600          6.310          109.992                 9.340            9.729           10.200         51.17                         
      0.610          6.309          109.992                 9.349            9.739           10.200         51.24                         
      0.620          6.309          109.992                 9.359            9.749           10.200         51.31                         
      0.630          6.308          109.991                 9.368            9.760           10.200         51.38                         
      0.640          6.308          109.991                 9.377            9.770           10.200         51.45                         
      0.650          6.307          109.991                 9.387            9.781           10.200         51.53                         
      0.660          6.307          109.991                 9.396            9.791           10.200         51.60                         
      0.670          6.306          109.991                 9.406            9.802           10.200         51.68                         
      0.680          6.306          109.991                 9.416            9.813           10.200         51.76                         
      0.690          6.305          109.991                 9.425            9.824           10.200         51.84                         
      0.700          6.305          109.991                 9.435            9.835           10.200         51.91                         
      0.710          6.304          109.991                 9.445            9.846           10.200         51.99                         
      0.720          6.304          109.991                 9.455            9.857           10.200         52.07                         
      0.730          6.303          109.991                 9.465            9.868           10.200         52.15                         
      0.740          6.303          109.991                 9.475            9.879           10.200         52.24                         
      0.750          6.302          109.991                 9.486            9.891           10.200         52.32                         
      0.760          6.301          109.991                 9.496            9.902           10.200         52.40                         
      0.770          6.301          109.991                 9.506            9.913           10.200         52.48                         
      0.780          6.300          109.991                 9.517            9.925           10.200         52.57                         
      0.790          6.300          109.990                 9.527            9.937           10.200         52.65                         
      0.800          6.299          109.990                 9.537            9.948           10.200         52.74                         
      0.810          6.299          109.990                 9.548            9.960           10.200         52.82                         
      0.820          6.298          109.990                 9.558            9.972           10.200         52.91                         
      0.830          6.297          109.990                 9.569            9.983           10.200         52.99                         
      0.840          6.297          109.990                 9.580            9.995           10.200         53.08                         
      0.850          6.296          109.990                 9.590           10.007           10.200         53.17                         
      0.860          6.296          109.990                 9.601           10.019           10.200         53.25                         
      0.870          6.295          109.990                 9.611           10.031           10.200         53.34                         
      0.880          6.294          109.990                 9.622           10.043           10.200         53.43                         
      0.890          6.294          109.990                 9.633           10.055           10.200         53.52                         
      0.900          6.293          109.990                 9.643           10.067           10.200         53.60                         
      0.910          6.293          109.990                 9.654           10.078           10.200         53.69                         
      0.920          6.292          109.990                 9.665           10.090           10.200         53.78                         
      0.930          6.291          109.990                 9.675           10.102           10.200         53.87                         
      0.940          6.291          109.989                 9.686           10.114           10.200         53.96                         
      0.950          6.290          109.989                 9.697           10.126           10.200         54.05                         
      0.960          6.289          109.989                 9.707           10.138           10.200         54.14                         
      0.970          6.289          109.989                 9.718           10.150           10.200         54.23                         
      0.980          6.288          109.989                 9.729           10.162           10.200         54.31                         
      0.990          6.288          109.989                 9.739           10.174           10.200         54.40                         
      1.000          6.287          109.989                 9.750           10.186           10.200         54.49                         
      1.010          6.286          109.989                 9.760           10.197           10.200         54.58                         
      1.020          6.286          109.989                 9.771           10.209           10.200         54.67                         
      1.030          6.285          109.989                 9.781           10.221           10.200         54.76                         
      1.040          6.284          109.989                 9.791           10.233           10.200         54.85                         
      1.050          6.284          109.989                 9.802           10.244           10.200         54.94                         
      1.060          6.283          109.989                 9.812           10.256           10.200         55.03                         
      1.070          6.282          109.989                 9.822           10.267           10.200         55.11                         
      1.080          6.282          109.988                 9.833           10.279           10.200         55.20                         
      1.090          6.281          109.988                 9.843           10.290           10.200         55.29                         
      1.100          6.281          109.988                 9.853           10.302           10.200         55.38                         
      1.110          6.280          109.988                 9.863           10.313           10.200         55.47                         
      1.120          6.279          109.988                 9.873           10.324           10.200         55.55                         
      1.130          6.279          109.988                 9.883           10.336           10.200         55.64                         
      1.140          6.278          109.988                 9.893           10.347           10.200         55.73                         
      1.150          6.277          109.988                 9.903           10.358           10.200         55.81                         
      1.160          6.277          109.988                 9.912           10.369           10.200         55.90                         
      1.170          6.276          109.988                 9.922           10.380           10.200         55.98                         
      1.180          6.276          109.988                 9.932           10.391           10.200         56.07                         
      1.190          6.275          109.988                 9.941           10.401           10.200         56.15                         
      1.200          6.274          109.988                 9.951           10.412           10.200         56.23                         
      1.210          6.274          109.988                 9.960           10.423           10.200         56.32                         
      1.220          6.273          109.987                 9.969           10.433           10.200         56.40                         
      1.230          6.273          109.987                 9.978           10.443           10.200         56.48                         
      1.240          6.272          109.987                 9.988           10.454           10.200         56.56                         
      1.250          6.271          109.987                 9.997           10.464           10.200         56.64                         
      1.260          6.271          109.987                10.005           10.474           10.200         56.72                         
      1.270          6.270          109.987                10.014           10.484           10.200         56.80                         
      1.280          6.270          109.987                10.023           10.494           10.200         56.88                         
      1.290          6.269          109.987                10.032           10.504           10.200         56.96                         
      1.300          6.269          109.987                10.040           10.513           10.200         57.04                         
      1.310          6.268          109.987                10.049           10.523           10.200         57.11                         
      1.320          6.267          109.987                10.057           10.533           10.200         57.19                         
      1.330          6.267          109.987                10.065           10.542           10.200         57.26                         
      1.340          6.266          109.987                10.073           10.551           10.200         57.34                         
      1.350          6.266          109.987                10.081           10.560           10.200         57.41                         
      1.360          6.265          109.987                10.089           10.569           10.200         57.48                         
      1.370          6.265          109.986                10.097           10.578           10.200         57.56                         
      1.380          6.264          109.986                10.105           10.587           10.200         57.63                         
      1.390          6.264          109.986                10.112           10.595           10.200         57.70                         
      1.400          6.263          109.986                10.120           10.604           10.200         57.76                         
      1.410          6.263          109.986                10.127           10.612           10.200         57.83                         
      1.420          6.262          109.986                10.134           10.621           10.200         57.90                         
      1.430          6.262          109.986                10.141           10.629           10.200         57.97                         
      1.440          6.261          109.986                10.148           10.637           10.200         58.03                         
      1.450          6.261          109.986                10.155           10.645           10.200         58.10                         
      1.460          6.260          109.986                10.162           10.652           10.200         58.16                         
      1.470          6.260          109.986                10.169           10.660           10.200         58.22                         
      1.480          6.259          109.986                10.175           10.667           10.200         58.28                         
      1.490          6.259          109.986                10.182           10.675           10.200         58.34                         
      1.500          6.258          109.986                10.188           10.682           10.200         58.40                         
      1.510          6.258          109.986                10.194           10.689           10.200         58.46                         
      1.520          6.258          109.986                10.200           10.696           10.200         58.51                         
      1.530          6.257          109.986                10.206           10.702           10.200         58.57                         
      1.540          6.257          109.986                10.212           10.709           10.200         58.62                         
      1.550          6.256          109.986                10.217           10.715           10.200         58.68                         
      1.560          6.256          109.986                10.223           10.722           10.200         58.73                         
      1.570          6.256          109.985                10.228           10.728           10.200         58.78                         
      1.580          6.255          109.985                10.233           10.734           10.200         58.83                         
      1.590          6.255          109.985                10.238           10.739           10.200         58.88                         
      1.600          6.255          109.985                10.243           10.745           10.200         58.93                         
      1.610          6.254          109.985                10.248           10.751           10.200         58.97                         
      1.620          6.254          109.985                10.253           10.756           10.200         59.02                         
      1.630          6.254          109.985                10.257           10.761           10.200         59.06                         
      1.640          6.253          109.985                10.262           10.766           10.200         59.10                         
      1.650          6.253          109.985                10.266           10.771           10.200         59.14                         
      1.660          6.253          109.985                10.270           10.776           10.200         59.18                         
      1.670          6.252          109.985                10.274           10.781           10.200         59.22                         
      1.680          6.252          109.985                10.278           10.785           10.200         59.26                         
      1.690          6.252          109.985                10.282           10.789           10.200         59.30                         
      1.700          6.251          109.985                10.285           10.793           10.200         59.33                         
      1.710          6.251          109.985                10.289           10.797           10.200         59.36                         
      1.720          6.251          109.985                10.292           10.801           10.200         59.40                         
      1.730          6.251          109.985                10.295           10.805           10.200         59.43                         
      1.740          6.251          109.985                10.298           10.808           10.200         59.46                         
      1.750          6.250          109.985                10.301           10.812           10.200         59.48                         
      1.760          6.250          109.985                10.304           10.815           10.200         59.51                         
      1.770          6.250          109.985                10.307           10.818           10.200         59.54                         
      1.780          6.250          109.985                10.309           10.820           10.200         59.56                         
      1.790          6.250          109.985                10.311           10.823           10.200         59.58                         
      1.800          6.249          109.985                10.313           10.826           10.200         59.60                         
      1.810          6.249          109.985                10.316           10.828           10.200         59.62                         
      1.820          6.249          109.985                10.317           10.830           10.200         59.64                         
      1.830          6.249          109.985                10.319           10.832           10.200         59.66                         
      1.840          6.249          109.985                10.321           10.834           10.200         59.68                         
      1.850          6.249          109.985                10.322           10.836           10.200         59.69                         
      1.860          6.249          109.985                10.324           10.837           10.200         59.70                         
      1.870          6.249          109.985                10.325           10.839           10.200         59.71                         
      1.880          6.248          109.985                10.326           10.840           10.200         59.72                         
      1.890          6.248          109.985                10.327           10.841           10.200         59.73                         
      1.900          6.248          109.985                10.327           10.842           10.200         59.74                         
      1.910          6.248          109.985                10.328           10.842           10.200         59.75                         
      1.920          6.248          109.985                10.328           10.843           10.200         59.75                         
      1.930          6.248          109.985                10.329           10.843           10.200         59.75                         
      1.940          6.248          109.985                10.329           10.843           10.200         59.76                         
      1.950          6.248          109.985                10.329           10.844           10.200         59.76                         
      1.960          6.248          109.985                10.329           10.843           10.200         59.76                         
      1.970          6.248          109.985                10.329           10.843           10.200         59.75                         
      1.980          6.248          109.985                10.328           10.843           10.200         59.75                         
      1.990          6.248          109.985                10.328           10.842           10.200         59.74                         
      2.000          6.248          109.985                10.327           10.841           10.200         59.74                         

