  ¬рем€            U                U                Pij              –г               –т г             ”гол рот         ќтн угол U       
                   601              1002             1001             601              601              601              601              
                                                     1002                                                                                 
                                                     1                                                                                    

                    10.500          110.000                16.835           37.000           37.000         65.02                         
      0.010         10.500          110.000                16.835           37.000           37.000         65.02                         
      0.020         10.500          110.000                16.835           37.000           37.000         65.02                         
      0.030         10.500          110.000                16.835           37.000           37.000         65.02                         
      0.040         10.500          110.000                16.835           37.000           37.000         65.02                         
      0.050         10.500          110.000                16.835           37.000           37.000         65.02                         
      0.060         10.500          110.000                16.835           37.000           37.000         65.02                         
      0.070         10.500          110.000                16.835           37.000           37.000         65.02                         
      0.080         10.500          110.000                16.835           37.000           37.000         65.02                         
      0.090         10.500          110.000                16.835           37.000           37.000         65.02                         
      0.100         10.500          110.000                16.835           37.000           37.000         65.02                         
      0.100         10.589          110.004                29.540           32.002           37.000         65.02                         
      0.110         10.589          110.004                29.541           32.004           37.000         65.03                         
      0.120         10.589          110.004                29.545           32.009           37.000         65.05                         
      0.130         10.588          110.004                29.552           32.018           37.000         65.08                         
      0.140         10.588          110.004                29.561           32.030           37.000         65.12                         
      0.150         10.587          110.004                29.573           32.045           37.000         65.17                         
      0.160         10.586          110.003                29.588           32.064           37.000         65.23                         
      0.170         10.585          110.003                29.605           32.086           37.000         65.31                         
      0.180         10.584          110.003                29.624           32.111           37.000         65.39                         
      0.190         10.583          110.003                29.646           32.139           37.000         65.49                         
      0.200         10.581          110.003                29.670           32.170           37.000         65.60                         
      0.210         10.580          110.002                29.696           32.204           37.000         65.72                         
      0.220         10.578          110.002                29.725           32.242           37.000         65.85                         
      0.230         10.576          110.002                29.755           32.282           37.000         65.99                         
      0.240         10.575          110.001                29.788           32.324           37.000         66.14                         
      0.250         10.572          110.001                29.823           32.370           37.000         66.30                         
      0.260         10.570          110.000                29.860           32.418           37.000         66.47                         
      0.270         10.568          110.000                29.898           32.469           37.000         66.65                         
      0.280         10.565          110.000                29.939           32.522           37.000         66.84                         
      0.290         10.563          109.999                29.981           32.577           37.000         67.04                         
      0.300         10.560          109.998                30.024           32.635           37.000         67.25                         
      0.310         10.557          109.998                30.070           32.695           37.000         67.46                         
      0.320         10.554          109.997                30.116           32.757           37.000         67.69                         
      0.330         10.551          109.997                30.164           32.821           37.000         67.93                         
      0.340         10.548          109.996                30.214           32.887           37.000         68.18                         
      0.350         10.545          109.996                30.264           32.955           37.000         68.43                         
      0.360         10.541          109.995                30.316           33.024           37.000         68.69                         
      0.370         10.537          109.994                30.368           33.095           37.000         68.97                         
      0.380         10.534          109.994                30.421           33.167           37.000         69.25                         
      0.390         10.530          109.993                30.476           33.241           37.000         69.53                         
      0.400         10.526          109.992                30.531           33.316           37.000         69.83                         
      0.410         10.522          109.991                30.586           33.393           37.000         70.13                         
      0.420         10.518          109.991                30.642           33.470           37.000         70.45                         
      0.430         10.513          109.990                30.698           33.548           37.000         70.77                         
      0.440         10.509          109.989                30.755           33.627           37.000         71.09                         
      0.450         10.504          109.988                30.812           33.707           37.000         71.42                         
      0.460         10.500          109.987                30.869           33.787           37.000         71.76                         
      0.470         10.495          109.986                30.925           33.868           37.000         72.11                         
      0.480         10.490          109.985                30.982           33.950           37.000         72.46                         
      0.490         10.485          109.985                31.039           34.031           37.000         72.82                         
      0.500         10.480          109.984                31.095           34.113           37.000         73.19                         
      0.510         10.475          109.983                31.151           34.195           37.000         73.56                         
      0.520         10.470          109.982                31.207           34.277           37.000         73.94                         
      0.530         10.464          109.981                31.261           34.359           37.000         74.32                         
      0.540         10.459          109.980                31.316           34.440           37.000         74.71                         
      0.550         10.453          109.979                31.369           34.521           37.000         75.10                         
      0.560         10.448          109.978                31.422           34.602           37.000         75.50                         
      0.570         10.442          109.977                31.474           34.682           37.000         75.91                         
      0.580         10.436          109.976                31.524           34.762           37.000         76.32                         
      0.590         10.430          109.975                31.574           34.841           37.000         76.73                         
      0.600         10.424          109.973                31.623           34.919           37.000         77.15                         
      0.610         10.418          109.972                31.670           34.996           37.000         77.57                         
      0.620         10.412          109.971                31.716           35.073           37.000         77.99                         
      0.630         10.406          109.970                31.761           35.148           37.000         78.42                         
      0.640         10.400          109.969                31.804           35.222           37.000         78.85                         
      0.650         10.393          109.968                31.846           35.295           37.000         79.29                         
      0.660         10.387          109.967                31.886           35.367           37.000         79.73                         
      0.670         10.380          109.966                31.925           35.437           37.000         80.17                         
      0.680         10.374          109.965                31.962           35.506           37.000         80.62                         
      0.690         10.367          109.963                31.997           35.574           37.000         81.07                         
      0.700         10.360          109.962                32.030           35.640           37.000         81.52                         
      0.710         10.354          109.961                32.062           35.704           37.000         81.98                         
      0.720         10.347          109.960                32.092           35.767           37.000         82.43                         
      0.730         10.340          109.959                32.120           35.828           37.000         82.89                         
      0.740         10.333          109.958                32.146           35.887           37.000         83.36                         
      0.750         10.326          109.956                32.170           35.945           37.000         83.82                         
      0.760         10.319          109.955                32.191           36.000           37.000         84.28                         
      0.770         10.312          109.954                32.211           36.054           37.000         84.75                         
      0.780         10.305          109.953                32.229           36.106           37.000         85.22                         
      0.790         10.298          109.951                32.245           36.156           37.000         85.69                         
      0.800         10.291          109.950                32.258           36.204           37.000         86.17                         
      0.810         10.284          109.949                32.270           36.250           37.000         86.64                         
      0.820         10.276          109.948                32.279           36.293           37.000         87.12                         
      0.830         10.269          109.947                32.286           36.335           37.000         87.59                         
      0.840         10.262          109.945                32.290           36.374           37.000         88.07                         
      0.850         10.255          109.944                32.293           36.412           37.000         88.55                         
      0.860         10.247          109.943                32.293           36.447           37.000         89.03                         
      0.870         10.240          109.942                32.291           36.480           37.000         89.51                         
      0.880         10.232          109.940                32.287           36.510           37.000         89.99                         
      0.890         10.225          109.939                32.280           36.539           37.000         90.48                         
      0.900         10.217          109.938                32.271           36.565           37.000         90.96                         
      0.910         10.210          109.937                32.260           36.589           37.000         91.45                         
      0.920         10.202          109.935                32.246           36.611           37.000         91.93                         
      0.930         10.195          109.934                32.230           36.630           37.000         92.42                         
      0.940         10.187          109.933                32.212           36.647           37.000         92.90                         
      0.950         10.180          109.932                32.191           36.662           37.000         93.39                         
      0.960         10.172          109.930                32.168           36.674           37.000         93.88                         
      0.970         10.165          109.929                32.143           36.684           37.000         94.37                         
      0.980         10.157          109.928                32.115           36.692           37.000         94.85                         
      0.990         10.149          109.927                32.085           36.697           37.000         95.34                         
      1.000         10.142          109.926                32.052           36.700           37.000         95.83                         
      1.010         10.134          109.924                32.017           36.701           37.000         96.32                         
      1.020         10.126          109.923                31.980           36.699           37.000         96.82                         
      1.030         10.119          109.922                31.940           36.695           37.000         97.31                         
      1.040         10.111          109.921                31.898           36.688           37.000         97.80                         
      1.050         10.103          109.919                31.853           36.679           37.000         98.29                         
      1.060         10.095          109.918                31.806           36.667           37.000         98.79                         
      1.070         10.088          109.917                31.757           36.654           37.000         99.28                         
      1.080         10.080          109.916                31.705           36.637           37.000         99.77                         
      1.090         10.072          109.914                31.651           36.618           37.000        100.27                         
      1.100         10.064          109.913                31.594           36.597           37.000        100.76                         
      1.110         10.056          109.912                31.535           36.573           37.000        101.26                         
      1.120         10.049          109.911                31.473           36.547           37.000        101.76                         
      1.130         10.041          109.910                31.409           36.518           37.000        102.26                         
      1.140         10.033          109.908                31.342           36.487           37.000        102.76                         
      1.150         10.025          109.907                31.273           36.453           37.000        103.26                         
      1.160         10.017          109.906                31.201           36.417           37.000        103.76                         
      1.170         10.009          109.905                31.127           36.378           37.000        104.26                         
      1.180         10.001          109.903                31.050           36.337           37.000        104.77                         
      1.190          9.993          109.902                30.970           36.293           37.000        105.28                         
      1.200          9.985          109.901                30.888           36.246           37.000        105.78                         
      1.210          9.977          109.900                30.803           36.196           37.000        106.29                         
      1.220          9.969          109.899                30.715           36.144           37.000        106.80                         
      1.230          9.961          109.897                30.624           36.089           37.000        107.32                         
      1.240          9.953          109.896                30.531           36.031           37.000        107.83                         
      1.250          9.945          109.895                30.434           35.971           37.000        108.35                         
      1.260          9.937          109.894                30.335           35.907           37.000        108.87                         
      1.270          9.929          109.893                30.233           35.841           37.000        109.39                         
      1.280          9.921          109.891                30.128           35.772           37.000        109.92                         
      1.290          9.912          109.890                30.019           35.699           37.000        110.44                         
      1.300          9.904          109.889                29.908           35.624           37.000        110.97                         
      1.310          9.896          109.888                29.793           35.545           37.000        111.51                         
      1.320          9.888          109.886                29.675           35.463           37.000        112.04                         
      1.330          9.879          109.885                29.553           35.378           37.000        112.58                         
      1.340          9.871          109.884                29.428           35.289           37.000        113.13                         
      1.350          9.862          109.883                29.299           35.197           37.000        113.68                         
      1.360          9.854          109.882                29.167           35.101           37.000        114.23                         
      1.370          9.845          109.880                29.031           35.002           37.000        114.78                         
      1.380          9.837          109.879                28.891           34.899           37.000        115.35                         
      1.390          9.828          109.878                28.747           34.792           37.000        115.91                         
      1.400          9.819          109.877                28.599           34.681           37.000        116.48                         
      1.410          9.811          109.875                28.447           34.566           37.000        117.06                         
      1.420          9.802          109.874                28.290           34.447           37.000        117.64                         
      1.430          9.793          109.873                28.129           34.324           37.000        118.23                         
      1.440          9.784          109.872                27.963           34.196           37.000        118.82                         
      1.450          9.775          109.870                27.792           34.063           37.000        119.42                         
      1.460          9.766          109.869                27.617           33.926           37.000        120.02                         
      1.470          9.757          109.868                27.436           33.783           37.000        120.64                         
      1.480          9.748          109.867                27.250           33.636           37.000        121.26                         
      1.490          9.738          109.865                27.058           33.483           37.000        121.88                         
      1.500          9.729          109.864                26.860           33.325           37.000        122.52                         
      1.510          9.719          109.863                26.657           33.160           37.000        123.17                         
      1.520          9.710          109.861                26.447           32.990           37.000        123.82                         
      1.530          9.700          109.860                26.231           32.814           37.000        124.48                         
      1.540          9.691          109.859                26.008           32.631           37.000        125.15                         
      1.550          9.681          109.857                25.779           32.442           37.000        125.83                         
      1.560          9.671          109.856                25.542           32.246           37.000        126.52                         
      1.570          9.661          109.855                25.298           32.042           37.000        127.23                         
      1.580          9.651          109.853                25.045           31.831           37.000        127.94                         
      1.590          9.641          109.852                24.785           31.612           37.000        128.67                         
      1.600          9.630          109.851                24.516           31.385           37.000        129.40                         
      1.610          9.620          109.849                24.239           31.149           37.000        130.15                         
      1.620          9.609          109.848                23.952           30.905           37.000        130.92                         
      1.630          9.599          109.847                23.656           30.651           37.000        131.69                         
      1.640          9.588          109.845                23.350           30.387           37.000        132.48                         
      1.650          9.577          109.844                23.033           30.113           37.000        133.29                         
      1.660          9.567          109.843                22.706           29.829           37.000        134.11                         
      1.670          9.555          109.841                22.367           29.534           37.000        134.95                         
      1.680          9.544          109.840                22.017           29.227           37.000        135.81                         
      1.690          9.533          109.839                21.654           28.908           37.000        136.68                         
      1.700          9.522          109.837                21.278           28.577           37.000        137.57                         
      1.710          9.510          109.836                20.890           28.232           37.000        138.48                         
      1.720          9.499          109.834                20.487           27.874           37.000        139.41                         
      1.730          9.487          109.833                20.070           27.501           37.000        140.36                         
      1.740          9.476          109.832                19.637           27.113           37.000        141.33                         
      1.750          9.464          109.830                19.189           26.709           37.000        142.32                         
      1.760          9.452          109.829                18.724           26.289           37.000        143.34                         
      1.770          9.440          109.828                18.243           25.852           37.000        144.38                         
      1.780          9.428          109.826                17.743           25.396           37.000        145.45                         
      1.790          9.416          109.825                17.224           24.922           37.000        146.54                         
      1.800          9.404          109.824                16.686           24.428           37.000        147.66                         
      1.810          9.392          109.823                16.128           23.914           37.000        148.81                         
      1.820          9.380          109.821                15.549           23.378           37.000        149.99                         
      1.830          9.368          109.820                14.948           22.820           37.000        151.20                         
      1.840          9.355          109.819                14.323           22.238           37.000        152.44                         
      1.850          9.343          109.818                13.675           21.632           37.000        153.71                         
      1.860          9.332          109.817                13.003           21.000           37.000        155.02                         
      1.870          9.320          109.816                12.304           20.342           37.000        156.37                         
      1.880          9.308          109.814                11.579           19.655           37.000        157.75                         
      1.890          9.296          109.814                10.826           18.940           37.000        159.17                         
      1.900          9.285          109.813                10.045           18.195           37.000        160.63                         
      1.910          9.274          109.812                 9.234           17.419           37.000        162.14                         
      1.920          9.263          109.811                 8.393           16.610           37.000        163.69                         
      1.930          9.253          109.810                 7.520           15.768           37.000        165.29                         
      1.940          9.243          109.810                 6.614           14.891           37.000        166.93                         
      1.950          9.233          109.809                 5.675           13.978           37.000        168.62                         
      1.960          9.224          109.809                 4.703           13.028           37.000        170.37                         
      1.970          9.216          109.809                 3.695           12.040           37.000        172.17                         
      1.980          9.208          109.809                 2.652           11.013           37.000        174.03                         
      1.990          9.202          109.809                 1.573            9.945           37.000        175.94                         
      2.000          9.196          109.809                 0.457            8.837           37.000        177.92                         

