  ¬рем€            U                U                Pij              –г               –т г             ”гол рот         ќтн угол U       
                   601              1002             1001             601              601              601              601              
                                                     1002                                                                                 
                                                     1                                                                                    

                    10.500          110.000                17.321           38.300           38.300         68.39                         
      0.010         10.500          110.000                17.321           38.300           38.300         68.39                         
      0.020         10.500          110.000                17.321           38.300           38.300         68.39                         
      0.030         10.500          110.000                17.321           38.300           38.300         68.39                         
      0.040         10.500          110.000                17.321           38.300           38.300         68.39                         
      0.050         10.500          110.000                17.321           38.300           38.300         68.39                         
      0.060         10.500          110.000                17.321           38.300           38.300         68.39                         
      0.070         10.500          110.000                17.321           38.300           38.300         68.39                         
      0.080         10.500          110.000                17.321           38.300           38.300         68.39                         
      0.090         10.500          110.000                17.321           38.300           38.300         68.39                         
      0.100         10.500          110.000                17.321           38.300           38.300         68.39                         
      0.100         10.597          110.005                30.433           33.138           38.300         68.39                         
      0.110         10.597          110.005                30.434           33.140           38.300         68.40                         
      0.120         10.596          110.005                30.438           33.145           38.300         68.42                         
      0.130         10.596          110.005                30.444           33.153           38.300         68.45                         
      0.140         10.595          110.005                30.452           33.164           38.300         68.49                         
      0.150         10.595          110.005                30.463           33.178           38.300         68.54                         
      0.160         10.594          110.005                30.476           33.196           38.300         68.61                         
      0.170         10.593          110.005                30.491           33.216           38.300         68.69                         
      0.180         10.592          110.004                30.508           33.240           38.300         68.78                         
      0.190         10.590          110.004                30.528           33.266           38.300         68.88                         
      0.200         10.589          110.004                30.549           33.295           38.300         68.99                         
      0.210         10.587          110.003                30.573           33.327           38.300         69.11                         
      0.220         10.585          110.003                30.598           33.362           38.300         69.24                         
      0.230         10.583          110.003                30.626           33.399           38.300         69.39                         
      0.240         10.581          110.002                30.655           33.439           38.300         69.54                         
      0.250         10.579          110.002                30.686           33.481           38.300         69.71                         
      0.260         10.577          110.002                30.719           33.526           38.300         69.89                         
      0.270         10.574          110.001                30.753           33.573           38.300         70.07                         
      0.280         10.572          110.001                30.789           33.622           38.300         70.27                         
      0.290         10.569          110.000                30.826           33.674           38.300         70.48                         
      0.300         10.566          109.999                30.864           33.728           38.300         70.69                         
      0.310         10.563          109.999                30.904           33.783           38.300         70.92                         
      0.320         10.560          109.998                30.945           33.841           38.300         71.16                         
      0.330         10.556          109.998                30.988           33.900           38.300         71.40                         
      0.340         10.553          109.997                31.031           33.961           38.300         71.66                         
      0.350         10.549          109.996                31.075           34.023           38.300         71.93                         
      0.360         10.545          109.996                31.120           34.087           38.300         72.20                         
      0.370         10.541          109.995                31.165           34.153           38.300         72.48                         
      0.380         10.537          109.994                31.212           34.219           38.300         72.78                         
      0.390         10.533          109.993                31.258           34.287           38.300         73.08                         
      0.400         10.529          109.993                31.305           34.356           38.300         73.38                         
      0.410         10.525          109.992                31.353           34.426           38.300         73.70                         
      0.420         10.520          109.991                31.401           34.496           38.300         74.03                         
      0.430         10.515          109.990                31.449           34.568           38.300         74.36                         
      0.440         10.510          109.989                31.496           34.640           38.300         74.70                         
      0.450         10.506          109.988                31.544           34.712           38.300         75.05                         
      0.460         10.501          109.987                31.592           34.785           38.300         75.41                         
      0.470         10.495          109.987                31.639           34.858           38.300         75.77                         
      0.480         10.490          109.986                31.686           34.931           38.300         76.14                         
      0.490         10.485          109.985                31.733           35.005           38.300         76.52                         
      0.500         10.479          109.984                31.778           35.078           38.300         76.91                         
      0.510         10.474          109.983                31.824           35.151           38.300         77.30                         
      0.520         10.468          109.982                31.868           35.224           38.300         77.70                         
      0.530         10.462          109.981                31.912           35.297           38.300         78.10                         
      0.540         10.456          109.979                31.954           35.369           38.300         78.51                         
      0.550         10.450          109.978                31.996           35.440           38.300         78.93                         
      0.560         10.444          109.977                32.036           35.511           38.300         79.35                         
      0.570         10.438          109.976                32.075           35.581           38.300         79.78                         
      0.580         10.431          109.975                32.113           35.650           38.300         80.22                         
      0.590         10.425          109.974                32.150           35.718           38.300         80.66                         
      0.600         10.418          109.973                32.185           35.786           38.300         81.10                         
      0.610         10.412          109.972                32.218           35.852           38.300         81.55                         
      0.620         10.405          109.970                32.250           35.916           38.300         82.01                         
      0.630         10.398          109.969                32.280           35.980           38.300         82.47                         
      0.640         10.391          109.968                32.308           36.041           38.300         82.93                         
      0.650         10.384          109.967                32.334           36.102           38.300         83.40                         
      0.660         10.377          109.966                32.358           36.161           38.300         83.88                         
      0.670         10.370          109.964                32.381           36.218           38.300         84.35                         
      0.680         10.363          109.963                32.401           36.273           38.300         84.84                         
      0.690         10.355          109.962                32.419           36.327           38.300         85.32                         
      0.700         10.348          109.961                32.435           36.378           38.300         85.81                         
      0.710         10.340          109.959                32.448           36.428           38.300         86.31                         
      0.720         10.333          109.958                32.460           36.476           38.300         86.81                         
      0.730         10.325          109.957                32.468           36.521           38.300         87.31                         
      0.740         10.317          109.955                32.475           36.564           38.300         87.81                         
      0.750         10.310          109.954                32.479           36.606           38.300         88.32                         
      0.760         10.302          109.953                32.480           36.644           38.300         88.84                         
      0.770         10.294          109.951                32.479           36.681           38.300         89.35                         
      0.780         10.286          109.950                32.475           36.715           38.300         89.87                         
      0.790         10.278          109.949                32.468           36.746           38.300         90.39                         
      0.800         10.270          109.947                32.458           36.775           38.300         90.92                         
      0.810         10.262          109.946                32.446           36.801           38.300         91.45                         
      0.820         10.253          109.945                32.431           36.825           38.300         91.98                         
      0.830         10.245          109.943                32.413           36.846           38.300         92.51                         
      0.840         10.237          109.942                32.392           36.864           38.300         93.05                         
      0.850         10.228          109.940                32.368           36.880           38.300         93.59                         
      0.860         10.220          109.939                32.341           36.892           38.300         94.13                         
      0.870         10.211          109.938                32.311           36.902           38.300         94.68                         
      0.880         10.203          109.936                32.277           36.909           38.300         95.23                         
      0.890         10.194          109.935                32.241           36.913           38.300         95.78                         
      0.900         10.185          109.934                32.201           36.913           38.300         96.34                         
      0.910         10.177          109.932                32.158           36.911           38.300         96.89                         
      0.920         10.168          109.931                32.112           36.905           38.300         97.46                         
      0.930         10.159          109.929                32.063           36.897           38.300         98.02                         
      0.940         10.150          109.928                32.010           36.885           38.300         98.58                         
      0.950         10.141          109.926                31.953           36.870           38.300         99.15                         
      0.960         10.132          109.925                31.894           36.851           38.300         99.73                         
      0.970         10.123          109.924                31.830           36.829           38.300        100.30                         
      0.980         10.114          109.922                31.763           36.804           38.300        100.88                         
      0.990         10.105          109.921                31.693           36.775           38.300        101.46                         
      1.000         10.096          109.919                31.618           36.743           38.300        102.05                         
      1.010         10.086          109.918                31.540           36.707           38.300        102.64                         
      1.020         10.077          109.916                31.459           36.667           38.300        103.23                         
      1.030         10.068          109.915                31.373           36.624           38.300        103.82                         
      1.040         10.058          109.913                31.283           36.576           38.300        104.42                         
      1.050         10.049          109.912                31.190           36.525           38.300        105.02                         
      1.060         10.039          109.911                31.092           36.470           38.300        105.63                         
      1.070         10.030          109.909                30.990           36.411           38.300        106.24                         
      1.080         10.020          109.908                30.884           36.348           38.300        106.86                         
      1.090         10.010          109.906                30.773           36.281           38.300        107.47                         
      1.100         10.001          109.905                30.658           36.209           38.300        108.10                         
      1.110          9.991          109.903                30.539           36.134           38.300        108.73                         
      1.120          9.981          109.902                30.415           36.053           38.300        109.36                         
      1.130          9.971          109.900                30.286           35.968           38.300        110.00                         
      1.140          9.961          109.899                30.152           35.879           38.300        110.64                         
      1.150          9.951          109.897                30.014           35.784           38.300        111.29                         
      1.160          9.941          109.896                29.870           35.685           38.300        111.94                         
      1.170          9.930          109.894                29.721           35.581           38.300        112.60                         
      1.180          9.920          109.893                29.567           35.471           38.300        113.27                         
      1.190          9.910          109.891                29.407           35.356           38.300        113.94                         
      1.200          9.899          109.890                29.242           35.236           38.300        114.62                         
      1.210          9.889          109.888                29.070           35.110           38.300        115.30                         
      1.220          9.878          109.887                28.893           34.979           38.300        115.99                         
      1.230          9.868          109.885                28.710           34.841           38.300        116.69                         
      1.240          9.857          109.884                28.520           34.697           38.300        117.40                         
      1.250          9.846          109.882                28.323           34.547           38.300        118.12                         
      1.260          9.835          109.880                28.120           34.390           38.300        118.84                         
      1.270          9.824          109.879                27.910           34.226           38.300        119.57                         
      1.280          9.813          109.877                27.692           34.056           38.300        120.32                         
      1.290          9.802          109.876                27.467           33.878           38.300        121.07                         
      1.300          9.791          109.874                27.234           33.692           38.300        121.83                         
      1.310          9.779          109.873                26.993           33.499           38.300        122.60                         
      1.320          9.768          109.871                26.743           33.297           38.300        123.38                         
      1.330          9.756          109.870                26.485           33.087           38.300        124.18                         
      1.340          9.745          109.868                26.218           32.869           38.300        124.98                         
      1.350          9.733          109.866                25.941           32.641           38.300        125.80                         
      1.360          9.721          109.865                25.655           32.403           38.300        126.63                         
      1.370          9.709          109.863                25.359           32.156           38.300        127.48                         
      1.380          9.697          109.862                25.052           31.899           38.300        128.33                         
      1.390          9.685          109.860                24.734           31.631           38.300        129.21                         
      1.400          9.672          109.858                24.405           31.351           38.300        130.09                         
      1.410          9.660          109.857                24.064           31.060           38.300        131.00                         
      1.420          9.647          109.855                23.711           30.757           38.300        131.91                         
      1.430          9.635          109.854                23.345           30.442           38.300        132.85                         
      1.440          9.622          109.852                22.965           30.113           38.300        133.80                         
      1.450          9.609          109.850                22.572           29.770           38.300        134.78                         
      1.460          9.596          109.849                22.164           29.413           38.300        135.77                         
      1.470          9.583          109.847                21.741           29.041           38.300        136.78                         
      1.480          9.570          109.846                21.302           28.654           38.300        137.81                         
      1.490          9.557          109.844                20.847           28.250           38.300        138.87                         
      1.500          9.544          109.842                20.375           27.828           38.300        139.94                         
      1.510          9.531          109.841                19.885           27.390           38.300        141.05                         
      1.520          9.517          109.839                19.376           26.932           38.300        142.17                         
      1.530          9.504          109.838                18.848           26.455           38.300        143.32                         
      1.540          9.490          109.836                18.300           25.957           38.300        144.50                         
      1.550          9.477          109.835                17.731           25.438           38.300        145.71                         
      1.560          9.463          109.833                17.140           24.897           38.300        146.94                         
      1.570          9.450          109.832                16.526           24.333           38.300        148.21                         
      1.580          9.436          109.830                15.889           23.744           38.300        149.50                         
      1.590          9.423          109.829                15.226           23.130           38.300        150.83                         
      1.600          9.409          109.828                14.539           22.490           38.300        152.20                         
      1.610          9.396          109.826                13.824           21.822           38.300        153.59                         
      1.620          9.383          109.825                13.082           21.125           38.300        155.03                         
      1.630          9.370          109.824                12.312           20.398           38.300        156.51                         
      1.640          9.357          109.823                11.511           19.641           38.300        158.02                         
      1.650          9.345          109.822                10.680           18.850           38.300        159.58                         
      1.660          9.333          109.821                 9.818           18.027           38.300        161.18                         
      1.670          9.321          109.820                 8.922           17.168           38.300        162.83                         
      1.680          9.309          109.819                 7.993           16.273           38.300        164.53                         
      1.690          9.298          109.819                 7.029           15.341           38.300        166.28                         
      1.700          9.288          109.818                 6.029           14.371           38.300        168.07                         
      1.710          9.278          109.818                 4.994           13.360           38.300        169.93                         
      1.720          9.269          109.818                 3.921           12.309           38.300        171.83                         
      1.730          9.261          109.817                 2.810           11.216           38.300        173.80                         
      1.740          9.254          109.818                 1.661           10.081           38.300        175.83                         
      1.750          9.248          109.818                 0.474            8.901           38.300        177.92                         
      1.760          9.242          109.818                -0.751            7.678           38.300        180.08                         
      1.770          9.239          109.819                -2.015            6.410           38.300        182.31                         
      1.780          9.236          109.820                -3.317            5.098           38.300        184.61                         
      1.790          9.236          109.821                -4.656            3.741           38.300        186.99                         
      1.800          9.237          109.823                -6.030            2.341           38.300        189.44                         
      1.810          9.240          109.825                -7.438            0.897           38.300        191.98                         
      1.820          9.245          109.827                -8.879           -0.587           38.300        194.60                         
      1.830          9.252          109.830               -10.348           -2.112           38.300        197.31                         
      1.840          9.262          109.833               -11.842           -3.672           38.300        200.11                         
      1.850          9.275          109.837               -13.358           -5.266           38.300        203.00                         
      1.860          9.290          109.841               -14.889           -6.889           38.300        206.00                         
      1.870          9.309          109.845               -16.430           -8.535           38.300        209.09                         
      1.880          9.331          109.850               -17.973          -10.198           38.300        212.30                         
      1.890          9.357          109.856               -19.510          -11.871           38.300        215.61                         
      1.900          9.386          109.862               -21.031          -13.545           38.300        219.03                         
      1.910          9.420          109.868               -22.526          -15.209           38.300        222.57                         
      1.920          9.458          109.876               -23.980          -16.852           38.300        226.24                         
      1.930          9.500          109.884               -25.382          -18.460           38.300        230.02                         
      1.940          9.546          109.893               -26.714          -20.018           38.300        233.94                         
      1.950          9.597          109.902               -27.960          -21.510           38.300        237.98                         
      1.960          9.653          109.912               -29.101          -22.916           38.300        242.16                         
      1.970          9.713          109.922               -30.117          -24.217           38.300        246.48                         
      1.980          9.777          109.933               -30.987          -25.392           38.300        250.94                         
      1.990          9.846          109.945               -31.689          -26.415           38.300        255.54                         
      2.000          9.918          109.957               -32.199          -27.265           38.300        260.28                         

