  ¬рем€            U                U                Pij              –г               –т г             ”гол рот         ќтн угол U       
                   601              1002             1001             601              601              601              601              
                                                     1002                                                                                 
                                                     1                                                                                    

                    10.500          110.000                16.372           35.800           35.800         62.10                         
      0.010         10.500          110.000                16.372           35.800           35.800         62.10                         
      0.020         10.500          110.000                16.372           35.800           35.800         62.10                         
      0.030         10.500          110.000                16.372           35.800           35.800         62.10                         
      0.040         10.500          110.000                16.372           35.800           35.800         62.10                         
      0.050         10.500          110.000                16.372           35.800           35.800         62.10                         
      0.060         10.500          110.000                16.372           35.800           35.800         62.10                         
      0.070         10.500          110.000                16.372           35.800           35.800         62.10                         
      0.080         10.500          110.000                16.372           35.800           35.800         62.10                         
      0.090         10.500          110.000                16.372           35.800           35.800         62.10                         
      0.100         10.500          110.000                16.372           35.800           35.800         62.10                         
      0.100         10.582          110.003                28.696           30.956           35.800         62.10                         
      0.110         10.582          110.003                28.697           30.957           35.800         62.11                         
      0.120         10.582          110.003                28.702           30.963           35.800         62.13                         
      0.130         10.582          110.003                28.709           30.972           35.800         62.16                         
      0.140         10.581          110.003                28.719           30.984           35.800         62.20                         
      0.150         10.581          110.003                28.732           31.000           35.800         62.25                         
      0.160         10.580          110.002                28.747           31.020           35.800         62.31                         
      0.170         10.579          110.002                28.766           31.043           35.800         62.38                         
      0.180         10.578          110.002                28.786           31.069           35.800         62.46                         
      0.190         10.577          110.002                28.810           31.098           35.800         62.56                         
      0.200         10.575          110.002                28.836           31.131           35.800         62.66                         
      0.210         10.574          110.001                28.864           31.167           35.800         62.78                         
      0.220         10.572          110.001                28.895           31.206           35.800         62.90                         
      0.230         10.571          110.001                28.928           31.248           35.800         63.04                         
      0.240         10.569          110.000                28.963           31.293           35.800         63.18                         
      0.250         10.567          110.000                29.001           31.340           35.800         63.34                         
      0.260         10.565          110.000                29.041           31.391           35.800         63.50                         
      0.270         10.563          109.999                29.083           31.444           35.800         63.68                         
      0.280         10.560          109.999                29.126           31.500           35.800         63.86                         
      0.290         10.558          109.998                29.172           31.558           35.800         64.05                         
      0.300         10.555          109.998                29.220           31.618           35.800         64.26                         
      0.310         10.553          109.997                29.269           31.681           35.800         64.47                         
      0.320         10.550          109.997                29.320           31.747           35.800         64.69                         
      0.330         10.547          109.996                29.372           31.814           35.800         64.92                         
      0.340         10.544          109.996                29.426           31.883           35.800         65.15                         
      0.350         10.541          109.995                29.481           31.955           35.800         65.40                         
      0.360         10.538          109.994                29.537           32.028           35.800         65.65                         
      0.370         10.534          109.994                29.595           32.103           35.800         65.91                         
      0.380         10.531          109.993                29.654           32.180           35.800         66.18                         
      0.390         10.527          109.992                29.713           32.258           35.800         66.46                         
      0.400         10.524          109.992                29.774           32.337           35.800         66.75                         
      0.410         10.520          109.991                29.835           32.418           35.800         67.04                         
      0.420         10.516          109.990                29.897           32.500           35.800         67.34                         
      0.430         10.512          109.989                29.960           32.583           35.800         67.64                         
      0.440         10.508          109.989                30.023           32.667           35.800         67.96                         
      0.450         10.504          109.988                30.086           32.752           35.800         68.27                         
      0.460         10.499          109.987                30.150           32.838           35.800         68.60                         
      0.470         10.495          109.986                30.214           32.924           35.800         68.93                         
      0.480         10.490          109.985                30.278           33.011           35.800         69.27                         
      0.490         10.486          109.985                30.342           33.098           35.800         69.61                         
      0.500         10.481          109.984                30.406           33.186           35.800         69.96                         
      0.510         10.476          109.983                30.470           33.274           35.800         70.32                         
      0.520         10.471          109.982                30.534           33.362           35.800         70.67                         
      0.530         10.467          109.981                30.597           33.450           35.800         71.04                         
      0.540         10.461          109.980                30.660           33.539           35.800         71.41                         
      0.550         10.456          109.979                30.722           33.627           35.800         71.78                         
      0.560         10.451          109.978                30.783           33.714           35.800         72.16                         
      0.570         10.446          109.977                30.844           33.802           35.800         72.54                         
      0.580         10.441          109.976                30.905           33.889           35.800         72.93                         
      0.590         10.435          109.975                30.964           33.975           35.800         73.32                         
      0.600         10.430          109.974                31.023           34.061           35.800         73.71                         
      0.610         10.424          109.973                31.080           34.146           35.800         74.11                         
      0.620         10.419          109.972                31.136           34.230           35.800         74.51                         
      0.630         10.413          109.971                31.192           34.314           35.800         74.91                         
      0.640         10.407          109.970                31.246           34.397           35.800         75.32                         
      0.650         10.401          109.969                31.299           34.478           35.800         75.73                         
      0.660         10.396          109.968                31.351           34.559           35.800         76.14                         
      0.670         10.390          109.967                31.401           34.638           35.800         76.55                         
      0.680         10.384          109.966                31.450           34.717           35.800         76.97                         
      0.690         10.378          109.965                31.497           34.794           35.800         77.39                         
      0.700         10.372          109.964                31.543           34.869           35.800         77.81                         
      0.710         10.366          109.963                31.588           34.944           35.800         78.23                         
      0.720         10.359          109.962                31.631           35.017           35.800         78.65                         
      0.730         10.353          109.961                31.672           35.088           35.800         79.08                         
      0.740         10.347          109.959                31.712           35.158           35.800         79.50                         
      0.750         10.341          109.958                31.750           35.227           35.800         79.93                         
      0.760         10.335          109.957                31.786           35.294           35.800         80.36                         
      0.770         10.328          109.956                31.821           35.359           35.800         80.79                         
      0.780         10.322          109.955                31.854           35.423           35.800         81.21                         
      0.790         10.316          109.954                31.885           35.485           35.800         81.64                         
      0.800         10.309          109.953                31.914           35.545           35.800         82.07                         
      0.810         10.303          109.952                31.942           35.603           35.800         82.50                         
      0.820         10.296          109.951                31.967           35.660           35.800         82.94                         
      0.830         10.290          109.950                31.991           35.715           35.800         83.37                         
      0.840         10.284          109.948                32.014           35.768           35.800         83.80                         
      0.850         10.277          109.947                32.034           35.819           35.800         84.23                         
      0.860         10.271          109.946                32.052           35.869           35.800         84.66                         
      0.870         10.264          109.945                32.069           35.917           35.800         85.09                         
      0.880         10.258          109.944                32.084           35.963           35.800         85.52                         
      0.890         10.251          109.943                32.097           36.007           35.800         85.94                         
      0.900         10.245          109.942                32.108           36.049           35.800         86.37                         
      0.910         10.238          109.941                32.118           36.089           35.800         86.80                         
      0.920         10.232          109.940                32.125           36.128           35.800         87.23                         
      0.930         10.225          109.939                32.131           36.164           35.800         87.65                         
      0.940         10.219          109.937                32.135           36.199           35.800         88.08                         
      0.950         10.212          109.936                32.137           36.232           35.800         88.50                         
      0.960         10.206          109.935                32.138           36.263           35.800         88.92                         
      0.970         10.199          109.934                32.137           36.292           35.800         89.34                         
      0.980         10.193          109.933                32.134           36.320           35.800         89.76                         
      0.990         10.187          109.932                32.129           36.345           35.800         90.18                         
      1.000         10.180          109.931                32.123           36.369           35.800         90.60                         
      1.010         10.174          109.930                32.115           36.391           35.800         91.01                         
      1.020         10.167          109.929                32.105           36.412           35.800         91.43                         
      1.030         10.161          109.928                32.094           36.430           35.800         91.84                         
      1.040         10.155          109.927                32.081           36.447           35.800         92.25                         
      1.050         10.148          109.926                32.066           36.462           35.800         92.66                         
      1.060         10.142          109.925                32.050           36.475           35.800         93.07                         
      1.070         10.136          109.924                32.032           36.487           35.800         93.47                         
      1.080         10.129          109.923                32.013           36.497           35.800         93.88                         
      1.090         10.123          109.922                31.992           36.506           35.800         94.28                         
      1.100         10.117          109.921                31.970           36.512           35.800         94.68                         
      1.110         10.110          109.920                31.947           36.518           35.800         95.08                         
      1.120         10.104          109.919                31.921           36.521           35.800         95.48                         
      1.130         10.098          109.918                31.895           36.523           35.800         95.88                         
      1.140         10.092          109.917                31.867           36.524           35.800         96.27                         
      1.150         10.086          109.916                31.837           36.523           35.800         96.67                         
      1.160         10.080          109.915                31.807           36.520           35.800         97.06                         
      1.170         10.073          109.914                31.775           36.516           35.800         97.45                         
      1.180         10.067          109.913                31.741           36.510           35.800         97.84                         
      1.190         10.061          109.912                31.706           36.503           35.800         98.22                         
      1.200         10.055          109.911                31.670           36.495           35.800         98.61                         
      1.210         10.049          109.910                31.633           36.485           35.800         98.99                         
      1.220         10.043          109.909                31.594           36.474           35.800         99.38                         
      1.230         10.037          109.908                31.554           36.461           35.800         99.76                         
      1.240         10.031          109.907                31.513           36.447           35.800        100.14                         
      1.250         10.025          109.906                31.471           36.432           35.800        100.51                         
      1.260         10.019          109.905                31.428           36.415           35.800        100.89                         
      1.270         10.013          109.904                31.383           36.397           35.800        101.27                         
      1.280         10.008          109.903                31.337           36.378           35.800        101.64                         
      1.290         10.002          109.902                31.290           36.357           35.800        102.01                         
      1.300          9.996          109.902                31.242           36.335           35.800        102.38                         
      1.310          9.990          109.901                31.192           36.312           35.800        102.75                         
      1.320          9.984          109.900                31.142           36.287           35.800        103.12                         
      1.330          9.978          109.899                31.090           36.261           35.800        103.49                         
      1.340          9.973          109.898                31.037           36.234           35.800        103.86                         
      1.350          9.967          109.897                30.983           36.206           35.800        104.22                         
      1.360          9.961          109.896                30.928           36.176           35.800        104.59                         
      1.370          9.955          109.895                30.872           36.146           35.800        104.95                         
      1.380          9.950          109.894                30.814           36.114           35.800        105.32                         
      1.390          9.944          109.894                30.756           36.081           35.800        105.68                         
      1.400          9.938          109.893                30.696           36.046           35.800        106.04                         
      1.410          9.933          109.892                30.635           36.010           35.800        106.41                         
      1.420          9.927          109.891                30.573           35.974           35.800        106.77                         
      1.430          9.921          109.890                30.510           35.935           35.800        107.13                         
      1.440          9.916          109.889                30.446           35.896           35.800        107.49                         
      1.450          9.910          109.888                30.380           35.855           35.800        107.85                         
      1.460          9.904          109.888                30.313           35.813           35.800        108.21                         
      1.470          9.899          109.887                30.245           35.770           35.800        108.57                         
      1.480          9.893          109.886                30.176           35.726           35.800        108.93                         
      1.490          9.887          109.885                30.106           35.680           35.800        109.30                         
      1.500          9.882          109.884                30.034           35.633           35.800        109.66                         
      1.510          9.876          109.883                29.961           35.585           35.800        110.02                         
      1.520          9.870          109.883                29.887           35.535           35.800        110.38                         
      1.530          9.865          109.882                29.811           35.484           35.800        110.75                         
      1.540          9.859          109.881                29.734           35.432           35.800        111.11                         
      1.550          9.853          109.880                29.655           35.378           35.800        111.48                         
      1.560          9.848          109.879                29.575           35.323           35.800        111.84                         
      1.570          9.842          109.878                29.494           35.266           35.800        112.21                         
      1.580          9.836          109.878                29.411           35.208           35.800        112.58                         
      1.590          9.831          109.877                29.327           35.148           35.800        112.95                         
      1.600          9.825          109.876                29.241           35.087           35.800        113.32                         
      1.610          9.819          109.875                29.153           35.024           35.800        113.69                         
      1.620          9.813          109.874                29.064           34.959           35.800        114.07                         
      1.630          9.808          109.873                28.973           34.893           35.800        114.45                         
      1.640          9.802          109.873                28.880           34.825           35.800        114.83                         
      1.650          9.796          109.872                28.785           34.756           35.800        115.21                         
      1.660          9.790          109.871                28.689           34.684           35.800        115.59                         
      1.670          9.784          109.870                28.590           34.611           35.800        115.98                         
      1.680          9.778          109.869                28.490           34.536           35.800        116.37                         
      1.690          9.772          109.868                28.387           34.458           35.800        116.76                         
      1.700          9.766          109.868                28.282           34.379           35.800        117.16                         
      1.710          9.760          109.867                28.175           34.298           35.800        117.55                         
      1.720          9.754          109.866                28.066           34.214           35.800        117.96                         
      1.730          9.748          109.865                27.954           34.128           35.800        118.36                         
      1.740          9.742          109.864                27.840           34.040           35.800        118.77                         
      1.750          9.736          109.863                27.723           33.950           35.800        119.19                         
      1.760          9.729          109.862                27.604           33.857           35.800        119.60                         
      1.770          9.723          109.862                27.482           33.761           35.800        120.03                         
      1.780          9.717          109.861                27.357           33.663           35.800        120.45                         
      1.790          9.710          109.860                27.229           33.561           35.800        120.88                         
      1.800          9.704          109.859                27.098           33.457           35.800        121.32                         
      1.810          9.697          109.858                26.963           33.350           35.800        121.76                         
      1.820          9.691          109.857                26.826           33.240           35.800        122.21                         
      1.830          9.684          109.856                26.685           33.127           35.800        122.66                         
      1.840          9.677          109.855                26.540           33.010           35.800        123.12                         
      1.850          9.670          109.854                26.391           32.890           35.800        123.59                         
      1.860          9.663          109.853                26.239           32.766           35.800        124.06                         
      1.870          9.656          109.852                26.083           32.638           35.800        124.54                         
      1.880          9.649          109.851                25.922           32.506           35.800        125.03                         
      1.890          9.642          109.851                25.757           32.371           35.800        125.52                         
      1.900          9.635          109.850                25.588           32.230           35.800        126.02                         
      1.910          9.628          109.849                25.414           32.086           35.800        126.53                         
      1.920          9.620          109.848                25.234           31.937           35.800        127.05                         
      1.930          9.613          109.847                25.050           31.783           35.800        127.58                         
      1.940          9.605          109.846                24.860           31.624           35.800        128.11                         
      1.950          9.598          109.845                24.665           31.459           35.800        128.66                         
      1.960          9.590          109.844                24.464           31.290           35.800        129.21                         
      1.970          9.582          109.843                24.257           31.114           35.800        129.78                         
      1.980          9.574          109.842                24.044           30.932           35.800        130.36                         
      1.990          9.566          109.841                23.824           30.745           35.800        130.94                         
      2.000          9.558          109.840                23.597           30.550           35.800        131.54                         

