  ¬рем€            U                U                Pij              –г               –т г             ”гол рот         ќтн угол U       
                   601              1002             1001             601              601              601              601              
                                                     1002                                                                                 
                                                     1                                                                                    

                    10.500          110.000                17.284           38.200           38.200         68.12                         
      0.010         10.500          110.000                17.284           38.200           38.200         68.12                         
      0.020         10.500          110.000                17.284           38.200           38.200         68.12                         
      0.030         10.500          110.000                17.284           38.200           38.200         68.12                         
      0.040         10.500          110.000                17.284           38.200           38.200         68.12                         
      0.050         10.500          110.000                17.284           38.200           38.200         68.12                         
      0.060         10.500          110.000                17.284           38.200           38.200         68.12                         
      0.070         10.500          110.000                17.284           38.200           38.200         68.12                         
      0.080         10.500          110.000                17.284           38.200           38.200         68.12                         
      0.090         10.500          110.000                17.284           38.200           38.200         68.12                         
      0.100         10.500          110.000                17.284           38.200           38.200         68.12                         
      0.100         10.596          110.005                30.365           33.051           38.200         68.12                         
      0.110         10.596          110.005                30.366           33.052           38.200         68.13                         
      0.120         10.596          110.005                30.370           33.057           38.200         68.15                         
      0.130         10.595          110.005                30.376           33.065           38.200         68.18                         
      0.140         10.595          110.005                30.385           33.077           38.200         68.22                         
      0.150         10.594          110.005                30.395           33.091           38.200         68.28                         
      0.160         10.593          110.005                30.408           33.109           38.200         68.34                         
      0.170         10.592          110.004                30.424           33.129           38.200         68.42                         
      0.180         10.591          110.004                30.441           33.153           38.200         68.51                         
      0.190         10.590          110.004                30.461           33.179           38.200         68.61                         
      0.200         10.588          110.004                30.483           33.209           38.200         68.72                         
      0.210         10.587          110.003                30.506           33.241           38.200         68.84                         
      0.220         10.585          110.003                30.532           33.276           38.200         68.97                         
      0.230         10.583          110.003                30.560           33.313           38.200         69.12                         
      0.240         10.581          110.002                30.589           33.353           38.200         69.27                         
      0.250         10.579          110.002                30.621           33.396           38.200         69.44                         
      0.260         10.576          110.001                30.654           33.441           38.200         69.61                         
      0.270         10.574          110.001                30.688           33.488           38.200         69.80                         
      0.280         10.571          110.000                30.724           33.538           38.200         70.00                         
      0.290         10.568          110.000                30.762           33.590           38.200         70.20                         
      0.300         10.565          109.999                30.801           33.644           38.200         70.42                         
      0.310         10.562          109.999                30.841           33.700           38.200         70.65                         
      0.320         10.559          109.998                30.883           33.758           38.200         70.88                         
      0.330         10.556          109.998                30.926           33.817           38.200         71.13                         
      0.340         10.552          109.997                30.969           33.879           38.200         71.38                         
      0.350         10.549          109.996                31.014           33.942           38.200         71.65                         
      0.360         10.545          109.996                31.059           34.006           38.200         71.92                         
      0.370         10.541          109.995                31.106           34.072           38.200         72.20                         
      0.380         10.537          109.994                31.152           34.139           38.200         72.49                         
      0.390         10.533          109.993                31.200           34.207           38.200         72.79                         
      0.400         10.529          109.993                31.248           34.277           38.200         73.10                         
      0.410         10.524          109.992                31.296           34.347           38.200         73.42                         
      0.420         10.520          109.991                31.344           34.418           38.200         73.74                         
      0.430         10.515          109.990                31.393           34.490           38.200         74.08                         
      0.440         10.510          109.989                31.442           34.563           38.200         74.42                         
      0.450         10.505          109.988                31.490           34.636           38.200         74.76                         
      0.460         10.500          109.987                31.538           34.710           38.200         75.12                         
      0.470         10.495          109.986                31.587           34.783           38.200         75.48                         
      0.480         10.490          109.986                31.634           34.857           38.200         75.85                         
      0.490         10.485          109.985                31.682           34.932           38.200         76.23                         
      0.500         10.479          109.984                31.729           35.006           38.200         76.61                         
      0.510         10.474          109.983                31.775           35.080           38.200         77.00                         
      0.520         10.468          109.982                31.820           35.153           38.200         77.40                         
      0.530         10.462          109.981                31.865           35.227           38.200         77.80                         
      0.540         10.456          109.979                31.908           35.299           38.200         78.21                         
      0.550         10.450          109.978                31.951           35.372           38.200         78.63                         
      0.560         10.444          109.977                31.992           35.443           38.200         79.05                         
      0.570         10.438          109.976                32.032           35.514           38.200         79.47                         
      0.580         10.432          109.975                32.071           35.584           38.200         79.91                         
      0.590         10.425          109.974                32.109           35.654           38.200         80.34                         
      0.600         10.419          109.973                32.145           35.722           38.200         80.79                         
      0.610         10.412          109.972                32.180           35.789           38.200         81.24                         
      0.620         10.405          109.970                32.213           35.854           38.200         81.69                         
      0.630         10.399          109.969                32.244           35.919           38.200         82.15                         
      0.640         10.392          109.968                32.273           35.982           38.200         82.61                         
      0.650         10.385          109.967                32.301           36.043           38.200         83.07                         
      0.660         10.378          109.966                32.327           36.103           38.200         83.55                         
      0.670         10.371          109.964                32.350           36.161           38.200         84.02                         
      0.680         10.363          109.963                32.372           36.218           38.200         84.50                         
      0.690         10.356          109.962                32.392           36.273           38.200         84.98                         
      0.700         10.349          109.961                32.409           36.326           38.200         85.47                         
      0.710         10.341          109.959                32.424           36.377           38.200         85.96                         
      0.720         10.334          109.958                32.437           36.426           38.200         86.46                         
      0.730         10.326          109.957                32.447           36.472           38.200         86.96                         
      0.740         10.319          109.956                32.455           36.517           38.200         87.46                         
      0.750         10.311          109.954                32.461           36.560           38.200         87.96                         
      0.760         10.303          109.953                32.464           36.600           38.200         88.47                         
      0.770         10.295          109.952                32.465           36.638           38.200         88.98                         
      0.780         10.287          109.950                32.463           36.673           38.200         89.50                         
      0.790         10.279          109.949                32.458           36.707           38.200         90.02                         
      0.800         10.271          109.948                32.450           36.737           38.200         90.54                         
      0.810         10.263          109.946                32.440           36.765           38.200         91.06                         
      0.820         10.255          109.945                32.427           36.791           38.200         91.59                         
      0.830         10.247          109.944                32.411           36.814           38.200         92.12                         
      0.840         10.239          109.942                32.393           36.834           38.200         92.65                         
      0.850         10.230          109.941                32.371           36.851           38.200         93.19                         
      0.860         10.222          109.939                32.346           36.866           38.200         93.73                         
      0.870         10.214          109.938                32.319           36.878           38.200         94.27                         
      0.880         10.205          109.937                32.288           36.887           38.200         94.81                         
      0.890         10.196          109.935                32.254           36.893           38.200         95.36                         
      0.900         10.188          109.934                32.217           36.896           38.200         95.91                         
      0.910         10.179          109.932                32.177           36.896           38.200         96.46                         
      0.920         10.171          109.931                32.134           36.893           38.200         97.01                         
      0.930         10.162          109.930                32.087           36.887           38.200         97.57                         
      0.940         10.153          109.928                32.038           36.877           38.200         98.13                         
      0.950         10.144          109.927                31.985           36.865           38.200         98.69                         
      0.960         10.135          109.925                31.928           36.849           38.200         99.26                         
      0.970         10.126          109.924                31.868           36.830           38.200         99.82                         
      0.980         10.117          109.923                31.805           36.808           38.200        100.40                         
      0.990         10.108          109.921                31.738           36.782           38.200        100.97                         
      1.000         10.099          109.920                31.668           36.753           38.200        101.55                         
      1.010         10.090          109.918                31.593           36.721           38.200        102.13                         
      1.020         10.081          109.917                31.516           36.685           38.200        102.71                         
      1.030         10.072          109.915                31.434           36.645           38.200        103.30                         
      1.040         10.062          109.914                31.349           36.602           38.200        103.89                         
      1.050         10.053          109.913                31.260           36.555           38.200        104.48                         
      1.060         10.044          109.911                31.167           36.504           38.200        105.08                         
      1.070         10.034          109.910                31.070           36.449           38.200        105.68                         
      1.080         10.025          109.908                30.969           36.390           38.200        106.28                         
      1.090         10.015          109.907                30.863           36.328           38.200        106.89                         
      1.100         10.006          109.905                30.754           36.261           38.200        107.50                         
      1.110          9.996          109.904                30.640           36.190           38.200        108.12                         
      1.120          9.986          109.902                30.522           36.115           38.200        108.74                         
      1.130          9.977          109.901                30.399           36.035           38.200        109.37                         
      1.140          9.967          109.899                30.272           35.951           38.200        110.00                         
      1.150          9.957          109.898                30.140           35.863           38.200        110.63                         
      1.160          9.947          109.897                30.003           35.770           38.200        111.27                         
      1.170          9.937          109.895                29.861           35.672           38.200        111.92                         
      1.180          9.927          109.894                29.714           35.569           38.200        112.57                         
      1.190          9.917          109.892                29.562           35.461           38.200        113.23                         
      1.200          9.906          109.891                29.405           35.348           38.200        113.89                         
      1.210          9.896          109.889                29.242           35.230           38.200        114.56                         
      1.220          9.886          109.888                29.073           35.106           38.200        115.24                         
      1.230          9.875          109.886                28.898           34.976           38.200        115.92                         
      1.240          9.865          109.885                28.718           34.841           38.200        116.61                         
      1.250          9.854          109.883                28.531           34.700           38.200        117.31                         
      1.260          9.843          109.882                28.338           34.552           38.200        118.02                         
      1.270          9.833          109.880                28.138           34.398           38.200        118.73                         
      1.280          9.822          109.878                27.931           34.238           38.200        119.45                         
      1.290          9.811          109.877                27.718           34.070           38.200        120.19                         
      1.300          9.800          109.875                27.497           33.896           38.200        120.93                         
      1.310          9.789          109.874                27.268           33.714           38.200        121.68                         
      1.320          9.777          109.872                27.031           33.524           38.200        122.44                         
      1.330          9.766          109.871                26.787           33.327           38.200        123.21                         
      1.340          9.755          109.869                26.534           33.121           38.200        123.99                         
      1.350          9.743          109.868                26.272           32.907           38.200        124.79                         
      1.360          9.732          109.866                26.001           32.684           38.200        125.59                         
      1.370          9.720          109.865                25.720           32.452           38.200        126.41                         
      1.380          9.708          109.863                25.430           32.211           38.200        127.24                         
      1.390          9.696          109.861                25.130           31.959           38.200        128.08                         
      1.400          9.684          109.860                24.819           31.697           38.200        128.94                         
      1.410          9.672          109.858                24.497           31.424           38.200        129.82                         
      1.420          9.660          109.857                24.163           31.140           38.200        130.70                         
      1.430          9.647          109.855                23.817           30.844           38.200        131.61                         
      1.440          9.635          109.853                23.460           30.536           38.200        132.53                         
      1.450          9.622          109.852                23.089           30.215           38.200        133.47                         
      1.460          9.610          109.850                22.704           29.881           38.200        134.42                         
      1.470          9.597          109.849                22.306           29.533           38.200        135.40                         
      1.480          9.584          109.847                21.892           29.170           38.200        136.39                         
      1.490          9.571          109.846                21.464           28.792           38.200        137.41                         
      1.500          9.558          109.844                21.020           28.399           38.200        138.45                         
      1.510          9.545          109.842                20.559           27.988           38.200        139.50                         
      1.520          9.532          109.841                20.080           27.561           38.200        140.59                         
      1.530          9.519          109.839                19.584           27.115           38.200        141.69                         
      1.540          9.505          109.838                19.069           26.650           38.200        142.82                         
      1.550          9.492          109.836                18.534           26.166           38.200        143.98                         
      1.560          9.479          109.835                17.979           25.660           38.200        145.16                         
      1.570          9.465          109.833                17.403           25.134           38.200        146.37                         
      1.580          9.452          109.832                16.804           24.584           38.200        147.62                         
      1.590          9.438          109.830                16.183           24.012           38.200        148.89                         
      1.600          9.425          109.829                15.537           23.414           38.200        150.19                         
      1.610          9.412          109.828                14.867           22.791           38.200        151.53                         
      1.620          9.398          109.826                14.170           22.141           38.200        152.90                         
      1.630          9.385          109.825                13.447           21.464           38.200        154.31                         
      1.640          9.372          109.824                12.696           20.757           38.200        155.76                         
      1.650          9.360          109.823                11.916           20.020           38.200        157.25                         
      1.660          9.347          109.822                11.106           19.251           38.200        158.77                         
      1.670          9.335          109.821                10.265           18.450           38.200        160.35                         
      1.680          9.323          109.820                 9.392           17.615           38.200        161.96                         
      1.690          9.311          109.819                 8.485           16.744           38.200        163.62                         
      1.700          9.300          109.818                 7.545           15.837           38.200        165.33                         
      1.710          9.289          109.818                 6.570           14.893           38.200        167.09                         
      1.720          9.279          109.817                 5.560           13.909           38.200        168.91                         
      1.730          9.270          109.817                 4.513           12.886           38.200        170.78                         
      1.740          9.261          109.817                 3.428           11.821           38.200        172.70                         
      1.750          9.254          109.817                 2.306           10.715           38.200        174.69                         
      1.760          9.247          109.817                 1.146            9.565           38.200        176.74                         
      1.770          9.241          109.817                -0.053            8.372           38.200        178.85                         
      1.780          9.236          109.818                -1.289            7.135           38.200        181.03                         
      1.790          9.233          109.819                -2.564            5.854           38.200        183.28                         
      1.800          9.232          109.820                -3.877            4.528           38.200        185.61                         
      1.810          9.232          109.821                -5.225            3.158           38.200        188.01                         
      1.820          9.233          109.823                -6.609            1.745           38.200        190.49                         
      1.830          9.237          109.825                -8.026            0.289           38.200        193.05                         
      1.840          9.243          109.828                -9.473           -1.207           38.200        195.70                         
      1.850          9.252          109.830               -10.948           -2.741           38.200        198.43                         
      1.860          9.262          109.834               -12.446           -4.310           38.200        201.26                         
      1.870          9.276          109.837               -13.964           -5.911           38.200        204.19                         
      1.880          9.293          109.842               -15.495           -7.539           38.200        207.22                         
      1.890          9.313          109.846               -17.034           -9.188           38.200        210.35                         
      1.900          9.337          109.851               -18.571          -10.851           38.200        213.58                         
      1.910          9.364          109.857               -20.099          -12.521           38.200        216.93                         
      1.920          9.395          109.864               -21.607          -14.188           38.200        220.39                         
      1.930          9.430          109.871               -23.084          -15.841           38.200        223.97                         
      1.940          9.469          109.878               -24.516          -17.468           38.200        227.67                         
      1.950          9.513          109.886               -25.890          -19.055           38.200        231.50                         
      1.960          9.561          109.895               -27.188          -20.586           38.200        235.46                         
      1.970          9.613          109.905               -28.394          -22.044           38.200        239.54                         
      1.980          9.671          109.915               -29.488          -23.411           38.200        243.77                         
      1.990          9.732          109.926               -30.450          -24.664           38.200        248.13                         
      2.000          9.798          109.937               -31.258          -25.782           38.200        252.63                         

