  ¬рем€            U                U                Pij              –г               –т г             ”гол рот         ќтн угол U       
                   601              1002             1001             601              601              601              601              
                                                     1002                                                                                 
                                                     1                                                                                    

                     6.300          110.000                 8.149           17.300           17.300         52.35                         
      0.010          6.300          110.000                 8.149           17.300           17.300         52.35                         
      0.020          6.300          110.000                 8.149           17.300           17.300         52.35                         
      0.030          6.300          110.000                 8.149           17.300           17.300         52.35                         
      0.040          6.300          110.000                 8.149           17.300           17.300         52.35                         
      0.050          6.300          110.000                 8.149           17.300           17.300         52.35                         
      0.060          6.300          110.000                 8.149           17.300           17.300         52.35                         
      0.070          6.300          110.000                 8.149           17.300           17.300         52.35                         
      0.080          6.300          110.000                 8.149           17.300           17.300         52.35                         
      0.090          6.300          110.000                 8.149           17.300           17.300         52.35                         
      0.100          6.300          110.000                 8.149           17.300           17.300         52.35                         
      0.110          6.300          110.000                 8.149           17.300           17.300         52.35                         
      0.120          6.300          110.000                 8.149           17.300           17.300         52.35                         
      0.130          6.300          110.000                 8.149           17.300           17.300         52.35                         
      0.140          6.300          110.000                 8.149           17.300           17.300         52.35                         
      0.150          6.300          110.000                 8.149           17.300           17.300         52.35                         
      0.160          6.300          110.000                 8.149           17.300           17.300         52.35                         
      0.170          6.300          110.000                 8.149           17.300           17.300         52.35                         
      0.180          6.300          110.000                 8.149           17.300           17.300         52.35                         
      0.190          6.300          110.000                 8.149           17.300           17.300         52.35                         
      0.200          6.300          110.000                 8.149           17.300           17.300         52.35                         
      0.200          6.356          109.996                14.275           15.021           17.300         52.35                         
      0.210          6.356          109.996                14.275           15.021           17.300         52.35                         
      0.220          6.356          109.996                14.277           15.023           17.300         52.36                         
      0.230          6.356          109.996                14.279           15.026           17.300         52.37                         
      0.240          6.356          109.996                14.283           15.030           17.300         52.39                         
      0.250          6.355          109.996                14.287           15.035           17.300         52.42                         
      0.260          6.355          109.996                14.293           15.041           17.300         52.44                         
      0.270          6.355          109.996                14.299           15.048           17.300         52.48                         
      0.280          6.354          109.996                14.306           15.057           17.300         52.52                         
      0.290          6.354          109.995                14.315           15.066           17.300         52.56                         
      0.300          6.353          109.995                14.324           15.077           17.300         52.61                         
      0.310          6.353          109.995                14.334           15.088           17.300         52.67                         
      0.320          6.352          109.995                14.345           15.101           17.300         52.73                         
      0.330          6.352          109.995                14.357           15.114           17.300         52.79                         
      0.340          6.351          109.995                14.369           15.128           17.300         52.86                         
      0.350          6.350          109.995                14.383           15.144           17.300         52.93                         
      0.360          6.350          109.995                14.397           15.160           17.300         53.01                         
      0.370          6.349          109.995                14.412           15.178           17.300         53.09                         
      0.380          6.348          109.995                14.428           15.196           17.300         53.18                         
      0.390          6.347          109.995                14.445           15.215           17.300         53.27                         
      0.400          6.346          109.995                14.463           15.235           17.300         53.37                         
      0.410          6.345          109.994                14.481           15.256           17.300         53.47                         
      0.420          6.344          109.994                14.500           15.278           17.300         53.57                         
      0.430          6.343          109.994                14.520           15.301           17.300         53.68                         
      0.440          6.342          109.994                14.541           15.324           17.300         53.80                         
      0.450          6.341          109.994                14.562           15.349           17.300         53.92                         
      0.460          6.340          109.994                14.584           15.374           17.300         54.04                         
      0.470          6.339          109.994                14.606           15.400           17.300         54.16                         
      0.480          6.337          109.993                14.629           15.426           17.300         54.29                         
      0.490          6.336          109.993                14.653           15.454           17.300         54.43                         
      0.500          6.335          109.993                14.678           15.482           17.300         54.57                         
      0.510          6.333          109.993                14.703           15.510           17.300         54.71                         
      0.520          6.332          109.993                14.728           15.540           17.300         54.85                         
      0.530          6.331          109.993                14.755           15.570           17.300         55.00                         
      0.540          6.329          109.992                14.781           15.601           17.300         55.15                         
      0.550          6.328          109.992                14.808           15.632           17.300         55.31                         
      0.560          6.326          109.992                14.836           15.664           17.300         55.47                         
      0.570          6.324          109.992                14.864           15.697           17.300         55.63                         
      0.580          6.323          109.992                14.893           15.730           17.300         55.80                         
      0.590          6.321          109.991                14.922           15.763           17.300         55.97                         
      0.600          6.319          109.991                14.951           15.797           17.300         56.14                         
      0.610          6.318          109.991                14.981           15.832           17.300         56.32                         
      0.620          6.316          109.991                15.011           15.867           17.300         56.50                         
      0.630          6.314          109.990                15.041           15.902           17.300         56.68                         
      0.640          6.312          109.990                15.072           15.938           17.300         56.86                         
      0.650          6.310          109.990                15.103           15.974           17.300         57.05                         
      0.660          6.308          109.990                15.135           16.011           17.300         57.24                         
      0.670          6.306          109.989                15.166           16.048           17.300         57.43                         
      0.680          6.304          109.989                15.198           16.085           17.300         57.63                         
      0.690          6.302          109.989                15.230           16.122           17.300         57.82                         
      0.700          6.300          109.989                15.263           16.160           17.300         58.02                         
      0.710          6.298          109.988                15.295           16.198           17.300         58.23                         
      0.720          6.296          109.988                15.328           16.236           17.300         58.43                         
      0.730          6.294          109.988                15.360           16.275           17.300         58.64                         
      0.740          6.292          109.988                15.393           16.313           17.300         58.84                         
      0.750          6.290          109.987                15.426           16.352           17.300         59.05                         
      0.760          6.287          109.987                15.459           16.391           17.300         59.27                         
      0.770          6.285          109.987                15.492           16.430           17.300         59.48                         
      0.780          6.283          109.987                15.525           16.469           17.300         59.69                         
      0.790          6.281          109.986                15.559           16.508           17.300         59.91                         
      0.800          6.278          109.986                15.592           16.548           17.300         60.13                         
      0.810          6.276          109.986                15.625           16.587           17.300         60.35                         
      0.820          6.274          109.985                15.658           16.626           17.300         60.57                         
      0.830          6.271          109.985                15.691           16.666           17.300         60.79                         
      0.840          6.269          109.985                15.724           16.705           17.300         61.01                         
      0.850          6.266          109.985                15.757           16.744           17.300         61.24                         
      0.860          6.264          109.984                15.789           16.783           17.300         61.46                         
      0.870          6.262          109.984                15.822           16.823           17.300         61.69                         
      0.880          6.259          109.984                15.855           16.862           17.300         61.92                         
      0.890          6.257          109.983                15.887           16.900           17.300         62.14                         
      0.900          6.254          109.983                15.919           16.939           17.300         62.37                         
      0.910          6.252          109.983                15.951           16.978           17.300         62.60                         
      0.920          6.249          109.983                15.983           17.016           17.300         62.83                         
      0.930          6.247          109.982                16.015           17.054           17.300         63.06                         
      0.940          6.244          109.982                16.046           17.093           17.300         63.29                         
      0.950          6.242          109.982                16.077           17.130           17.300         63.52                         
      0.960          6.239          109.981                16.108           17.168           17.300         63.75                         
      0.970          6.236          109.981                16.139           17.205           17.300         63.98                         
      0.980          6.234          109.981                16.169           17.243           17.300         64.21                         
      0.990          6.231          109.980                16.199           17.279           17.300         64.44                         
      1.000          6.229          109.980                16.229           17.316           17.300         64.67                         
      1.010          6.226          109.980                16.259           17.352           17.300         64.90                         
      1.020          6.223          109.980                16.288           17.388           17.300         65.12                         
      1.030          6.221          109.979                16.317           17.424           17.300         65.35                         
      1.040          6.218          109.979                16.346           17.459           17.300         65.58                         
      1.050          6.216          109.979                16.374           17.494           17.300         65.81                         
      1.060          6.213          109.978                16.402           17.529           17.300         66.03                         
      1.070          6.211          109.978                16.430           17.563           17.300         66.26                         
      1.080          6.208          109.978                16.457           17.597           17.300         66.48                         
      1.090          6.205          109.977                16.484           17.631           17.300         66.71                         
      1.100          6.203          109.977                16.510           17.664           17.300         66.93                         
      1.110          6.200          109.977                16.536           17.697           17.300         67.15                         
      1.120          6.198          109.976                16.562           17.729           17.300         67.37                         
      1.130          6.195          109.976                16.588           17.761           17.300         67.59                         
      1.140          6.193          109.976                16.613           17.793           17.300         67.81                         
      1.150          6.190          109.976                16.637           17.824           17.300         68.03                         
      1.160          6.187          109.975                16.661           17.855           17.300         68.25                         
      1.170          6.185          109.975                16.685           17.885           17.300         68.46                         
      1.180          6.182          109.975                16.709           17.915           17.300         68.67                         
      1.190          6.180          109.974                16.732           17.944           17.300         68.89                         
      1.200          6.177          109.974                16.754           17.973           17.300         69.10                         
      1.210          6.175          109.974                16.777           18.002           17.300         69.30                         
      1.220          6.172          109.974                16.799           18.030           17.300         69.51                         
      1.230          6.170          109.973                16.820           18.058           17.300         69.71                         
      1.240          6.168          109.973                16.841           18.085           17.300         69.92                         
      1.250          6.165          109.973                16.862           18.112           17.300         70.12                         
      1.260          6.163          109.972                16.882           18.138           17.300         70.32                         
      1.270          6.160          109.972                16.902           18.164           17.300         70.51                         
      1.280          6.158          109.972                16.921           18.189           17.300         70.71                         
      1.290          6.156          109.972                16.940           18.214           17.300         70.90                         
      1.300          6.153          109.971                16.959           18.239           17.300         71.09                         
      1.310          6.151          109.971                16.977           18.263           17.300         71.28                         
      1.320          6.149          109.971                16.995           18.286           17.300         71.47                         
      1.330          6.147          109.971                17.012           18.309           17.300         71.65                         
      1.340          6.144          109.970                17.029           18.332           17.300         71.83                         
      1.350          6.142          109.970                17.046           18.354           17.300         72.01                         
      1.360          6.140          109.970                17.062           18.376           17.300         72.19                         
      1.370          6.138          109.970                17.078           18.397           17.300         72.36                         
      1.380          6.136          109.969                17.094           18.418           17.300         72.53                         
      1.390          6.134          109.969                17.109           18.438           17.300         72.70                         
      1.400          6.132          109.969                17.123           18.458           17.300         72.87                         
      1.410          6.130          109.969                17.138           18.477           17.300         73.03                         
      1.420          6.128          109.969                17.152           18.496           17.300         73.19                         
      1.430          6.126          109.968                17.165           18.515           17.300         73.35                         
      1.440          6.124          109.968                17.178           18.533           17.300         73.50                         
      1.450          6.122          109.968                17.191           18.550           17.300         73.66                         
      1.460          6.120          109.968                17.204           18.568           17.300         73.81                         
      1.470          6.118          109.967                17.216           18.584           17.300         73.95                         
      1.480          6.117          109.967                17.228           18.601           17.300         74.10                         
      1.490          6.115          109.967                17.239           18.616           17.300         74.24                         
      1.500          6.113          109.967                17.250           18.632           17.300         74.37                         
      1.510          6.111          109.967                17.261           18.647           17.300         74.51                         
      1.520          6.110          109.967                17.272           18.661           17.300         74.64                         
      1.530          6.108          109.966                17.282           18.675           17.300         74.77                         
      1.540          6.107          109.966                17.291           18.689           17.300         74.89                         
      1.550          6.105          109.966                17.301           18.702           17.300         75.02                         
      1.560          6.103          109.966                17.310           18.715           17.300         75.14                         
      1.570          6.102          109.966                17.319           18.728           17.300         75.25                         
      1.580          6.101          109.965                17.327           18.740           17.300         75.37                         
      1.590          6.099          109.965                17.336           18.752           17.300         75.48                         
      1.600          6.098          109.965                17.343           18.763           17.300         75.58                         
      1.610          6.097          109.965                17.351           18.774           17.300         75.68                         
      1.620          6.095          109.965                17.358           18.784           17.300         75.78                         
      1.630          6.094          109.965                17.365           18.794           17.300         75.88                         
      1.640          6.093          109.965                17.372           18.804           17.300         75.97                         
      1.650          6.092          109.965                17.379           18.813           17.300         76.06                         
      1.660          6.091          109.964                17.385           18.822           17.300         76.15                         
      1.670          6.090          109.964                17.391           18.830           17.300         76.23                         
      1.680          6.089          109.964                17.396           18.839           17.300         76.31                         
      1.690          6.088          109.964                17.402           18.846           17.300         76.39                         
      1.700          6.087          109.964                17.407           18.854           17.300         76.46                         
      1.710          6.086          109.964                17.411           18.861           17.300         76.53                         
      1.720          6.085          109.964                17.416           18.867           17.300         76.60                         
      1.730          6.084          109.964                17.420           18.874           17.300         76.66                         
      1.740          6.083          109.964                17.424           18.879           17.300         76.72                         
      1.750          6.083          109.964                17.428           18.885           17.300         76.78                         
      1.760          6.082          109.963                17.432           18.890           17.300         76.83                         
      1.770          6.081          109.963                17.435           18.895           17.300         76.88                         
      1.780          6.081          109.963                17.438           18.899           17.300         76.92                         
      1.790          6.080          109.963                17.441           18.904           17.300         76.96                         
      1.800          6.080          109.963                17.443           18.907           17.300         77.00                         
      1.810          6.079          109.963                17.446           18.911           17.300         77.04                         
      1.820          6.079          109.963                17.448           18.914           17.300         77.07                         
      1.830          6.079          109.963                17.449           18.916           17.300         77.10                         
      1.840          6.078          109.963                17.451           18.919           17.300         77.12                         
      1.850          6.078          109.963                17.452           18.921           17.300         77.14                         
      1.860          6.078          109.963                17.453           18.922           17.300         77.16                         
      1.870          6.078          109.963                17.454           18.924           17.300         77.17                         
      1.880          6.077          109.963                17.455           18.925           17.300         77.18                         
      1.890          6.077          109.963                17.455           18.925           17.300         77.19                         
      1.900          6.077          109.963                17.456           18.926           17.300         77.19                         
      1.910          6.077          109.963                17.456           18.926           17.300         77.19                         
      1.920          6.077          109.963                17.455           18.925           17.300         77.19                         
      1.930          6.078          109.963                17.455           18.924           17.300         77.18                         
      1.940          6.078          109.963                17.454           18.923           17.300         77.17                         
      1.950          6.078          109.963                17.453           18.922           17.300         77.15                         
      1.960          6.078          109.963                17.452           18.920           17.300         77.13                         
      1.970          6.078          109.963                17.450           18.918           17.300         77.11                         
      1.980          6.079          109.963                17.449           18.916           17.300         77.09                         
      1.990          6.079          109.963                17.447           18.913           17.300         77.06                         
      2.000          6.079          109.963                17.445           18.910           17.300         77.03                         

