  ¬рем€            U                U                Pij              –г               –т г             ”гол рот         ќтн угол U       
                   601              1002             1001             601              601              601              601              
                                                     1002                                                                                 
                                                     1                                                                                    

                     6.300          110.000                 7.712           16.300           16.300         48.85                         
      0.010          6.300          110.000                 7.712           16.300           16.300         48.85                         
      0.020          6.300          110.000                 7.712           16.300           16.300         48.85                         
      0.030          6.300          110.000                 7.712           16.300           16.300         48.85                         
      0.040          6.300          110.000                 7.712           16.300           16.300         48.85                         
      0.050          6.300          110.000                 7.712           16.300           16.300         48.85                         
      0.060          6.300          110.000                 7.712           16.300           16.300         48.85                         
      0.070          6.300          110.000                 7.712           16.300           16.300         48.85                         
      0.080          6.300          110.000                 7.712           16.300           16.300         48.85                         
      0.090          6.300          110.000                 7.712           16.300           16.300         48.85                         
      0.100          6.300          110.000                 7.712           16.300           16.300         48.85                         
      0.110          6.300          110.000                 7.712           16.300           16.300         48.85                         
      0.120          6.300          110.000                 7.712           16.300           16.300         48.85                         
      0.130          6.300          110.000                 7.712           16.300           16.300         48.85                         
      0.140          6.300          110.000                 7.712           16.300           16.300         48.85                         
      0.150          6.300          110.000                 7.712           16.300           16.300         48.85                         
      0.160          6.300          110.000                 7.712           16.300           16.300         48.85                         
      0.170          6.300          110.000                 7.712           16.300           16.300         48.85                         
      0.180          6.300          110.000                 7.712           16.300           16.300         48.85                         
      0.190          6.300          110.000                 7.712           16.300           16.300         48.85                         
      0.200          6.300          110.000                 7.712           16.300           16.300         48.85                         
      0.200          6.350          109.995                13.495           14.148           16.300         48.85                         
      0.210          6.350          109.995                13.496           14.148           16.300         48.85                         
      0.220          6.350          109.995                13.497           14.150           16.300         48.86                         
      0.230          6.350          109.995                13.500           14.153           16.300         48.87                         
      0.240          6.350          109.995                13.503           14.157           16.300         48.89                         
      0.250          6.350          109.995                13.508           14.162           16.300         48.91                         
      0.260          6.349          109.995                13.513           14.168           16.300         48.94                         
      0.270          6.349          109.995                13.520           14.175           16.300         48.97                         
      0.280          6.349          109.995                13.527           14.183           16.300         49.01                         
      0.290          6.348          109.995                13.536           14.193           16.300         49.05                         
      0.300          6.348          109.995                13.545           14.203           16.300         49.10                         
      0.310          6.348          109.995                13.555           14.215           16.300         49.15                         
      0.320          6.347          109.995                13.566           14.227           16.300         49.21                         
      0.330          6.347          109.995                13.578           14.240           16.300         49.27                         
      0.340          6.346          109.995                13.591           14.255           16.300         49.33                         
      0.350          6.345          109.995                13.605           14.270           16.300         49.40                         
      0.360          6.345          109.994                13.619           14.287           16.300         49.47                         
      0.370          6.344          109.994                13.635           14.304           16.300         49.55                         
      0.380          6.343          109.994                13.651           14.322           16.300         49.63                         
      0.390          6.343          109.994                13.668           14.341           16.300         49.72                         
      0.400          6.342          109.994                13.686           14.362           16.300         49.81                         
      0.410          6.341          109.994                13.704           14.382           16.300         49.91                         
      0.420          6.340          109.994                13.724           14.404           16.300         50.01                         
      0.430          6.339          109.994                13.744           14.427           16.300         50.11                         
      0.440          6.338          109.994                13.765           14.450           16.300         50.22                         
      0.450          6.337          109.993                13.786           14.475           16.300         50.33                         
      0.460          6.336          109.993                13.809           14.500           16.300         50.44                         
      0.470          6.335          109.993                13.831           14.526           16.300         50.56                         
      0.480          6.334          109.993                13.855           14.552           16.300         50.68                         
      0.490          6.333          109.993                13.879           14.580           16.300         50.81                         
      0.500          6.332          109.993                13.904           14.608           16.300         50.94                         
      0.510          6.330          109.993                13.930           14.637           16.300         51.07                         
      0.520          6.329          109.992                13.956           14.666           16.300         51.21                         
      0.530          6.328          109.992                13.982           14.696           16.300         51.35                         
      0.540          6.327          109.992                14.009           14.727           16.300         51.49                         
      0.550          6.325          109.992                14.037           14.758           16.300         51.64                         
      0.560          6.324          109.992                14.065           14.790           16.300         51.79                         
      0.570          6.322          109.992                14.094           14.823           16.300         51.94                         
      0.580          6.321          109.991                14.123           14.856           16.300         52.10                         
      0.590          6.319          109.991                14.153           14.890           16.300         52.26                         
      0.600          6.318          109.991                14.183           14.924           16.300         52.42                         
      0.610          6.316          109.991                14.213           14.958           16.300         52.58                         
      0.620          6.315          109.991                14.244           14.993           16.300         52.75                         
      0.630          6.313          109.990                14.275           15.029           16.300         52.92                         
      0.640          6.312          109.990                14.306           15.065           16.300         53.09                         
      0.650          6.310          109.990                14.338           15.101           16.300         53.27                         
      0.660          6.308          109.990                14.370           15.138           16.300         53.44                         
      0.670          6.307          109.990                14.402           15.175           16.300         53.62                         
      0.680          6.305          109.989                14.435           15.212           16.300         53.81                         
      0.690          6.303          109.989                14.468           15.250           16.300         53.99                         
      0.700          6.301          109.989                14.501           15.288           16.300         54.18                         
      0.710          6.299          109.989                14.534           15.326           16.300         54.36                         
      0.720          6.298          109.988                14.568           15.364           16.300         54.55                         
      0.730          6.296          109.988                14.601           15.403           16.300         54.74                         
      0.740          6.294          109.988                14.635           15.442           16.300         54.94                         
      0.750          6.292          109.988                14.669           15.481           16.300         55.13                         
      0.760          6.290          109.987                14.703           15.520           16.300         55.33                         
      0.770          6.288          109.987                14.737           15.559           16.300         55.53                         
      0.780          6.286          109.987                14.771           15.599           16.300         55.73                         
      0.790          6.284          109.987                14.805           15.638           16.300         55.93                         
      0.800          6.282          109.987                14.839           15.678           16.300         56.13                         
      0.810          6.280          109.986                14.873           15.717           16.300         56.33                         
      0.820          6.278          109.986                14.907           15.757           16.300         56.53                         
      0.830          6.276          109.986                14.941           15.796           16.300         56.74                         
      0.840          6.274          109.986                14.975           15.836           16.300         56.94                         
      0.850          6.272          109.985                15.009           15.875           16.300         57.15                         
      0.860          6.270          109.985                15.043           15.915           16.300         57.36                         
      0.870          6.268          109.985                15.077           15.954           16.300         57.57                         
      0.880          6.266          109.984                15.111           15.994           16.300         57.77                         
      0.890          6.263          109.984                15.144           16.033           16.300         57.98                         
      0.900          6.261          109.984                15.178           16.072           16.300         58.19                         
      0.910          6.259          109.984                15.211           16.111           16.300         58.40                         
      0.920          6.257          109.983                15.244           16.150           16.300         58.61                         
      0.930          6.255          109.983                15.277           16.188           16.300         58.82                         
      0.940          6.253          109.983                15.309           16.227           16.300         59.03                         
      0.950          6.250          109.983                15.342           16.265           16.300         59.24                         
      0.960          6.248          109.982                15.374           16.303           16.300         59.44                         
      0.970          6.246          109.982                15.406           16.341           16.300         59.65                         
      0.980          6.244          109.982                15.437           16.378           16.300         59.86                         
      0.990          6.242          109.982                15.469           16.415           16.300         60.07                         
      1.000          6.239          109.981                15.500           16.452           16.300         60.28                         
      1.010          6.237          109.981                15.531           16.489           16.300         60.48                         
      1.020          6.235          109.981                15.561           16.525           16.300         60.69                         
      1.030          6.233          109.981                15.592           16.561           16.300         60.89                         
      1.040          6.231          109.980                15.622           16.597           16.300         61.10                         
      1.050          6.228          109.980                15.651           16.632           16.300         61.30                         
      1.060          6.226          109.980                15.680           16.667           16.300         61.50                         
      1.070          6.224          109.979                15.709           16.702           16.300         61.71                         
      1.080          6.222          109.979                15.738           16.736           16.300         61.91                         
      1.090          6.220          109.979                15.766           16.770           16.300         62.11                         
      1.100          6.218          109.979                15.794           16.804           16.300         62.30                         
      1.110          6.215          109.978                15.821           16.837           16.300         62.50                         
      1.120          6.213          109.978                15.849           16.869           16.300         62.70                         
      1.130          6.211          109.978                15.875           16.902           16.300         62.89                         
      1.140          6.209          109.978                15.902           16.933           16.300         63.08                         
      1.150          6.207          109.977                15.927           16.965           16.300         63.27                         
      1.160          6.205          109.977                15.953           16.996           16.300         63.46                         
      1.170          6.203          109.977                15.978           17.026           16.300         63.65                         
      1.180          6.201          109.977                16.003           17.056           16.300         63.83                         
      1.190          6.199          109.976                16.027           17.086           16.300         64.02                         
      1.200          6.197          109.976                16.051           17.115           16.300         64.20                         
      1.210          6.195          109.976                16.074           17.144           16.300         64.38                         
      1.220          6.193          109.976                16.097           17.172           16.300         64.56                         
      1.230          6.191          109.975                16.120           17.200           16.300         64.73                         
      1.240          6.189          109.975                16.142           17.227           16.300         64.91                         
      1.250          6.187          109.975                16.164           17.254           16.300         65.08                         
      1.260          6.185          109.975                16.185           17.280           16.300         65.25                         
      1.270          6.183          109.975                16.206           17.306           16.300         65.41                         
      1.280          6.181          109.974                16.227           17.331           16.300         65.58                         
      1.290          6.179          109.974                16.247           17.356           16.300         65.74                         
      1.300          6.177          109.974                16.266           17.380           16.300         65.90                         
      1.310          6.176          109.974                16.286           17.404           16.300         66.06                         
      1.320          6.174          109.974                16.304           17.427           16.300         66.21                         
      1.330          6.172          109.973                16.323           17.450           16.300         66.36                         
      1.340          6.170          109.973                16.341           17.473           16.300         66.51                         
      1.350          6.169          109.973                16.358           17.494           16.300         66.66                         
      1.360          6.167          109.973                16.375           17.516           16.300         66.80                         
      1.370          6.165          109.973                16.392           17.536           16.300         66.94                         
      1.380          6.164          109.972                16.408           17.557           16.300         67.08                         
      1.390          6.162          109.972                16.423           17.576           16.300         67.21                         
      1.400          6.161          109.972                16.439           17.596           16.300         67.35                         
      1.410          6.159          109.972                16.454           17.614           16.300         67.47                         
      1.420          6.158          109.972                16.468           17.632           16.300         67.60                         
      1.430          6.156          109.972                16.482           17.650           16.300         67.72                         
      1.440          6.155          109.971                16.496           17.667           16.300         67.84                         
      1.450          6.154          109.971                16.509           17.684           16.300         67.96                         
      1.460          6.152          109.971                16.522           17.700           16.300         68.07                         
      1.470          6.151          109.971                16.534           17.716           16.300         68.19                         
      1.480          6.150          109.971                16.546           17.731           16.300         68.29                         
      1.490          6.148          109.971                16.557           17.746           16.300         68.40                         
      1.500          6.147          109.970                16.569           17.760           16.300         68.50                         
      1.510          6.146          109.970                16.579           17.773           16.300         68.60                         
      1.520          6.145          109.970                16.590           17.786           16.300         68.69                         
      1.530          6.144          109.970                16.599           17.799           16.300         68.78                         
      1.540          6.143          109.970                16.609           17.811           16.300         68.87                         
      1.550          6.142          109.970                16.618           17.823           16.300         68.95                         
      1.560          6.141          109.970                16.627           17.834           16.300         69.03                         
      1.570          6.140          109.970                16.635           17.845           16.300         69.11                         
      1.580          6.139          109.970                16.643           17.855           16.300         69.19                         
      1.590          6.138          109.969                16.650           17.864           16.300         69.26                         
      1.600          6.137          109.969                16.657           17.873           16.300         69.32                         
      1.610          6.137          109.969                16.664           17.882           16.300         69.39                         
      1.620          6.136          109.969                16.670           17.890           16.300         69.45                         
      1.630          6.135          109.969                16.676           17.898           16.300         69.50                         
      1.640          6.135          109.969                16.682           17.905           16.300         69.56                         
      1.650          6.134          109.969                16.687           17.912           16.300         69.61                         
      1.660          6.134          109.969                16.692           17.918           16.300         69.65                         
      1.670          6.133          109.969                16.696           17.924           16.300         69.69                         
      1.680          6.133          109.969                16.700           17.929           16.300         69.73                         
      1.690          6.132          109.969                16.704           17.933           16.300         69.77                         
      1.700          6.132          109.969                16.707           17.938           16.300         69.80                         
      1.710          6.131          109.969                16.710           17.941           16.300         69.83                         
      1.720          6.131          109.969                16.713           17.945           16.300         69.85                         
      1.730          6.131          109.969                16.715           17.948           16.300         69.87                         
      1.740          6.131          109.969                16.717           17.950           16.300         69.89                         
      1.750          6.131          109.969                16.718           17.952           16.300         69.91                         
      1.760          6.130          109.969                16.719           17.953           16.300         69.92                         
      1.770          6.130          109.969                16.720           17.954           16.300         69.92                         
      1.780          6.130          109.969                16.720           17.954           16.300         69.92                         
      1.790          6.130          109.969                16.720           17.954           16.300         69.92                         
      1.800          6.130          109.969                16.720           17.954           16.300         69.92                         
      1.810          6.130          109.969                16.719           17.953           16.300         69.91                         
      1.820          6.131          109.969                16.718           17.951           16.300         69.90                         
      1.830          6.131          109.969                16.716           17.949           16.300         69.89                         
      1.840          6.131          109.969                16.714           17.947           16.300         69.87                         
      1.850          6.131          109.969                16.712           17.944           16.300         69.84                         
      1.860          6.132          109.969                16.709           17.940           16.300         69.82                         
      1.870          6.132          109.969                16.706           17.936           16.300         69.79                         
      1.880          6.132          109.969                16.703           17.932           16.300         69.76                         
      1.890          6.133          109.969                16.699           17.927           16.300         69.72                         
      1.900          6.133          109.969                16.695           17.922           16.300         69.68                         
      1.910          6.134          109.969                16.690           17.916           16.300         69.64                         
      1.920          6.134          109.969                16.686           17.910           16.300         69.59                         
      1.930          6.135          109.969                16.680           17.903           16.300         69.54                         
      1.940          6.136          109.969                16.675           17.896           16.300         69.49                         
      1.950          6.136          109.969                16.669           17.888           16.300         69.43                         
      1.960          6.137          109.969                16.662           17.880           16.300         69.37                         
      1.970          6.138          109.969                16.656           17.871           16.300         69.31                         
      1.980          6.139          109.969                16.648           17.862           16.300         69.24                         
      1.990          6.139          109.970                16.641           17.852           16.300         69.17                         
      2.000          6.140          109.970                16.633           17.842           16.300         69.09                         

