  ¬рем€            U                U                Pij              –г               –т г             ”гол рот         ќтн угол U       
                   601              1002             1001             601              601              601              601              
                                                     1002                                                                                 
                                                     1                                                                                    

                     6.300          110.000                 7.668           16.200           16.200         48.51                         
      0.010          6.300          110.000                 7.668           16.200           16.200         48.51                         
      0.020          6.300          110.000                 7.668           16.200           16.200         48.51                         
      0.030          6.300          110.000                 7.668           16.200           16.200         48.51                         
      0.040          6.300          110.000                 7.668           16.200           16.200         48.51                         
      0.050          6.300          110.000                 7.668           16.200           16.200         48.51                         
      0.060          6.300          110.000                 7.668           16.200           16.200         48.51                         
      0.070          6.300          110.000                 7.668           16.200           16.200         48.51                         
      0.080          6.300          110.000                 7.668           16.200           16.200         48.51                         
      0.090          6.300          110.000                 7.668           16.200           16.200         48.51                         
      0.100          6.300          110.000                 7.668           16.200           16.200         48.51                         
      0.110          6.300          110.000                 7.668           16.200           16.200         48.51                         
      0.120          6.300          110.000                 7.668           16.200           16.200         48.51                         
      0.130          6.300          110.000                 7.668           16.200           16.200         48.51                         
      0.140          6.300          110.000                 7.668           16.200           16.200         48.51                         
      0.150          6.300          110.000                 7.668           16.200           16.200         48.51                         
      0.160          6.300          110.000                 7.668           16.200           16.200         48.51                         
      0.170          6.300          110.000                 7.668           16.200           16.200         48.51                         
      0.180          6.300          110.000                 7.668           16.200           16.200         48.51                         
      0.190          6.300          110.000                 7.668           16.200           16.200         48.51                         
      0.200          6.300          110.000                 7.668           16.200           16.200         48.51                         
      0.200          6.350          109.995                13.417           14.060           16.200         48.51                         
      0.210          6.350          109.995                13.417           14.061           16.200         48.51                         
      0.220          6.350          109.995                13.419           14.063           16.200         48.52                         
      0.230          6.349          109.995                13.422           14.065           16.200         48.53                         
      0.240          6.349          109.995                13.425           14.069           16.200         48.55                         
      0.250          6.349          109.995                13.430           14.074           16.200         48.57                         
      0.260          6.349          109.995                13.435           14.081           16.200         48.60                         
      0.270          6.349          109.995                13.442           14.088           16.200         48.63                         
      0.280          6.348          109.995                13.449           14.096           16.200         48.67                         
      0.290          6.348          109.995                13.457           14.105           16.200         48.71                         
      0.300          6.348          109.995                13.467           14.116           16.200         48.75                         
      0.310          6.347          109.995                13.477           14.127           16.200         48.80                         
      0.320          6.347          109.995                13.488           14.140           16.200         48.86                         
      0.330          6.346          109.995                13.500           14.153           16.200         48.92                         
      0.340          6.345          109.995                13.513           14.168           16.200         48.98                         
      0.350          6.345          109.994                13.526           14.183           16.200         49.05                         
      0.360          6.344          109.994                13.541           14.199           16.200         49.13                         
      0.370          6.344          109.994                13.556           14.217           16.200         49.20                         
      0.380          6.343          109.994                13.573           14.235           16.200         49.29                         
      0.390          6.342          109.994                13.590           14.254           16.200         49.37                         
      0.400          6.341          109.994                13.607           14.274           16.200         49.46                         
      0.410          6.340          109.994                13.626           14.295           16.200         49.56                         
      0.420          6.340          109.994                13.645           14.317           16.200         49.66                         
      0.430          6.339          109.994                13.666           14.339           16.200         49.76                         
      0.440          6.338          109.994                13.686           14.363           16.200         49.86                         
      0.450          6.337          109.993                13.708           14.387           16.200         49.98                         
      0.460          6.336          109.993                13.730           14.412           16.200         50.09                         
      0.470          6.335          109.993                13.753           14.438           16.200         50.21                         
      0.480          6.334          109.993                13.777           14.465           16.200         50.33                         
      0.490          6.332          109.993                13.801           14.492           16.200         50.45                         
      0.500          6.331          109.993                13.826           14.520           16.200         50.58                         
      0.510          6.330          109.993                13.851           14.549           16.200         50.72                         
      0.520          6.329          109.992                13.878           14.578           16.200         50.85                         
      0.530          6.328          109.992                13.904           14.609           16.200         50.99                         
      0.540          6.326          109.992                13.931           14.639           16.200         51.13                         
      0.550          6.325          109.992                13.959           14.671           16.200         51.28                         
      0.560          6.324          109.992                13.987           14.703           16.200         51.43                         
      0.570          6.322          109.992                14.016           14.735           16.200         51.58                         
      0.580          6.321          109.991                14.045           14.768           16.200         51.73                         
      0.590          6.319          109.991                14.075           14.802           16.200         51.89                         
      0.600          6.318          109.991                14.105           14.836           16.200         52.05                         
      0.610          6.316          109.991                14.135           14.870           16.200         52.22                         
      0.620          6.315          109.991                14.166           14.906           16.200         52.38                         
      0.630          6.313          109.990                14.197           14.941           16.200         52.55                         
      0.640          6.312          109.990                14.228           14.977           16.200         52.72                         
      0.650          6.310          109.990                14.260           15.013           16.200         52.90                         
      0.660          6.308          109.990                14.292           15.050           16.200         53.07                         
      0.670          6.307          109.990                14.325           15.087           16.200         53.25                         
      0.680          6.305          109.989                14.357           15.124           16.200         53.43                         
      0.690          6.303          109.989                14.390           15.162           16.200         53.61                         
      0.700          6.301          109.989                14.423           15.200           16.200         53.80                         
      0.710          6.300          109.989                14.457           15.238           16.200         53.98                         
      0.720          6.298          109.988                14.490           15.276           16.200         54.17                         
      0.730          6.296          109.988                14.524           15.315           16.200         54.36                         
      0.740          6.294          109.988                14.558           15.354           16.200         54.55                         
      0.750          6.292          109.988                14.592           15.393           16.200         54.75                         
      0.760          6.290          109.988                14.626           15.432           16.200         54.94                         
      0.770          6.288          109.987                14.660           15.471           16.200         55.14                         
      0.780          6.286          109.987                14.694           15.510           16.200         55.34                         
      0.790          6.285          109.987                14.728           15.550           16.200         55.53                         
      0.800          6.283          109.987                14.762           15.589           16.200         55.73                         
      0.810          6.281          109.986                14.796           15.629           16.200         55.94                         
      0.820          6.279          109.986                14.830           15.668           16.200         56.14                         
      0.830          6.277          109.986                14.865           15.708           16.200         56.34                         
      0.840          6.274          109.986                14.899           15.748           16.200         56.54                         
      0.850          6.272          109.985                14.933           15.787           16.200         56.75                         
      0.860          6.270          109.985                14.967           15.827           16.200         56.95                         
      0.870          6.268          109.985                15.000           15.866           16.200         57.16                         
      0.880          6.266          109.985                15.034           15.905           16.200         57.37                         
      0.890          6.264          109.984                15.068           15.945           16.200         57.57                         
      0.900          6.262          109.984                15.101           15.984           16.200         57.78                         
      0.910          6.260          109.984                15.134           16.023           16.200         57.99                         
      0.920          6.258          109.984                15.168           16.061           16.200         58.19                         
      0.930          6.256          109.983                15.200           16.100           16.200         58.40                         
      0.940          6.253          109.983                15.233           16.138           16.200         58.61                         
      0.950          6.251          109.983                15.266           16.177           16.200         58.82                         
      0.960          6.249          109.982                15.298           16.215           16.200         59.02                         
      0.970          6.247          109.982                15.330           16.252           16.200         59.23                         
      0.980          6.245          109.982                15.362           16.290           16.200         59.43                         
      0.990          6.243          109.982                15.393           16.327           16.200         59.64                         
      1.000          6.240          109.981                15.424           16.364           16.200         59.85                         
      1.010          6.238          109.981                15.455           16.401           16.200         60.05                         
      1.020          6.236          109.981                15.486           16.437           16.200         60.25                         
      1.030          6.234          109.981                15.516           16.473           16.200         60.46                         
      1.040          6.232          109.980                15.546           16.509           16.200         60.66                         
      1.050          6.230          109.980                15.576           16.544           16.200         60.86                         
      1.060          6.228          109.980                15.605           16.579           16.200         61.06                         
      1.070          6.225          109.980                15.634           16.613           16.200         61.26                         
      1.080          6.223          109.979                15.663           16.648           16.200         61.46                         
      1.090          6.221          109.979                15.691           16.682           16.200         61.66                         
      1.100          6.219          109.979                15.719           16.715           16.200         61.85                         
      1.110          6.217          109.979                15.747           16.748           16.200         62.05                         
      1.120          6.215          109.978                15.774           16.781           16.200         62.24                         
      1.130          6.213          109.978                15.801           16.813           16.200         62.43                         
      1.140          6.211          109.978                15.827           16.845           16.200         62.62                         
      1.150          6.209          109.978                15.853           16.876           16.200         62.81                         
      1.160          6.207          109.977                15.879           16.907           16.200         62.99                         
      1.170          6.204          109.977                15.904           16.938           16.200         63.18                         
      1.180          6.202          109.977                15.929           16.968           16.200         63.36                         
      1.190          6.200          109.977                15.953           16.997           16.200         63.54                         
      1.200          6.198          109.976                15.977           17.026           16.200         63.72                         
      1.210          6.196          109.976                16.000           17.055           16.200         63.90                         
      1.220          6.195          109.976                16.023           17.083           16.200         64.07                         
      1.230          6.193          109.976                16.046           17.111           16.200         64.25                         
      1.240          6.191          109.975                16.068           17.138           16.200         64.42                         
      1.250          6.189          109.975                16.090           17.165           16.200         64.59                         
      1.260          6.187          109.975                16.112           17.191           16.200         64.75                         
      1.270          6.185          109.975                16.133           17.217           16.200         64.92                         
      1.280          6.183          109.975                16.153           17.242           16.200         65.08                         
      1.290          6.181          109.974                16.173           17.267           16.200         65.24                         
      1.300          6.180          109.974                16.193           17.291           16.200         65.39                         
      1.310          6.178          109.974                16.212           17.315           16.200         65.55                         
      1.320          6.176          109.974                16.231           17.338           16.200         65.70                         
      1.330          6.174          109.974                16.249           17.361           16.200         65.85                         
      1.340          6.173          109.973                16.267           17.383           16.200         65.99                         
      1.350          6.171          109.973                16.284           17.404           16.200         66.14                         
      1.360          6.170          109.973                16.301           17.426           16.200         66.28                         
      1.370          6.168          109.973                16.318           17.446           16.200         66.42                         
      1.380          6.166          109.973                16.334           17.466           16.200         66.55                         
      1.390          6.165          109.972                16.350           17.486           16.200         66.68                         
      1.400          6.163          109.972                16.365           17.505           16.200         66.81                         
      1.410          6.162          109.972                16.380           17.524           16.200         66.94                         
      1.420          6.161          109.972                16.394           17.542           16.200         67.06                         
      1.430          6.159          109.972                16.408           17.559           16.200         67.18                         
      1.440          6.158          109.972                16.422           17.576           16.200         67.30                         
      1.450          6.156          109.971                16.435           17.593           16.200         67.41                         
      1.460          6.155          109.971                16.448           17.609           16.200         67.52                         
      1.470          6.154          109.971                16.460           17.624           16.200         67.63                         
      1.480          6.153          109.971                16.472           17.639           16.200         67.73                         
      1.490          6.152          109.971                16.483           17.654           16.200         67.84                         
      1.500          6.150          109.971                16.494           17.668           16.200         67.93                         
      1.510          6.149          109.971                16.505           17.681           16.200         68.03                         
      1.520          6.148          109.971                16.515           17.694           16.200         68.12                         
      1.530          6.147          109.970                16.525           17.707           16.200         68.21                         
      1.540          6.146          109.970                16.534           17.718           16.200         68.29                         
      1.550          6.145          109.970                16.543           17.730           16.200         68.37                         
      1.560          6.144          109.970                16.552           17.741           16.200         68.45                         
      1.570          6.143          109.970                16.560           17.751           16.200         68.52                         
      1.580          6.143          109.970                16.568           17.761           16.200         68.59                         
      1.590          6.142          109.970                16.575           17.770           16.200         68.66                         
      1.600          6.141          109.970                16.582           17.779           16.200         68.73                         
      1.610          6.140          109.970                16.589           17.787           16.200         68.79                         
      1.620          6.140          109.970                16.595           17.795           16.200         68.84                         
      1.630          6.139          109.969                16.600           17.803           16.200         68.90                         
      1.640          6.138          109.969                16.606           17.809           16.200         68.95                         
      1.650          6.138          109.969                16.611           17.816           16.200         68.99                         
      1.660          6.137          109.969                16.615           17.822           16.200         69.03                         
      1.670          6.137          109.969                16.619           17.827           16.200         69.07                         
      1.680          6.137          109.969                16.623           17.832           16.200         69.11                         
      1.690          6.136          109.969                16.627           17.836           16.200         69.14                         
      1.700          6.136          109.969                16.630           17.840           16.200         69.17                         
      1.710          6.136          109.969                16.632           17.843           16.200         69.19                         
      1.720          6.135          109.969                16.635           17.846           16.200         69.21                         
      1.730          6.135          109.969                16.636           17.849           16.200         69.23                         
      1.740          6.135          109.969                16.638           17.851           16.200         69.25                         
      1.750          6.135          109.969                16.639           17.852           16.200         69.26                         
      1.760          6.135          109.969                16.640           17.853           16.200         69.26                         
      1.770          6.135          109.969                16.640           17.853           16.200         69.27                         
      1.780          6.135          109.969                16.640           17.853           16.200         69.27                         
      1.790          6.135          109.969                16.640           17.853           16.200         69.26                         
      1.800          6.135          109.969                16.639           17.852           16.200         69.25                         
      1.810          6.135          109.969                16.638           17.850           16.200         69.24                         
      1.820          6.135          109.969                16.636           17.848           16.200         69.23                         
      1.830          6.135          109.969                16.634           17.846           16.200         69.21                         
      1.840          6.136          109.969                16.632           17.843           16.200         69.19                         
      1.850          6.136          109.969                16.629           17.839           16.200         69.16                         
      1.860          6.136          109.969                16.626           17.835           16.200         69.13                         
      1.870          6.137          109.969                16.622           17.831           16.200         69.10                         
      1.880          6.137          109.969                16.619           17.826           16.200         69.06                         
      1.890          6.138          109.969                16.614           17.820           16.200         69.02                         
      1.900          6.138          109.969                16.610           17.814           16.200         68.98                         
      1.910          6.139          109.969                16.605           17.808           16.200         68.94                         
      1.920          6.139          109.970                16.599           17.801           16.200         68.89                         
      1.930          6.140          109.970                16.594           17.794           16.200         68.83                         
      1.940          6.140          109.970                16.587           17.786           16.200         68.78                         
      1.950          6.141          109.970                16.581           17.778           16.200         68.71                         
      1.960          6.142          109.970                16.574           17.769           16.200         68.65                         
      1.970          6.143          109.970                16.567           17.759           16.200         68.58                         
      1.980          6.144          109.970                16.559           17.750           16.200         68.51                         
      1.990          6.144          109.970                16.551           17.739           16.200         68.44                         
      2.000          6.145          109.970                16.542           17.729           16.200         68.36                         

