  ¬рем€            U                U                Pij              –г               –т г             ”гол рот         ќтн угол U       
                   601              1002             1001             601              601              601              601              
                                                     1002                                                                                 
                                                     1                                                                                    

                     6.300          110.000                 8.019           17.000           17.000         51.29                         
      0.010          6.300          110.000                 8.019           17.000           17.000         51.29                         
      0.020          6.300          110.000                 8.019           17.000           17.000         51.29                         
      0.030          6.300          110.000                 8.019           17.000           17.000         51.29                         
      0.040          6.300          110.000                 8.019           17.000           17.000         51.29                         
      0.050          6.300          110.000                 8.019           17.000           17.000         51.29                         
      0.060          6.300          110.000                 8.019           17.000           17.000         51.29                         
      0.070          6.300          110.000                 8.019           17.000           17.000         51.29                         
      0.080          6.300          110.000                 8.019           17.000           17.000         51.29                         
      0.090          6.300          110.000                 8.019           17.000           17.000         51.29                         
      0.100          6.300          110.000                 8.019           17.000           17.000         51.29                         
      0.110          6.300          110.000                 8.019           17.000           17.000         51.29                         
      0.120          6.300          110.000                 8.019           17.000           17.000         51.29                         
      0.130          6.300          110.000                 8.019           17.000           17.000         51.29                         
      0.140          6.300          110.000                 8.019           17.000           17.000         51.29                         
      0.150          6.300          110.000                 8.019           17.000           17.000         51.29                         
      0.160          6.300          110.000                 8.019           17.000           17.000         51.29                         
      0.170          6.300          110.000                 8.019           17.000           17.000         51.29                         
      0.180          6.300          110.000                 8.019           17.000           17.000         51.29                         
      0.190          6.300          110.000                 8.019           17.000           17.000         51.29                         
      0.200          6.300          110.000                 8.019           17.000           17.000         51.29                         
      0.200          6.354          109.996                14.042           14.759           17.000         51.29                         
      0.210          6.354          109.996                14.042           14.759           17.000         51.29                         
      0.220          6.354          109.996                14.044           14.761           17.000         51.30                         
      0.230          6.354          109.996                14.046           14.764           17.000         51.31                         
      0.240          6.354          109.996                14.050           14.768           17.000         51.33                         
      0.250          6.354          109.995                14.054           14.773           17.000         51.35                         
      0.260          6.353          109.995                14.060           14.779           17.000         51.38                         
      0.270          6.353          109.995                14.066           14.786           17.000         51.41                         
      0.280          6.353          109.995                14.074           14.795           17.000         51.45                         
      0.290          6.352          109.995                14.082           14.804           17.000         51.50                         
      0.300          6.352          109.995                14.091           14.815           17.000         51.55                         
      0.310          6.351          109.995                14.101           14.826           17.000         51.60                         
      0.320          6.351          109.995                14.112           14.838           17.000         51.66                         
      0.330          6.350          109.995                14.124           14.852           17.000         51.72                         
      0.340          6.350          109.995                14.137           14.866           17.000         51.79                         
      0.350          6.349          109.995                14.150           14.882           17.000         51.86                         
      0.360          6.348          109.995                14.165           14.898           17.000         51.94                         
      0.370          6.347          109.995                14.180           14.916           17.000         52.02                         
      0.380          6.347          109.995                14.196           14.934           17.000         52.10                         
      0.390          6.346          109.994                14.213           14.953           17.000         52.19                         
      0.400          6.345          109.994                14.231           14.973           17.000         52.29                         
      0.410          6.344          109.994                14.249           14.994           17.000         52.39                         
      0.420          6.343          109.994                14.268           15.016           17.000         52.49                         
      0.430          6.342          109.994                14.288           15.039           17.000         52.60                         
      0.440          6.341          109.994                14.309           15.062           17.000         52.71                         
      0.450          6.340          109.994                14.330           15.087           17.000         52.83                         
      0.460          6.339          109.994                14.353           15.112           17.000         52.95                         
      0.470          6.338          109.993                14.375           15.138           17.000         53.07                         
      0.480          6.336          109.993                14.399           15.165           17.000         53.20                         
      0.490          6.335          109.993                14.423           15.192           17.000         53.33                         
      0.500          6.334          109.993                14.447           15.220           17.000         53.46                         
      0.510          6.332          109.993                14.472           15.249           17.000         53.60                         
      0.520          6.331          109.993                14.498           15.278           17.000         53.75                         
      0.530          6.330          109.992                14.524           15.309           17.000         53.89                         
      0.540          6.328          109.992                14.551           15.339           17.000         54.04                         
      0.550          6.327          109.992                14.579           15.371           17.000         54.20                         
      0.560          6.325          109.992                14.607           15.403           17.000         54.35                         
      0.570          6.324          109.992                14.635           15.435           17.000         54.51                         
      0.580          6.322          109.991                14.664           15.468           17.000         54.68                         
      0.590          6.321          109.991                14.693           15.502           17.000         54.84                         
      0.600          6.319          109.991                14.723           15.536           17.000         55.01                         
      0.610          6.317          109.991                14.753           15.571           17.000         55.18                         
      0.620          6.315          109.991                14.783           15.606           17.000         55.36                         
      0.630          6.314          109.990                14.814           15.641           17.000         55.54                         
      0.640          6.312          109.990                14.845           15.677           17.000         55.72                         
      0.650          6.310          109.990                14.876           15.713           17.000         55.90                         
      0.660          6.308          109.990                14.908           15.750           17.000         56.09                         
      0.670          6.306          109.990                14.940           15.787           17.000         56.28                         
      0.680          6.304          109.989                14.972           15.824           17.000         56.47                         
      0.690          6.303          109.989                15.004           15.862           17.000         56.66                         
      0.700          6.301          109.989                15.037           15.900           17.000         56.86                         
      0.710          6.299          109.989                15.070           15.938           17.000         57.05                         
      0.720          6.297          109.988                15.102           15.976           17.000         57.25                         
      0.730          6.294          109.988                15.136           16.015           17.000         57.45                         
      0.740          6.292          109.988                15.169           16.054           17.000         57.66                         
      0.750          6.290          109.988                15.202           16.093           17.000         57.86                         
      0.760          6.288          109.987                15.235           16.132           17.000         58.07                         
      0.770          6.286          109.987                15.269           16.171           17.000         58.28                         
      0.780          6.284          109.987                15.302           16.210           17.000         58.49                         
      0.790          6.282          109.986                15.336           16.250           17.000         58.70                         
      0.800          6.279          109.986                15.369           16.289           17.000         58.91                         
      0.810          6.277          109.986                15.403           16.328           17.000         59.13                         
      0.820          6.275          109.986                15.436           16.368           17.000         59.34                         
      0.830          6.273          109.985                15.470           16.407           17.000         59.56                         
      0.840          6.270          109.985                15.503           16.447           17.000         59.78                         
      0.850          6.268          109.985                15.536           16.486           17.000         60.00                         
      0.860          6.266          109.985                15.570           16.526           17.000         60.22                         
      0.870          6.263          109.984                15.603           16.565           17.000         60.44                         
      0.880          6.261          109.984                15.636           16.604           17.000         60.66                         
      0.890          6.259          109.984                15.668           16.643           17.000         60.88                         
      0.900          6.256          109.983                15.701           16.682           17.000         61.10                         
      0.910          6.254          109.983                15.733           16.721           17.000         61.32                         
      0.920          6.252          109.983                15.766           16.759           17.000         61.55                         
      0.930          6.249          109.983                15.798           16.798           17.000         61.77                         
      0.940          6.247          109.982                15.830           16.836           17.000         61.99                         
      0.950          6.244          109.982                15.861           16.874           17.000         62.22                         
      0.960          6.242          109.982                15.893           16.912           17.000         62.44                         
      0.970          6.239          109.981                15.924           16.950           17.000         62.66                         
      0.980          6.237          109.981                15.955           16.987           17.000         62.89                         
      0.990          6.234          109.981                15.985           17.024           17.000         63.11                         
      1.000          6.232          109.980                16.016           17.061           17.000         63.33                         
      1.010          6.230          109.980                16.046           17.097           17.000         63.55                         
      1.020          6.227          109.980                16.076           17.133           17.000         63.78                         
      1.030          6.225          109.980                16.105           17.169           17.000         64.00                         
      1.040          6.222          109.979                16.134           17.205           17.000         64.22                         
      1.050          6.220          109.979                16.163           17.240           17.000         64.44                         
      1.060          6.217          109.979                16.191           17.275           17.000         64.66                         
      1.070          6.215          109.978                16.219           17.309           17.000         64.87                         
      1.080          6.212          109.978                16.247           17.344           17.000         65.09                         
      1.090          6.210          109.978                16.275           17.377           17.000         65.31                         
      1.100          6.207          109.978                16.302           17.411           17.000         65.52                         
      1.110          6.205          109.977                16.328           17.444           17.000         65.74                         
      1.120          6.203          109.977                16.355           17.476           17.000         65.95                         
      1.130          6.200          109.977                16.381           17.508           17.000         66.16                         
      1.140          6.198          109.976                16.406           17.540           17.000         66.37                         
      1.150          6.195          109.976                16.431           17.572           17.000         66.58                         
      1.160          6.193          109.976                16.456           17.603           17.000         66.79                         
      1.170          6.190          109.976                16.480           17.633           17.000         66.99                         
      1.180          6.188          109.975                16.504           17.663           17.000         67.20                         
      1.190          6.186          109.975                16.528           17.693           17.000         67.40                         
      1.200          6.183          109.975                16.551           17.722           17.000         67.60                         
      1.210          6.181          109.975                16.574           17.751           17.000         67.80                         
      1.220          6.179          109.974                16.596           17.779           17.000         68.00                         
      1.230          6.176          109.974                16.618           17.807           17.000         68.19                         
      1.240          6.174          109.974                16.640           17.834           17.000         68.39                         
      1.250          6.172          109.973                16.661           17.861           17.000         68.58                         
      1.260          6.170          109.973                16.681           17.887           17.000         68.77                         
      1.270          6.168          109.973                16.702           17.913           17.000         68.96                         
      1.280          6.165          109.973                16.722           17.939           17.000         69.14                         
      1.290          6.163          109.972                16.741           17.964           17.000         69.32                         
      1.300          6.161          109.972                16.760           17.988           17.000         69.50                         
      1.310          6.159          109.972                16.779           18.012           17.000         69.68                         
      1.320          6.157          109.972                16.797           18.036           17.000         69.86                         
      1.330          6.155          109.971                16.815           18.059           17.000         70.03                         
      1.340          6.153          109.971                16.832           18.082           17.000         70.20                         
      1.350          6.151          109.971                16.849           18.104           17.000         70.37                         
      1.360          6.149          109.971                16.866           18.126           17.000         70.54                         
      1.370          6.147          109.971                16.882           18.147           17.000         70.70                         
      1.380          6.145          109.970                16.898           18.168           17.000         70.86                         
      1.390          6.143          109.970                16.914           18.188           17.000         71.02                         
      1.400          6.141          109.970                16.929           18.208           17.000         71.17                         
      1.410          6.139          109.970                16.943           18.227           17.000         71.33                         
      1.420          6.137          109.970                16.958           18.246           17.000         71.47                         
      1.430          6.135          109.969                16.971           18.264           17.000         71.62                         
      1.440          6.134          109.969                16.985           18.282           17.000         71.77                         
      1.450          6.132          109.969                16.998           18.300           17.000         71.91                         
      1.460          6.130          109.969                17.011           18.317           17.000         72.04                         
      1.470          6.129          109.969                17.023           18.333           17.000         72.18                         
      1.480          6.127          109.968                17.035           18.349           17.000         72.31                         
      1.490          6.125          109.968                17.047           18.365           17.000         72.44                         
      1.500          6.124          109.968                17.058           18.380           17.000         72.57                         
      1.510          6.122          109.968                17.069           18.395           17.000         72.69                         
      1.520          6.121          109.968                17.080           18.409           17.000         72.81                         
      1.530          6.119          109.968                17.090           18.423           17.000         72.92                         
      1.540          6.118          109.967                17.100           18.436           17.000         73.04                         
      1.550          6.117          109.967                17.109           18.449           17.000         73.15                         
      1.560          6.115          109.967                17.119           18.462           17.000         73.25                         
      1.570          6.114          109.967                17.127           18.474           17.000         73.36                         
      1.580          6.113          109.967                17.136           18.486           17.000         73.46                         
      1.590          6.112          109.967                17.144           18.497           17.000         73.55                         
      1.600          6.111          109.967                17.152           18.507           17.000         73.65                         
      1.610          6.109          109.966                17.160           18.518           17.000         73.74                         
      1.620          6.108          109.966                17.167           18.528           17.000         73.82                         
      1.630          6.107          109.966                17.174           18.537           17.000         73.91                         
      1.640          6.106          109.966                17.180           18.546           17.000         73.99                         
      1.650          6.105          109.966                17.186           18.555           17.000         74.06                         
      1.660          6.104          109.966                17.192           18.563           17.000         74.14                         
      1.670          6.104          109.966                17.198           18.571           17.000         74.21                         
      1.680          6.103          109.966                17.203           18.578           17.000         74.27                         
      1.690          6.102          109.966                17.208           18.585           17.000         74.33                         
      1.700          6.101          109.965                17.213           18.592           17.000         74.39                         
      1.710          6.101          109.965                17.218           18.598           17.000         74.45                         
      1.720          6.100          109.965                17.222           18.604           17.000         74.50                         
      1.730          6.099          109.965                17.226           18.609           17.000         74.55                         
      1.740          6.099          109.965                17.229           18.614           17.000         74.60                         
      1.750          6.098          109.965                17.232           18.619           17.000         74.64                         
      1.760          6.098          109.965                17.235           18.623           17.000         74.67                         
      1.770          6.097          109.965                17.238           18.627           17.000         74.71                         
      1.780          6.097          109.965                17.241           18.630           17.000         74.74                         
      1.790          6.097          109.965                17.243           18.633           17.000         74.77                         
      1.800          6.096          109.965                17.245           18.636           17.000         74.79                         
      1.810          6.096          109.965                17.246           18.638           17.000         74.81                         
      1.820          6.096          109.965                17.247           18.640           17.000         74.83                         
      1.830          6.096          109.965                17.248           18.641           17.000         74.84                         
      1.840          6.096          109.965                17.249           18.642           17.000         74.85                         
      1.850          6.095          109.965                17.250           18.643           17.000         74.86                         
      1.860          6.095          109.965                17.250           18.643           17.000         74.86                         
      1.870          6.095          109.965                17.250           18.643           17.000         74.86                         
      1.880          6.095          109.965                17.249           18.642           17.000         74.85                         
      1.890          6.096          109.965                17.249           18.641           17.000         74.84                         
      1.900          6.096          109.965                17.248           18.640           17.000         74.83                         
      1.910          6.096          109.965                17.246           18.638           17.000         74.82                         
      1.920          6.096          109.965                17.245           18.636           17.000         74.80                         
      1.930          6.096          109.965                17.243           18.634           17.000         74.77                         
      1.940          6.097          109.965                17.241           18.631           17.000         74.75                         
      1.950          6.097          109.965                17.239           18.628           17.000         74.72                         
      1.960          6.098          109.965                17.236           18.624           17.000         74.68                         
      1.970          6.098          109.965                17.233           18.620           17.000         74.65                         
      1.980          6.099          109.965                17.230           18.616           17.000         74.61                         
      1.990          6.099          109.965                17.227           18.611           17.000         74.56                         
      2.000          6.100          109.965                17.223           18.606           17.000         74.52                         

