  ¬рем€            U                U                Pij              –г               –т г             ”гол рот         ќтн угол U       
                   601              1002             1001             601              601              601              601              
                                                     1002                                                                                 
                                                     1                                                                                    

                     6.300          110.000                 7.975           16.900           16.900         50.93                         
      0.010          6.300          110.000                 7.975           16.900           16.900         50.93                         
      0.020          6.300          110.000                 7.975           16.900           16.900         50.93                         
      0.030          6.300          110.000                 7.975           16.900           16.900         50.93                         
      0.040          6.300          110.000                 7.975           16.900           16.900         50.93                         
      0.050          6.300          110.000                 7.975           16.900           16.900         50.93                         
      0.060          6.300          110.000                 7.975           16.900           16.900         50.93                         
      0.070          6.300          110.000                 7.975           16.900           16.900         50.93                         
      0.080          6.300          110.000                 7.975           16.900           16.900         50.93                         
      0.090          6.300          110.000                 7.975           16.900           16.900         50.93                         
      0.100          6.300          110.000                 7.975           16.900           16.900         50.93                         
      0.110          6.300          110.000                 7.975           16.900           16.900         50.93                         
      0.120          6.300          110.000                 7.975           16.900           16.900         50.93                         
      0.130          6.300          110.000                 7.975           16.900           16.900         50.93                         
      0.140          6.300          110.000                 7.975           16.900           16.900         50.93                         
      0.150          6.300          110.000                 7.975           16.900           16.900         50.93                         
      0.160          6.300          110.000                 7.975           16.900           16.900         50.93                         
      0.170          6.300          110.000                 7.975           16.900           16.900         50.93                         
      0.180          6.300          110.000                 7.975           16.900           16.900         50.93                         
      0.190          6.300          110.000                 7.975           16.900           16.900         50.93                         
      0.200          6.300          110.000                 7.975           16.900           16.900         50.93                         
      0.200          6.354          109.996                13.964           14.671           16.900         50.93                         
      0.210          6.354          109.995                13.965           14.672           16.900         50.94                         
      0.220          6.353          109.995                13.966           14.674           16.900         50.95                         
      0.230          6.353          109.995                13.969           14.677           16.900         50.96                         
      0.240          6.353          109.995                13.972           14.681           16.900         50.98                         
      0.250          6.353          109.995                13.977           14.686           16.900         51.00                         
      0.260          6.353          109.995                13.982           14.692           16.900         51.03                         
      0.270          6.352          109.995                13.988           14.699           16.900         51.06                         
      0.280          6.352          109.995                13.996           14.707           16.900         51.10                         
      0.290          6.352          109.995                14.004           14.717           16.900         51.14                         
      0.300          6.351          109.995                14.013           14.727           16.900         51.19                         
      0.310          6.351          109.995                14.023           14.739           16.900         51.24                         
      0.320          6.350          109.995                14.034           14.751           16.900         51.30                         
      0.330          6.350          109.995                14.046           14.765           16.900         51.37                         
      0.340          6.349          109.995                14.059           14.779           16.900         51.43                         
      0.350          6.348          109.995                14.073           14.795           16.900         51.50                         
      0.360          6.348          109.995                14.087           14.811           16.900         51.58                         
      0.370          6.347          109.995                14.103           14.828           16.900         51.66                         
      0.380          6.346          109.995                14.119           14.847           16.900         51.75                         
      0.390          6.345          109.994                14.136           14.866           16.900         51.84                         
      0.400          6.344          109.994                14.153           14.886           16.900         51.93                         
      0.410          6.344          109.994                14.172           14.907           16.900         52.03                         
      0.420          6.343          109.994                14.191           14.929           16.900         52.13                         
      0.430          6.342          109.994                14.211           14.952           16.900         52.24                         
      0.440          6.341          109.994                14.232           14.975           16.900         52.35                         
      0.450          6.339          109.994                14.253           14.999           16.900         52.47                         
      0.460          6.338          109.994                14.275           15.025           16.900         52.58                         
      0.470          6.337          109.993                14.298           15.051           16.900         52.71                         
      0.480          6.336          109.993                14.321           15.077           16.900         52.83                         
      0.490          6.335          109.993                14.345           15.105           16.900         52.97                         
      0.500          6.333          109.993                14.370           15.133           16.900         53.10                         
      0.510          6.332          109.993                14.395           15.162           16.900         53.24                         
      0.520          6.331          109.993                14.421           15.191           16.900         53.38                         
      0.530          6.329          109.992                14.447           15.221           16.900         53.53                         
      0.540          6.328          109.992                14.474           15.252           16.900         53.68                         
      0.550          6.327          109.992                14.502           15.284           16.900         53.83                         
      0.560          6.325          109.992                14.530           15.316           16.900         53.98                         
      0.570          6.324          109.992                14.558           15.348           16.900         54.14                         
      0.580          6.322          109.991                14.587           15.381           16.900         54.30                         
      0.590          6.320          109.991                14.616           15.415           16.900         54.47                         
      0.600          6.319          109.991                14.646           15.449           16.900         54.64                         
      0.610          6.317          109.991                14.676           15.484           16.900         54.81                         
      0.620          6.315          109.991                14.707           15.519           16.900         54.98                         
      0.630          6.314          109.990                14.737           15.554           16.900         55.16                         
      0.640          6.312          109.990                14.768           15.590           16.900         55.34                         
      0.650          6.310          109.990                14.800           15.626           16.900         55.52                         
      0.660          6.308          109.990                14.832           15.663           16.900         55.71                         
      0.670          6.306          109.990                14.864           15.700           16.900         55.89                         
      0.680          6.305          109.989                14.896           15.737           16.900         56.08                         
      0.690          6.303          109.989                14.928           15.775           16.900         56.28                         
      0.700          6.301          109.989                14.961           15.813           16.900         56.47                         
      0.710          6.299          109.989                14.994           15.851           16.900         56.67                         
      0.720          6.297          109.988                15.027           15.889           16.900         56.86                         
      0.730          6.295          109.988                15.060           15.928           16.900         57.06                         
      0.740          6.293          109.988                15.093           15.967           16.900         57.27                         
      0.750          6.291          109.988                15.127           16.006           16.900         57.47                         
      0.760          6.288          109.987                15.160           16.045           16.900         57.68                         
      0.770          6.286          109.987                15.194           16.084           16.900         57.88                         
      0.780          6.284          109.987                15.227           16.123           16.900         58.09                         
      0.790          6.282          109.987                15.261           16.163           16.900         58.30                         
      0.800          6.280          109.986                15.294           16.202           16.900         58.51                         
      0.810          6.278          109.986                15.328           16.242           16.900         58.73                         
      0.820          6.275          109.986                15.362           16.281           16.900         58.94                         
      0.830          6.273          109.985                15.395           16.321           16.900         59.15                         
      0.840          6.271          109.985                15.429           16.360           16.900         59.37                         
      0.850          6.269          109.985                15.462           16.400           16.900         59.59                         
      0.860          6.266          109.985                15.495           16.439           16.900         59.80                         
      0.870          6.264          109.984                15.529           16.478           16.900         60.02                         
      0.880          6.262          109.984                15.562           16.518           16.900         60.24                         
      0.890          6.259          109.984                15.595           16.557           16.900         60.46                         
      0.900          6.257          109.983                15.627           16.596           16.900         60.68                         
      0.910          6.255          109.983                15.660           16.635           16.900         60.90                         
      0.920          6.252          109.983                15.692           16.673           16.900         61.12                         
      0.930          6.250          109.983                15.725           16.712           16.900         61.34                         
      0.940          6.248          109.982                15.757           16.750           16.900         61.56                         
      0.950          6.245          109.982                15.788           16.788           16.900         61.79                         
      0.960          6.243          109.982                15.820           16.826           16.900         62.01                         
      0.970          6.240          109.981                15.851           16.864           16.900         62.23                         
      0.980          6.238          109.981                15.882           16.901           16.900         62.45                         
      0.990          6.236          109.981                15.913           16.938           16.900         62.67                         
      1.000          6.233          109.981                15.944           16.975           16.900         62.89                         
      1.010          6.231          109.980                15.974           17.011           16.900         63.11                         
      1.020          6.228          109.980                16.004           17.048           16.900         63.33                         
      1.030          6.226          109.980                16.033           17.084           16.900         63.55                         
      1.040          6.223          109.979                16.062           17.119           16.900         63.77                         
      1.050          6.221          109.979                16.091           17.154           16.900         63.98                         
      1.060          6.219          109.979                16.120           17.189           16.900         64.20                         
      1.070          6.216          109.979                16.148           17.224           16.900         64.42                         
      1.080          6.214          109.978                16.176           17.258           16.900         64.63                         
      1.090          6.211          109.978                16.204           17.292           16.900         64.84                         
      1.100          6.209          109.978                16.231           17.325           16.900         65.06                         
      1.110          6.206          109.977                16.258           17.358           16.900         65.27                         
      1.120          6.204          109.977                16.284           17.391           16.900         65.48                         
      1.130          6.202          109.977                16.310           17.423           16.900         65.69                         
      1.140          6.199          109.977                16.336           17.455           16.900         65.90                         
      1.150          6.197          109.976                16.361           17.486           16.900         66.10                         
      1.160          6.195          109.976                16.386           17.517           16.900         66.31                         
      1.170          6.192          109.976                16.411           17.548           16.900         66.51                         
      1.180          6.190          109.976                16.435           17.578           16.900         66.71                         
      1.190          6.188          109.975                16.458           17.608           16.900         66.91                         
      1.200          6.185          109.975                16.482           17.637           16.900         67.11                         
      1.210          6.183          109.975                16.505           17.666           16.900         67.31                         
      1.220          6.181          109.974                16.527           17.694           16.900         67.50                         
      1.230          6.179          109.974                16.549           17.722           16.900         67.69                         
      1.240          6.176          109.974                16.571           17.749           16.900         67.88                         
      1.250          6.174          109.974                16.592           17.776           16.900         68.07                         
      1.260          6.172          109.973                16.613           17.802           16.900         68.26                         
      1.270          6.170          109.973                16.633           17.828           16.900         68.44                         
      1.280          6.168          109.973                16.653           17.854           16.900         68.62                         
      1.290          6.166          109.973                16.673           17.879           16.900         68.80                         
      1.300          6.163          109.972                16.692           17.903           16.900         68.98                         
      1.310          6.161          109.972                16.711           17.928           16.900         69.16                         
      1.320          6.159          109.972                16.729           17.951           16.900         69.33                         
      1.330          6.157          109.972                16.747           17.974           16.900         69.50                         
      1.340          6.155          109.972                16.765           17.997           16.900         69.67                         
      1.350          6.153          109.971                16.782           18.019           16.900         69.83                         
      1.360          6.151          109.971                16.799           18.041           16.900         69.99                         
      1.370          6.149          109.971                16.815           18.062           16.900         70.15                         
      1.380          6.148          109.971                16.831           18.083           16.900         70.31                         
      1.390          6.146          109.970                16.846           18.103           16.900         70.46                         
      1.400          6.144          109.970                16.862           18.123           16.900         70.62                         
      1.410          6.142          109.970                16.876           18.142           16.900         70.76                         
      1.420          6.140          109.970                16.891           18.161           16.900         70.91                         
      1.430          6.139          109.970                16.905           18.179           16.900         71.05                         
      1.440          6.137          109.969                16.918           18.197           16.900         71.19                         
      1.450          6.135          109.969                16.931           18.214           16.900         71.33                         
      1.460          6.134          109.969                16.944           18.231           16.900         71.47                         
      1.470          6.132          109.969                16.957           18.248           16.900         71.60                         
      1.480          6.130          109.969                16.969           18.264           16.900         71.72                         
      1.490          6.129          109.969                16.980           18.279           16.900         71.85                         
      1.500          6.127          109.968                16.992           18.294           16.900         71.97                         
      1.510          6.126          109.968                17.003           18.309           16.900         72.09                         
      1.520          6.125          109.968                17.013           18.323           16.900         72.21                         
      1.530          6.123          109.968                17.023           18.337           16.900         72.32                         
      1.540          6.122          109.968                17.033           18.350           16.900         72.43                         
      1.550          6.121          109.968                17.043           18.363           16.900         72.53                         
      1.560          6.119          109.967                17.052           18.375           16.900         72.64                         
      1.570          6.118          109.967                17.061           18.387           16.900         72.74                         
      1.580          6.117          109.967                17.069           18.398           16.900         72.83                         
      1.590          6.116          109.967                17.077           18.409           16.900         72.92                         
      1.600          6.115          109.967                17.085           18.420           16.900         73.01                         
      1.610          6.114          109.967                17.093           18.430           16.900         73.10                         
      1.620          6.113          109.967                17.100           18.440           16.900         73.18                         
      1.630          6.112          109.967                17.107           18.449           16.900         73.26                         
      1.640          6.111          109.966                17.113           18.458           16.900         73.34                         
      1.650          6.110          109.966                17.119           18.466           16.900         73.41                         
      1.660          6.109          109.966                17.125           18.474           16.900         73.48                         
      1.670          6.108          109.966                17.131           18.482           16.900         73.54                         
      1.680          6.107          109.966                17.136           18.489           16.900         73.61                         
      1.690          6.107          109.966                17.141           18.496           16.900         73.66                         
      1.700          6.106          109.966                17.145           18.502           16.900         73.72                         
      1.710          6.105          109.966                17.150           18.508           16.900         73.77                         
      1.720          6.105          109.966                17.154           18.513           16.900         73.82                         
      1.730          6.104          109.966                17.157           18.518           16.900         73.86                         
      1.740          6.104          109.966                17.161           18.523           16.900         73.90                         
      1.750          6.103          109.966                17.164           18.527           16.900         73.94                         
      1.760          6.103          109.966                17.166           18.531           16.900         73.97                         
      1.770          6.102          109.966                17.169           18.534           16.900         74.00                         
      1.780          6.102          109.966                17.171           18.537           16.900         74.03                         
      1.790          6.102          109.965                17.173           18.540           16.900         74.05                         
      1.800          6.101          109.965                17.174           18.542           16.900         74.07                         
      1.810          6.101          109.965                17.176           18.544           16.900         74.09                         
      1.820          6.101          109.965                17.177           18.545           16.900         74.10                         
      1.830          6.101          109.965                17.177           18.546           16.900         74.11                         
      1.840          6.101          109.965                17.178           18.547           16.900         74.11                         
      1.850          6.101          109.965                17.178           18.547           16.900         74.11                         
      1.860          6.101          109.965                17.178           18.547           16.900         74.11                         
      1.870          6.101          109.965                17.177           18.546           16.900         74.10                         
      1.880          6.101          109.965                17.176           18.545           16.900         74.10                         
      1.890          6.101          109.965                17.175           18.543           16.900         74.08                         
      1.900          6.102          109.965                17.174           18.541           16.900         74.07                         
      1.910          6.102          109.966                17.172           18.539           16.900         74.05                         
      1.920          6.102          109.966                17.170           18.537           16.900         74.02                         
      1.930          6.102          109.966                17.168           18.533           16.900         73.99                         
      1.940          6.103          109.966                17.166           18.530           16.900         73.96                         
      1.950          6.103          109.966                17.163           18.526           16.900         73.93                         
      1.960          6.104          109.966                17.160           18.522           16.900         73.89                         
      1.970          6.104          109.966                17.156           18.517           16.900         73.85                         
      1.980          6.105          109.966                17.153           18.512           16.900         73.81                         
      1.990          6.105          109.966                17.149           18.507           16.900         73.76                         
      2.000          6.106          109.966                17.144           18.501           16.900         73.71                         

