  ¬рем€            U                U                Pij              –г               –т г             ”гол рот         ќтн угол U       
                   601              1002             1001             601              601              601              601              
                                                     1002                                                                                 
                                                     1                                                                                    

                     6.300          110.000                 7.888           16.700           16.700         50.24                         
      0.010          6.300          110.000                 7.888           16.700           16.700         50.24                         
      0.020          6.300          110.000                 7.888           16.700           16.700         50.24                         
      0.030          6.300          110.000                 7.888           16.700           16.700         50.24                         
      0.040          6.300          110.000                 7.888           16.700           16.700         50.24                         
      0.050          6.300          110.000                 7.888           16.700           16.700         50.24                         
      0.060          6.300          110.000                 7.888           16.700           16.700         50.24                         
      0.070          6.300          110.000                 7.888           16.700           16.700         50.24                         
      0.080          6.300          110.000                 7.888           16.700           16.700         50.24                         
      0.090          6.300          110.000                 7.888           16.700           16.700         50.24                         
      0.100          6.300          110.000                 7.888           16.700           16.700         50.24                         
      0.110          6.300          110.000                 7.888           16.700           16.700         50.24                         
      0.120          6.300          110.000                 7.888           16.700           16.700         50.24                         
      0.130          6.300          110.000                 7.888           16.700           16.700         50.24                         
      0.140          6.300          110.000                 7.888           16.700           16.700         50.24                         
      0.150          6.300          110.000                 7.888           16.700           16.700         50.24                         
      0.160          6.300          110.000                 7.888           16.700           16.700         50.24                         
      0.170          6.300          110.000                 7.888           16.700           16.700         50.24                         
      0.180          6.300          110.000                 7.888           16.700           16.700         50.24                         
      0.190          6.300          110.000                 7.888           16.700           16.700         50.24                         
      0.200          6.300          110.000                 7.888           16.700           16.700         50.24                         
      0.200          6.352          109.995                13.808           14.497           16.700         50.24                         
      0.210          6.352          109.995                13.809           14.497           16.700         50.24                         
      0.220          6.352          109.995                13.810           14.499           16.700         50.25                         
      0.230          6.352          109.995                13.813           14.502           16.700         50.26                         
      0.240          6.352          109.995                13.816           14.506           16.700         50.28                         
      0.250          6.352          109.995                13.821           14.511           16.700         50.30                         
      0.260          6.352          109.995                13.826           14.517           16.700         50.33                         
      0.270          6.351          109.995                13.833           14.524           16.700         50.36                         
      0.280          6.351          109.995                13.840           14.533           16.700         50.40                         
      0.290          6.351          109.995                13.848           14.542           16.700         50.44                         
      0.300          6.350          109.995                13.857           14.552           16.700         50.49                         
      0.310          6.350          109.995                13.868           14.564           16.700         50.54                         
      0.320          6.349          109.995                13.879           14.576           16.700         50.60                         
      0.330          6.349          109.995                13.891           14.590           16.700         50.66                         
      0.340          6.348          109.995                13.903           14.604           16.700         50.73                         
      0.350          6.347          109.995                13.917           14.620           16.700         50.80                         
      0.360          6.347          109.995                13.932           14.636           16.700         50.87                         
      0.370          6.346          109.995                13.947           14.654           16.700         50.95                         
      0.380          6.345          109.994                13.963           14.672           16.700         51.04                         
      0.390          6.344          109.994                13.980           14.691           16.700         51.13                         
      0.400          6.344          109.994                13.998           14.711           16.700         51.22                         
      0.410          6.343          109.994                14.016           14.732           16.700         51.32                         
      0.420          6.342          109.994                14.036           14.754           16.700         51.42                         
      0.430          6.341          109.994                14.056           14.777           16.700         51.52                         
      0.440          6.340          109.994                14.077           14.800           16.700         51.63                         
      0.450          6.339          109.994                14.098           14.825           16.700         51.75                         
      0.460          6.338          109.993                14.120           14.850           16.700         51.87                         
      0.470          6.336          109.993                14.143           14.876           16.700         51.99                         
      0.480          6.335          109.993                14.166           14.902           16.700         52.11                         
      0.490          6.334          109.993                14.191           14.930           16.700         52.24                         
      0.500          6.333          109.993                14.215           14.958           16.700         52.38                         
      0.510          6.332          109.993                14.241           14.987           16.700         52.51                         
      0.520          6.330          109.993                14.267           15.016           16.700         52.65                         
      0.530          6.329          109.992                14.293           15.047           16.700         52.80                         
      0.540          6.328          109.992                14.320           15.077           16.700         52.94                         
      0.550          6.326          109.992                14.348           15.109           16.700         53.09                         
      0.560          6.325          109.992                14.376           15.141           16.700         53.25                         
      0.570          6.323          109.992                14.404           15.173           16.700         53.40                         
      0.580          6.322          109.991                14.433           15.206           16.700         53.56                         
      0.590          6.320          109.991                14.462           15.240           16.700         53.73                         
      0.600          6.318          109.991                14.492           15.274           16.700         53.89                         
      0.610          6.317          109.991                14.522           15.309           16.700         54.06                         
      0.620          6.315          109.991                14.553           15.344           16.700         54.23                         
      0.630          6.313          109.990                14.584           15.379           16.700         54.41                         
      0.640          6.312          109.990                14.615           15.415           16.700         54.59                         
      0.650          6.310          109.990                14.647           15.452           16.700         54.77                         
      0.660          6.308          109.990                14.679           15.488           16.700         54.95                         
      0.670          6.306          109.990                14.711           15.525           16.700         55.13                         
      0.680          6.305          109.989                14.743           15.563           16.700         55.32                         
      0.690          6.303          109.989                14.776           15.600           16.700         55.51                         
      0.700          6.301          109.989                14.809           15.638           16.700         55.70                         
      0.710          6.299          109.989                14.842           15.677           16.700         55.89                         
      0.720          6.297          109.988                14.875           15.715           16.700         56.09                         
      0.730          6.295          109.988                14.908           15.754           16.700         56.29                         
      0.740          6.293          109.988                14.942           15.792           16.700         56.48                         
      0.750          6.291          109.988                14.975           15.831           16.700         56.69                         
      0.760          6.289          109.987                15.009           15.871           16.700         56.89                         
      0.770          6.287          109.987                15.043           15.910           16.700         57.09                         
      0.780          6.285          109.987                15.076           15.949           16.700         57.30                         
      0.790          6.283          109.987                15.110           15.989           16.700         57.50                         
      0.800          6.281          109.986                15.144           16.028           16.700         57.71                         
      0.810          6.278          109.986                15.178           16.068           16.700         57.92                         
      0.820          6.276          109.986                15.212           16.107           16.700         58.13                         
      0.830          6.274          109.986                15.245           16.147           16.700         58.34                         
      0.840          6.272          109.985                15.279           16.186           16.700         58.56                         
      0.850          6.270          109.985                15.313           16.226           16.700         58.77                         
      0.860          6.268          109.985                15.346           16.265           16.700         58.98                         
      0.870          6.265          109.984                15.380           16.305           16.700         59.20                         
      0.880          6.263          109.984                15.413           16.344           16.700         59.41                         
      0.890          6.261          109.984                15.446           16.383           16.700         59.63                         
      0.900          6.258          109.984                15.479           16.422           16.700         59.85                         
      0.910          6.256          109.983                15.512           16.461           16.700         60.06                         
      0.920          6.254          109.983                15.544           16.500           16.700         60.28                         
      0.930          6.252          109.983                15.577           16.538           16.700         60.50                         
      0.940          6.249          109.983                15.609           16.577           16.700         60.71                         
      0.950          6.247          109.982                15.641           16.615           16.700         60.93                         
      0.960          6.245          109.982                15.673           16.653           16.700         61.15                         
      0.970          6.242          109.982                15.705           16.691           16.700         61.36                         
      0.980          6.240          109.981                15.736           16.728           16.700         61.58                         
      0.990          6.238          109.981                15.767           16.765           16.700         61.80                         
      1.000          6.235          109.981                15.798           16.802           16.700         62.01                         
      1.010          6.233          109.981                15.828           16.839           16.700         62.23                         
      1.020          6.231          109.980                15.858           16.875           16.700         62.44                         
      1.030          6.228          109.980                15.888           16.911           16.700         62.66                         
      1.040          6.226          109.980                15.918           16.947           16.700         62.87                         
      1.050          6.224          109.979                15.947           16.982           16.700         63.08                         
      1.060          6.221          109.979                15.976           17.017           16.700         63.29                         
      1.070          6.219          109.979                16.004           17.052           16.700         63.51                         
      1.080          6.217          109.979                16.032           17.086           16.700         63.72                         
      1.090          6.214          109.978                16.060           17.120           16.700         63.92                         
      1.100          6.212          109.978                16.088           17.153           16.700         64.13                         
      1.110          6.210          109.978                16.115           17.186           16.700         64.34                         
      1.120          6.207          109.978                16.141           17.219           16.700         64.54                         
      1.130          6.205          109.977                16.168           17.251           16.700         64.75                         
      1.140          6.203          109.977                16.194           17.283           16.700         64.95                         
      1.150          6.200          109.977                16.219           17.315           16.700         65.15                         
      1.160          6.198          109.976                16.244           17.346           16.700         65.35                         
      1.170          6.196          109.976                16.269           17.376           16.700         65.55                         
      1.180          6.194          109.976                16.293           17.406           16.700         65.74                         
      1.190          6.191          109.976                16.317           17.436           16.700         65.94                         
      1.200          6.189          109.975                16.341           17.465           16.700         66.13                         
      1.210          6.187          109.975                16.364           17.494           16.700         66.32                         
      1.220          6.185          109.975                16.387           17.522           16.700         66.51                         
      1.230          6.183          109.975                16.409           17.550           16.700         66.70                         
      1.240          6.181          109.974                16.431           17.577           16.700         66.88                         
      1.250          6.178          109.974                16.452           17.604           16.700         67.06                         
      1.260          6.176          109.974                16.473           17.631           16.700         67.24                         
      1.270          6.174          109.974                16.494           17.657           16.700         67.42                         
      1.280          6.172          109.973                16.514           17.682           16.700         67.60                         
      1.290          6.170          109.973                16.534           17.707           16.700         67.77                         
      1.300          6.168          109.973                16.553           17.732           16.700         67.94                         
      1.310          6.166          109.973                16.572           17.756           16.700         68.11                         
      1.320          6.164          109.973                16.591           17.779           16.700         68.28                         
      1.330          6.162          109.972                16.609           17.802           16.700         68.44                         
      1.340          6.160          109.972                16.627           17.825           16.700         68.60                         
      1.350          6.159          109.972                16.644           17.847           16.700         68.76                         
      1.360          6.157          109.972                16.661           17.868           16.700         68.92                         
      1.370          6.155          109.971                16.677           17.890           16.700         69.07                         
      1.380          6.153          109.971                16.694           17.910           16.700         69.22                         
      1.390          6.151          109.971                16.709           17.930           16.700         69.37                         
      1.400          6.150          109.971                16.724           17.950           16.700         69.51                         
      1.410          6.148          109.971                16.739           17.969           16.700         69.65                         
      1.420          6.146          109.970                16.754           17.988           16.700         69.79                         
      1.430          6.145          109.970                16.768           18.006           16.700         69.93                         
      1.440          6.143          109.970                16.781           18.024           16.700         70.06                         
      1.450          6.142          109.970                16.795           18.041           16.700         70.19                         
      1.460          6.140          109.970                16.807           18.058           16.700         70.32                         
      1.470          6.139          109.970                16.820           18.074           16.700         70.44                         
      1.480          6.137          109.969                16.832           18.090           16.700         70.56                         
      1.490          6.136          109.969                16.844           18.105           16.700         70.68                         
      1.500          6.134          109.969                16.855           18.120           16.700         70.80                         
      1.510          6.133          109.969                16.866           18.134           16.700         70.91                         
      1.520          6.132          109.969                16.877           18.148           16.700         71.02                         
      1.530          6.130          109.969                16.887           18.161           16.700         71.12                         
      1.540          6.129          109.969                16.896           18.174           16.700         71.22                         
      1.550          6.128          109.968                16.906           18.187           16.700         71.32                         
      1.560          6.127          109.968                16.915           18.199           16.700         71.42                         
      1.570          6.126          109.968                16.924           18.210           16.700         71.51                         
      1.580          6.125          109.968                16.932           18.221           16.700         71.60                         
      1.590          6.124          109.968                16.940           18.232           16.700         71.68                         
      1.600          6.123          109.968                16.948           18.242           16.700         71.76                         
      1.610          6.122          109.968                16.955           18.251           16.700         71.84                         
      1.620          6.121          109.968                16.962           18.261           16.700         71.92                         
      1.630          6.120          109.967                16.968           18.269           16.700         71.99                         
      1.640          6.119          109.967                16.975           18.278           16.700         72.05                         
      1.650          6.118          109.967                16.981           18.286           16.700         72.12                         
      1.660          6.117          109.967                16.986           18.293           16.700         72.18                         
      1.670          6.117          109.967                16.991           18.300           16.700         72.24                         
      1.680          6.116          109.967                16.996           18.307           16.700         72.29                         
      1.690          6.115          109.967                17.001           18.313           16.700         72.34                         
      1.700          6.115          109.967                17.005           18.318           16.700         72.39                         
      1.710          6.114          109.967                17.009           18.324           16.700         72.43                         
      1.720          6.114          109.967                17.012           18.328           16.700         72.47                         
      1.730          6.113          109.967                17.016           18.333           16.700         72.51                         
      1.740          6.113          109.967                17.019           18.336           16.700         72.54                         
      1.750          6.113          109.967                17.021           18.340           16.700         72.57                         
      1.760          6.112          109.967                17.023           18.343           16.700         72.59                         
      1.770          6.112          109.967                17.025           18.346           16.700         72.61                         
      1.780          6.112          109.967                17.027           18.348           16.700         72.63                         
      1.790          6.112          109.967                17.028           18.349           16.700         72.65                         
      1.800          6.112          109.967                17.029           18.351           16.700         72.66                         
      1.810          6.112          109.967                17.030           18.352           16.700         72.66                         
      1.820          6.111          109.967                17.030           18.352           16.700         72.67                         
      1.830          6.111          109.967                17.030           18.352           16.700         72.67                         
      1.840          6.112          109.967                17.030           18.352           16.700         72.66                         
      1.850          6.112          109.967                17.029           18.351           16.700         72.66                         
      1.860          6.112          109.967                17.028           18.349           16.700         72.64                         
      1.870          6.112          109.967                17.027           18.348           16.700         72.63                         
      1.880          6.112          109.967                17.025           18.345           16.700         72.61                         
      1.890          6.112          109.967                17.023           18.343           16.700         72.59                         
      1.900          6.113          109.967                17.021           18.340           16.700         72.57                         
      1.910          6.113          109.967                17.019           18.336           16.700         72.54                         
      1.920          6.113          109.967                17.016           18.333           16.700         72.51                         
      1.930          6.114          109.967                17.012           18.328           16.700         72.47                         
      1.940          6.114          109.967                17.009           18.324           16.700         72.43                         
      1.950          6.115          109.967                17.005           18.318           16.700         72.39                         
      1.960          6.115          109.967                17.001           18.313           16.700         72.34                         
      1.970          6.116          109.967                16.996           18.307           16.700         72.29                         
      1.980          6.117          109.967                16.992           18.300           16.700         72.24                         
      1.990          6.117          109.967                16.986           18.294           16.700         72.18                         
      2.000          6.118          109.967                16.981           18.286           16.700         72.12                         

