  ¬рем€            U                U                Pij              –г               –т г             ”гол рот         ќтн угол U       
                   601              1002             1001             601              601              601              601              
                                                     1002                                                                                 
                                                     1                                                                                    

                     6.300          110.000                 7.800           16.500           16.500         49.54                         
      0.010          6.300          110.000                 7.800           16.500           16.500         49.54                         
      0.020          6.300          110.000                 7.800           16.500           16.500         49.54                         
      0.030          6.300          110.000                 7.800           16.500           16.500         49.54                         
      0.040          6.300          110.000                 7.800           16.500           16.500         49.54                         
      0.050          6.300          110.000                 7.800           16.500           16.500         49.54                         
      0.060          6.300          110.000                 7.800           16.500           16.500         49.54                         
      0.070          6.300          110.000                 7.800           16.500           16.500         49.54                         
      0.080          6.300          110.000                 7.800           16.500           16.500         49.54                         
      0.090          6.300          110.000                 7.800           16.500           16.500         49.54                         
      0.100          6.300          110.000                 7.800           16.500           16.500         49.54                         
      0.110          6.300          110.000                 7.800           16.500           16.500         49.54                         
      0.120          6.300          110.000                 7.800           16.500           16.500         49.54                         
      0.130          6.300          110.000                 7.800           16.500           16.500         49.54                         
      0.140          6.300          110.000                 7.800           16.500           16.500         49.54                         
      0.150          6.300          110.000                 7.800           16.500           16.500         49.54                         
      0.160          6.300          110.000                 7.800           16.500           16.500         49.54                         
      0.170          6.300          110.000                 7.800           16.500           16.500         49.54                         
      0.180          6.300          110.000                 7.800           16.500           16.500         49.54                         
      0.190          6.300          110.000                 7.800           16.500           16.500         49.54                         
      0.200          6.300          110.000                 7.800           16.500           16.500         49.54                         
      0.200          6.351          109.995                13.652           14.322           16.500         49.54                         
      0.210          6.351          109.995                13.652           14.323           16.500         49.54                         
      0.220          6.351          109.995                13.654           14.324           16.500         49.55                         
      0.230          6.351          109.995                13.656           14.327           16.500         49.56                         
      0.240          6.351          109.995                13.660           14.331           16.500         49.58                         
      0.250          6.351          109.995                13.664           14.336           16.500         49.60                         
      0.260          6.350          109.995                13.670           14.342           16.500         49.63                         
      0.270          6.350          109.995                13.676           14.350           16.500         49.67                         
      0.280          6.350          109.995                13.684           14.358           16.500         49.70                         
      0.290          6.349          109.995                13.692           14.367           16.500         49.74                         
      0.300          6.349          109.995                13.701           14.378           16.500         49.79                         
      0.310          6.349          109.995                13.712           14.389           16.500         49.84                         
      0.320          6.348          109.995                13.723           14.402           16.500         49.90                         
      0.330          6.348          109.995                13.735           14.415           16.500         49.96                         
      0.340          6.347          109.995                13.747           14.430           16.500         50.03                         
      0.350          6.346          109.995                13.761           14.445           16.500         50.10                         
      0.360          6.346          109.995                13.776           14.461           16.500         50.17                         
      0.370          6.345          109.994                13.791           14.479           16.500         50.25                         
      0.380          6.344          109.994                13.807           14.497           16.500         50.33                         
      0.390          6.343          109.994                13.824           14.516           16.500         50.42                         
      0.400          6.343          109.994                13.842           14.536           16.500         50.51                         
      0.410          6.342          109.994                13.861           14.557           16.500         50.61                         
      0.420          6.341          109.994                13.880           14.579           16.500         50.71                         
      0.430          6.340          109.994                13.900           14.602           16.500         50.81                         
      0.440          6.339          109.994                13.921           14.625           16.500         50.92                         
      0.450          6.338          109.994                13.942           14.650           16.500         51.04                         
      0.460          6.337          109.993                13.965           14.675           16.500         51.15                         
      0.470          6.336          109.993                13.987           14.701           16.500         51.27                         
      0.480          6.335          109.993                14.011           14.728           16.500         51.40                         
      0.490          6.333          109.993                14.035           14.755           16.500         51.52                         
      0.500          6.332          109.993                14.060           14.783           16.500         51.66                         
      0.510          6.331          109.993                14.085           14.812           16.500         51.79                         
      0.520          6.330          109.992                14.111           14.841           16.500         51.93                         
      0.530          6.328          109.992                14.138           14.872           16.500         52.07                         
      0.540          6.327          109.992                14.165           14.902           16.500         52.22                         
      0.550          6.326          109.992                14.193           14.934           16.500         52.36                         
      0.560          6.324          109.992                14.221           14.966           16.500         52.52                         
      0.570          6.323          109.992                14.249           14.998           16.500         52.67                         
      0.580          6.321          109.991                14.278           15.031           16.500         52.83                         
      0.590          6.320          109.991                14.308           15.065           16.500         52.99                         
      0.600          6.318          109.991                14.338           15.099           16.500         53.15                         
      0.610          6.317          109.991                14.368           15.134           16.500         53.32                         
      0.620          6.315          109.991                14.399           15.169           16.500         53.49                         
      0.630          6.313          109.990                14.430           15.204           16.500         53.66                         
      0.640          6.312          109.990                14.461           15.240           16.500         53.84                         
      0.650          6.310          109.990                14.493           15.277           16.500         54.01                         
      0.660          6.308          109.990                14.525           15.313           16.500         54.19                         
      0.670          6.307          109.990                14.557           15.350           16.500         54.38                         
      0.680          6.305          109.989                14.590           15.388           16.500         54.56                         
      0.690          6.303          109.989                14.622           15.425           16.500         54.75                         
      0.700          6.301          109.989                14.655           15.463           16.500         54.94                         
      0.710          6.299          109.989                14.688           15.502           16.500         55.13                         
      0.720          6.297          109.988                14.722           15.540           16.500         55.32                         
      0.730          6.295          109.988                14.755           15.579           16.500         55.51                         
      0.740          6.293          109.988                14.789           15.617           16.500         55.71                         
      0.750          6.292          109.988                14.823           15.656           16.500         55.91                         
      0.760          6.290          109.987                14.856           15.696           16.500         56.11                         
      0.770          6.288          109.987                14.890           15.735           16.500         56.31                         
      0.780          6.285          109.987                14.924           15.774           16.500         56.51                         
      0.790          6.283          109.987                14.958           15.814           16.500         56.71                         
      0.800          6.281          109.986                14.992           15.853           16.500         56.92                         
      0.810          6.279          109.986                15.026           15.893           16.500         57.12                         
      0.820          6.277          109.986                15.060           15.932           16.500         57.33                         
      0.830          6.275          109.986                15.094           15.972           16.500         57.54                         
      0.840          6.273          109.985                15.128           16.012           16.500         57.75                         
      0.850          6.271          109.985                15.162           16.051           16.500         57.96                         
      0.860          6.269          109.985                15.195           16.091           16.500         58.17                         
      0.870          6.266          109.985                15.229           16.130           16.500         58.38                         
      0.880          6.264          109.984                15.262           16.169           16.500         58.59                         
      0.890          6.262          109.984                15.296           16.209           16.500         58.80                         
      0.900          6.260          109.984                15.329           16.248           16.500         59.01                         
      0.910          6.258          109.984                15.362           16.287           16.500         59.23                         
      0.920          6.255          109.983                15.395           16.325           16.500         59.44                         
      0.930          6.253          109.983                15.428           16.364           16.500         59.65                         
      0.940          6.251          109.983                15.460           16.402           16.500         59.87                         
      0.950          6.249          109.982                15.492           16.441           16.500         60.08                         
      0.960          6.246          109.982                15.524           16.478           16.500         60.29                         
      0.970          6.244          109.982                15.556           16.516           16.500         60.51                         
      0.980          6.242          109.982                15.588           16.554           16.500         60.72                         
      0.990          6.240          109.981                15.619           16.591           16.500         60.93                         
      1.000          6.237          109.981                15.650           16.628           16.500         61.14                         
      1.010          6.235          109.981                15.680           16.664           16.500         61.35                         
      1.020          6.233          109.981                15.711           16.701           16.500         61.56                         
      1.030          6.231          109.980                15.741           16.737           16.500         61.77                         
      1.040          6.228          109.980                15.771           16.773           16.500         61.98                         
      1.050          6.226          109.980                15.800           16.808           16.500         62.19                         
      1.060          6.224          109.979                15.829           16.843           16.500         62.40                         
      1.070          6.222          109.979                15.858           16.878           16.500         62.60                         
      1.080          6.219          109.979                15.886           16.912           16.500         62.81                         
      1.090          6.217          109.979                15.914           16.946           16.500         63.01                         
      1.100          6.215          109.978                15.942           16.979           16.500         63.21                         
      1.110          6.213          109.978                15.969           17.012           16.500         63.42                         
      1.120          6.210          109.978                15.996           17.045           16.500         63.62                         
      1.130          6.208          109.978                16.023           17.077           16.500         63.82                         
      1.140          6.206          109.977                16.049           17.109           16.500         64.01                         
      1.150          6.204          109.977                16.075           17.141           16.500         64.21                         
      1.160          6.202          109.977                16.100           17.172           16.500         64.40                         
      1.170          6.199          109.977                16.125           17.202           16.500         64.59                         
      1.180          6.197          109.976                16.149           17.232           16.500         64.79                         
      1.190          6.195          109.976                16.174           17.262           16.500         64.97                         
      1.200          6.193          109.976                16.197           17.291           16.500         65.16                         
      1.210          6.191          109.976                16.221           17.320           16.500         65.35                         
      1.220          6.189          109.975                16.243           17.348           16.500         65.53                         
      1.230          6.187          109.975                16.266           17.376           16.500         65.71                         
      1.240          6.185          109.975                16.288           17.403           16.500         65.89                         
      1.250          6.183          109.975                16.310           17.430           16.500         66.07                         
      1.260          6.181          109.974                16.331           17.457           16.500         66.24                         
      1.270          6.179          109.974                16.352           17.482           16.500         66.41                         
      1.280          6.177          109.974                16.372           17.508           16.500         66.58                         
      1.290          6.175          109.974                16.392           17.533           16.500         66.75                         
      1.300          6.173          109.973                16.412           17.557           16.500         66.92                         
      1.310          6.171          109.973                16.431           17.581           16.500         67.08                         
      1.320          6.169          109.973                16.449           17.605           16.500         67.24                         
      1.330          6.167          109.973                16.468           17.628           16.500         67.40                         
      1.340          6.166          109.973                16.485           17.650           16.500         67.55                         
      1.350          6.164          109.972                16.503           17.672           16.500         67.70                         
      1.360          6.162          109.972                16.520           17.693           16.500         67.85                         
      1.370          6.160          109.972                16.536           17.714           16.500         68.00                         
      1.380          6.159          109.972                16.552           17.735           16.500         68.14                         
      1.390          6.157          109.972                16.568           17.755           16.500         68.28                         
      1.400          6.155          109.971                16.583           17.774           16.500         68.42                         
      1.410          6.154          109.971                16.598           17.793           16.500         68.56                         
      1.420          6.152          109.971                16.613           17.812           16.500         68.69                         
      1.430          6.151          109.971                16.627           17.830           16.500         68.82                         
      1.440          6.149          109.971                16.641           17.847           16.500         68.95                         
      1.450          6.148          109.971                16.654           17.864           16.500         69.07                         
      1.460          6.146          109.970                16.667           17.880           16.500         69.19                         
      1.470          6.145          109.970                16.679           17.896           16.500         69.31                         
      1.480          6.143          109.970                16.691           17.912           16.500         69.42                         
      1.490          6.142          109.970                16.703           17.927           16.500         69.53                         
      1.500          6.141          109.970                16.714           17.941           16.500         69.64                         
      1.510          6.140          109.970                16.725           17.955           16.500         69.74                         
      1.520          6.138          109.970                16.735           17.969           16.500         69.84                         
      1.530          6.137          109.969                16.745           17.982           16.500         69.94                         
      1.540          6.136          109.969                16.755           17.994           16.500         70.04                         
      1.550          6.135          109.969                16.764           18.006           16.500         70.13                         
      1.560          6.134          109.969                16.773           18.018           16.500         70.22                         
      1.570          6.133          109.969                16.782           18.029           16.500         70.30                         
      1.580          6.132          109.969                16.790           18.040           16.500         70.38                         
      1.590          6.131          109.969                16.798           18.050           16.500         70.46                         
      1.600          6.130          109.969                16.805           18.060           16.500         70.53                         
      1.610          6.129          109.968                16.812           18.069           16.500         70.60                         
      1.620          6.128          109.968                16.819           18.077           16.500         70.67                         
      1.630          6.128          109.968                16.825           18.086           16.500         70.73                         
      1.640          6.127          109.968                16.831           18.093           16.500         70.79                         
      1.650          6.126          109.968                16.836           18.101           16.500         70.85                         
      1.660          6.126          109.968                16.842           18.107           16.500         70.90                         
      1.670          6.125          109.968                16.846           18.114           16.500         70.95                         
      1.680          6.125          109.968                16.851           18.120           16.500         71.00                         
      1.690          6.124          109.968                16.855           18.125           16.500         71.04                         
      1.700          6.124          109.968                16.859           18.130           16.500         71.08                         
      1.710          6.123          109.968                16.862           18.135           16.500         71.12                         
      1.720          6.123          109.968                16.865           18.139           16.500         71.15                         
      1.730          6.122          109.968                16.868           18.142           16.500         71.18                         
      1.740          6.122          109.968                16.870           18.145           16.500         71.20                         
      1.750          6.122          109.968                16.872           18.148           16.500         71.22                         
      1.760          6.122          109.968                16.874           18.150           16.500         71.24                         
      1.770          6.121          109.968                16.875           18.152           16.500         71.25                         
      1.780          6.121          109.968                16.876           18.153           16.500         71.26                         
      1.790          6.121          109.968                16.877           18.154           16.500         71.27                         
      1.800          6.121          109.968                16.877           18.154           16.500         71.27                         
      1.810          6.121          109.968                16.877           18.154           16.500         71.27                         
      1.820          6.121          109.968                16.877           18.154           16.500         71.27                         
      1.830          6.121          109.968                16.876           18.153           16.500         71.26                         
      1.840          6.122          109.968                16.875           18.151           16.500         71.25                         
      1.850          6.122          109.968                16.873           18.149           16.500         71.23                         
      1.860          6.122          109.968                16.872           18.147           16.500         71.21                         
      1.870          6.122          109.968                16.870           18.144           16.500         71.19                         
      1.880          6.122          109.968                16.867           18.141           16.500         71.17                         
      1.890          6.123          109.968                16.864           18.137           16.500         71.14                         
      1.900          6.123          109.968                16.861           18.133           16.500         71.11                         
      1.910          6.124          109.968                16.858           18.128           16.500         71.07                         
      1.920          6.124          109.968                16.854           18.123           16.500         71.03                         
      1.930          6.125          109.968                16.850           18.118           16.500         70.99                         
      1.940          6.125          109.968                16.845           18.112           16.500         70.94                         
      1.950          6.126          109.968                16.840           18.105           16.500         70.89                         
      1.960          6.127          109.968                16.835           18.099           16.500         70.84                         
      1.970          6.127          109.968                16.829           18.091           16.500         70.78                         
      1.980          6.128          109.968                16.823           18.083           16.500         70.72                         
      1.990          6.129          109.968                16.817           18.075           16.500         70.65                         
      2.000          6.130          109.968                16.810           18.066           16.500         70.59                         

