  ¬рем€            U                U                Pij              –г               –т г             ”гол рот         ќтн угол U       
                   601              1002             1001             601              601              601              601              
                                                     1002                                                                                 
                                                     1                                                                                    

                    10.500          110.000                10.694           23.200           23.200         56.49                         
      0.010         10.500          110.000                10.694           23.200           23.200         56.49                         
      0.020         10.500          110.000                10.694           23.200           23.200         56.49                         
      0.030         10.500          110.000                10.694           23.200           23.200         56.49                         
      0.040         10.500          110.000                10.694           23.200           23.200         56.49                         
      0.050         10.500          110.000                10.694           23.200           23.200         56.49                         
      0.060         10.500          110.000                10.694           23.200           23.200         56.49                         
      0.070         10.500          110.000                10.694           23.200           23.200         56.49                         
      0.080         10.500          110.000                10.694           23.200           23.200         56.49                         
      0.090         10.500          110.000                10.694           23.200           23.200         56.49                         
      0.100         10.500          110.000                10.694           23.200           23.200         56.49                         
      0.100          9.873          109.320                -0.001            3.054           23.200         56.49                         
      0.110          9.873          109.320                -0.001            3.054           23.200         56.51                         
      0.120          9.873          109.320                -0.001            3.054           23.200         56.59                         
      0.130          9.873          109.320                -0.001            3.054           23.200         56.70                         
      0.140          9.873          109.320                -0.001            3.054           23.200         56.87                         
      0.150          9.873          109.320                -0.001            3.054           23.200         57.08                         
      0.160          9.873          109.320                -0.001            3.054           23.200         57.34                         
      0.170          9.873          109.320                -0.001            3.054           23.200         57.64                         
      0.180          9.873          109.320                -0.001            3.054           23.200         57.99                         
      0.190          9.873          109.320                -0.001            3.054           23.200         58.39                         
      0.200          9.873          109.320                -0.001            3.054           23.200         58.82                         
      0.210          9.873          109.320                -0.001            3.054           23.200         59.31                         
      0.220          9.873          109.320                -0.001            3.054           23.200         59.84                         
      0.230          9.873          109.320                -0.001            3.054           23.200         60.41                         
      0.240          9.873          109.320                -0.001            3.054           23.200         61.03                         
      0.250          9.873          109.320                -0.001            3.054           23.200         61.69                         
      0.260          9.873          109.320                -0.001            3.054           23.200         62.40                         
      0.260         10.490          109.989                20.023           21.677           23.200         62.40                         
      0.270         10.483          109.987                20.145           21.834           23.200         63.13                         
      0.280         10.477          109.986                20.264           21.987           23.200         63.86                         
      0.290         10.470          109.985                20.379           22.137           23.200         64.59                         
      0.300         10.463          109.984                20.491           22.284           23.200         65.32                         
      0.310         10.456          109.982                20.599           22.427           23.200         66.04                         
      0.320         10.449          109.981                20.704           22.567           23.200         66.77                         
      0.330         10.442          109.980                20.805           22.704           23.200         67.50                         
      0.340         10.435          109.979                20.902           22.837           23.200         68.22                         
      0.350         10.428          109.977                20.996           22.967           23.200         68.95                         
      0.360         10.420          109.976                21.087           23.093           23.200         69.67                         
      0.370         10.413          109.975                21.174           23.216           23.200         70.39                         
      0.380         10.406          109.974                21.257           23.335           23.200         71.11                         
      0.390         10.399          109.972                21.336           23.451           23.200         71.83                         
      0.400         10.391          109.971                21.412           23.563           23.200         72.55                         
      0.410         10.384          109.970                21.485           23.671           23.200         73.27                         
      0.420         10.377          109.968                21.553           23.776           23.200         73.98                         
      0.430         10.369          109.967                21.618           23.878           23.200         74.69                         
      0.440         10.362          109.966                21.679           23.975           23.200         75.40                         
      0.450         10.355          109.965                21.737           24.069           23.200         76.11                         
      0.460         10.347          109.963                21.791           24.159           23.200         76.81                         
      0.470         10.340          109.962                21.842           24.246           23.200         77.51                         
      0.480         10.332          109.961                21.888           24.329           23.200         78.21                         
      0.490         10.325          109.960                21.932           24.409           23.200         78.91                         
      0.500         10.318          109.958                21.972           24.484           23.200         79.60                         
      0.510         10.310          109.957                22.008           24.557           23.200         80.29                         
      0.520         10.303          109.956                22.041           24.626           23.200         80.97                         
      0.530         10.295          109.955                22.071           24.691           23.200         81.65                         
      0.540         10.288          109.953                22.097           24.752           23.200         82.33                         
      0.550         10.281          109.952                22.120           24.811           23.200         83.00                         
      0.560         10.273          109.951                22.139           24.866           23.200         83.67                         
      0.570         10.266          109.950                22.156           24.917           23.200         84.34                         
      0.580         10.259          109.948                22.169           24.965           23.200         85.00                         
      0.590         10.251          109.947                22.179           25.010           23.200         85.66                         
      0.600         10.244          109.946                22.186           25.052           23.200         86.31                         
      0.610         10.237          109.945                22.190           25.090           23.200         86.96                         
      0.620         10.230          109.944                22.191           25.125           23.200         87.60                         
      0.630         10.223          109.943                22.190           25.158           23.200         88.24                         
      0.640         10.216          109.941                22.185           25.187           23.200         88.88                         
      0.650         10.208          109.940                22.178           25.213           23.200         89.51                         
      0.660         10.201          109.939                22.168           25.236           23.200         90.14                         
      0.670         10.194          109.938                22.155           25.257           23.200         90.76                         
      0.680         10.187          109.937                22.140           25.274           23.200         91.38                         
      0.690         10.181          109.936                22.123           25.289           23.200         91.99                         
      0.700         10.174          109.935                22.103           25.301           23.200         92.60                         
      0.710         10.167          109.934                22.080           25.310           23.200         93.20                         
      0.720         10.160          109.933                22.055           25.317           23.200         93.80                         
      0.730         10.153          109.931                22.028           25.321           23.200         94.39                         
      0.740         10.147          109.930                21.999           25.323           23.200         94.98                         
      0.750         10.140          109.929                21.968           25.323           23.200         95.56                         
      0.760         10.133          109.928                21.934           25.320           23.200         96.14                         
      0.770         10.127          109.927                21.899           25.315           23.200         96.72                         
      0.780         10.120          109.926                21.861           25.307           23.200         97.29                         
      0.790         10.114          109.925                21.822           25.297           23.200         97.85                         
      0.800         10.108          109.924                21.781           25.286           23.200         98.41                         
      0.810         10.101          109.923                21.738           25.272           23.200         98.97                         
      0.820         10.095          109.922                21.693           25.256           23.200         99.52                         
      0.830         10.089          109.921                21.647           25.238           23.200        100.07                         
      0.840         10.083          109.920                21.599           25.218           23.200        100.61                         
      0.850         10.077          109.919                21.549           25.197           23.200        101.15                         
      0.860         10.070          109.919                21.498           25.173           23.200        101.68                         
      0.870         10.064          109.918                21.445           25.148           23.200        102.21                         
      0.880         10.058          109.917                21.391           25.121           23.200        102.74                         
      0.890         10.053          109.916                21.336           25.093           23.200        103.26                         
      0.900         10.047          109.915                21.279           25.062           23.200        103.78                         
      0.910         10.041          109.914                21.221           25.031           23.200        104.29                         
      0.920         10.035          109.913                21.161           24.997           23.200        104.80                         
      0.930         10.029          109.912                21.100           24.962           23.200        105.31                         
      0.940         10.024          109.911                21.038           24.926           23.200        105.81                         
      0.950         10.018          109.911                20.975           24.888           23.200        106.31                         
      0.960         10.012          109.910                20.911           24.849           23.200        106.80                         
      0.970         10.007          109.909                20.845           24.808           23.200        107.29                         
      0.980         10.001          109.908                20.779           24.766           23.200        107.78                         
      0.990          9.996          109.907                20.711           24.723           23.200        108.27                         
      1.000          9.991          109.906                20.642           24.678           23.200        108.75                         
      1.010          9.985          109.906                20.572           24.632           23.200        109.23                         
      1.020          9.980          109.905                20.502           24.585           23.200        109.70                         
      1.030          9.975          109.904                20.430           24.537           23.200        110.17                         
      1.040          9.969          109.903                20.357           24.487           23.200        110.64                         
      1.050          9.964          109.903                20.283           24.436           23.200        111.11                         
      1.060          9.959          109.902                20.208           24.384           23.200        111.57                         
      1.070          9.954          109.901                20.132           24.331           23.200        112.04                         
      1.080          9.949          109.900                20.055           24.277           23.200        112.50                         
      1.090          9.944          109.900                19.978           24.222           23.200        112.95                         
      1.100          9.939          109.899                19.899           24.165           23.200        113.41                         
      1.110          9.934          109.898                19.819           24.107           23.200        113.86                         
      1.120          9.929          109.897                19.739           24.049           23.200        114.31                         
      1.130          9.924          109.897                19.657           23.989           23.200        114.76                         
      1.140          9.919          109.896                19.575           23.928           23.200        115.21                         
      1.150          9.914          109.895                19.491           23.865           23.200        115.66                         
      1.160          9.909          109.895                19.407           23.802           23.200        116.10                         
      1.170          9.904          109.894                19.321           23.738           23.200        116.55                         
      1.180          9.899          109.893                19.235           23.672           23.200        116.99                         
      1.190          9.895          109.893                19.147           23.605           23.200        117.44                         
      1.200          9.890          109.892                19.058           23.538           23.200        117.88                         
      1.210          9.885          109.891                18.969           23.468           23.200        118.32                         
      1.220          9.880          109.891                18.878           23.398           23.200        118.76                         
      1.230          9.876          109.890                18.786           23.327           23.200        119.20                         
      1.240          9.871          109.889                18.693           23.254           23.200        119.64                         
      1.250          9.866          109.889                18.599           23.180           23.200        120.08                         
      1.260          9.862          109.888                18.504           23.105           23.200        120.52                         
      1.270          9.857          109.887                18.407           23.028           23.200        120.97                         
      1.280          9.852          109.887                18.309           22.951           23.200        121.41                         
      1.290          9.848          109.886                18.210           22.871           23.200        121.85                         
      1.300          9.843          109.885                18.109           22.791           23.200        122.30                         
      1.310          9.838          109.885                18.008           22.709           23.200        122.74                         
      1.320          9.834          109.884                17.904           22.625           23.200        123.19                         
      1.330          9.829          109.883                17.799           22.540           23.200        123.63                         
      1.340          9.825          109.883                17.693           22.454           23.200        124.08                         
      1.350          9.820          109.882                17.585           22.365           23.200        124.54                         
      1.360          9.815          109.881                17.476           22.275           23.200        124.99                         
      1.370          9.811          109.881                17.364           22.184           23.200        125.44                         
      1.380          9.806          109.880                17.251           22.091           23.200        125.90                         
      1.390          9.801          109.880                17.137           21.995           23.200        126.36                         
      1.400          9.797          109.879                17.020           21.898           23.200        126.83                         
      1.410          9.792          109.878                16.901           21.799           23.200        127.29                         
      1.420          9.787          109.878                16.781           21.699           23.200        127.76                         
      1.430          9.783          109.877                16.658           21.596           23.200        128.24                         
      1.440          9.778          109.876                16.533           21.490           23.200        128.72                         
      1.450          9.773          109.876                16.406           21.383           23.200        129.20                         
      1.460          9.768          109.875                16.276           21.273           23.200        129.68                         
      1.470          9.764          109.875                16.144           21.161           23.200        130.17                         
      1.480          9.759          109.874                16.010           21.047           23.200        130.67                         
      1.490          9.754          109.873                15.872           20.929           23.200        131.17                         
      1.500          9.749          109.873                15.733           20.810           23.200        131.67                         
      1.510          9.744          109.872                15.590           20.687           23.200        132.18                         
      1.520          9.739          109.871                15.444           20.562           23.200        132.70                         
      1.530          9.734          109.871                15.296           20.433           23.200        133.22                         
      1.540          9.730          109.870                15.144           20.302           23.200        133.75                         
      1.550          9.725          109.869                14.989           20.167           23.200        134.29                         
      1.560          9.720          109.869                14.830           20.029           23.200        134.83                         
      1.570          9.715          109.868                14.668           19.887           23.200        135.38                         
      1.580          9.710          109.868                14.503           19.742           23.200        135.94                         
      1.590          9.704          109.867                14.333           19.593           23.200        136.50                         
      1.600          9.699          109.866                14.160           19.441           23.200        137.07                         
      1.610          9.694          109.866                13.982           19.284           23.200        137.66                         
      1.620          9.689          109.865                13.800           19.123           23.200        138.25                         
      1.630          9.684          109.864                13.614           18.958           23.200        138.85                         
      1.640          9.679          109.864                13.423           18.788           23.200        139.46                         
      1.650          9.673          109.863                13.228           18.614           23.200        140.08                         
      1.660          9.668          109.862                13.027           18.434           23.200        140.71                         
      1.670          9.663          109.862                12.821           18.250           23.200        141.35                         
      1.680          9.657          109.861                12.610           18.060           23.200        142.00                         
      1.690          9.652          109.860                12.394           17.865           23.200        142.66                         
      1.700          9.646          109.860                12.171           17.664           23.200        143.34                         
      1.710          9.641          109.859                11.943           17.457           23.200        144.03                         
      1.720          9.635          109.859                11.709           17.244           23.200        144.73                         
      1.730          9.630          109.858                11.468           17.025           23.200        145.44                         
      1.740          9.624          109.857                11.220           16.799           23.200        146.17                         
      1.750          9.619          109.857                10.966           16.566           23.200        146.91                         
      1.760          9.613          109.856                10.704           16.327           23.200        147.67                         
      1.770          9.607          109.855                10.435           16.079           23.200        148.45                         
      1.780          9.602          109.855                10.159           15.824           23.200        149.24                         
      1.790          9.596          109.854                 9.874           15.561           23.200        150.04                         
      1.800          9.590          109.853                 9.581           15.290           23.200        150.87                         
      1.810          9.585          109.853                 9.280           15.010           23.200        151.71                         
      1.820          9.579          109.852                 8.970           14.721           23.200        152.57                         
      1.830          9.573          109.852                 8.650           14.422           23.200        153.45                         
      1.840          9.568          109.851                 8.321           14.114           23.200        154.34                         
      1.850          9.562          109.850                 7.983           13.796           23.200        155.26                         
      1.860          9.556          109.850                 7.634           13.468           23.200        156.20                         
      1.870          9.551          109.849                 7.275           13.129           23.200        157.17                         
      1.880          9.545          109.849                 6.905           12.779           23.200        158.15                         
      1.890          9.540          109.848                 6.524           12.417           23.200        159.16                         
      1.900          9.534          109.848                 6.131           12.043           23.200        160.19                         
      1.910          9.529          109.847                 5.727           11.657           23.200        161.25                         
      1.920          9.524          109.847                 5.310           11.258           23.200        162.33                         
      1.930          9.519          109.847                 4.881           10.846           23.200        163.44                         
      1.940          9.513          109.846                 4.439           10.421           23.200        164.58                         
      1.950          9.509          109.846                 3.983            9.981           23.200        165.75                         
      1.960          9.504          109.845                 3.514            9.527           23.200        166.95                         
      1.970          9.499          109.845                 3.031            9.058           23.200        168.18                         
      1.980          9.495          109.845                 2.534            8.573           23.200        169.43                         
      1.990          9.491          109.845                 2.022            8.073           23.200        170.73                         
      2.000          9.487          109.845                 1.495            7.556           23.200        172.05                         

