  ¬рем€            U                U                Pij              –г               –т г             ”гол рот         ќтн угол U       
                   601              1002             1001             601              601              601              601              
                                                     1002                                                                                 
                                                     1                                                                                    

                    10.500          110.000                11.014           24.000           24.000         59.11                         
      0.010         10.500          110.000                11.014           24.000           24.000         59.11                         
      0.020         10.500          110.000                11.014           24.000           24.000         59.11                         
      0.030         10.500          110.000                11.014           24.000           24.000         59.11                         
      0.040         10.500          110.000                11.014           24.000           24.000         59.11                         
      0.050         10.500          110.000                11.014           24.000           24.000         59.11                         
      0.060         10.500          110.000                11.014           24.000           24.000         59.11                         
      0.070         10.500          110.000                11.014           24.000           24.000         59.11                         
      0.080         10.500          110.000                11.014           24.000           24.000         59.11                         
      0.090         10.500          110.000                11.014           24.000           24.000         59.11                         
      0.100         10.500          110.000                11.014           24.000           24.000         59.11                         
      0.100          9.899          109.324                -0.001            3.071           24.000         59.11                         
      0.110          9.899          109.324                -0.001            3.071           24.000         59.14                         
      0.120          9.899          109.324                -0.001            3.071           24.000         59.21                         
      0.130          9.899          109.324                -0.001            3.071           24.000         59.34                         
      0.140          9.899          109.324                -0.001            3.071           24.000         59.51                         
      0.150          9.899          109.324                -0.001            3.071           24.000         59.73                         
      0.160          9.899          109.324                -0.001            3.071           24.000         60.00                         
      0.170          9.899          109.324                -0.001            3.071           24.000         60.31                         
      0.180          9.899          109.324                -0.001            3.071           24.000         60.67                         
      0.190          9.899          109.324                -0.001            3.071           24.000         61.08                         
      0.200          9.899          109.324                -0.001            3.071           24.000         61.54                         
      0.210          9.899          109.324                -0.001            3.071           24.000         62.04                         
      0.220          9.899          109.324                -0.001            3.071           24.000         62.59                         
      0.230          9.899          109.324                -0.001            3.071           24.000         63.19                         
      0.240          9.899          109.324                -0.001            3.071           24.000         63.83                         
      0.250          9.899          109.324                -0.001            3.071           24.000         64.52                         
      0.260          9.899          109.324                -0.001            3.071           24.000         65.26                         
      0.260         10.489          109.989                20.542           22.338           24.000         65.26                         
      0.270         10.482          109.987                20.655           22.488           24.000         66.01                         
      0.280         10.475          109.986                20.765           22.634           24.000         66.77                         
      0.290         10.468          109.985                20.870           22.777           24.000         67.53                         
      0.300         10.460          109.983                20.972           22.916           24.000         68.29                         
      0.310         10.453          109.982                21.070           23.052           24.000         69.04                         
      0.320         10.445          109.981                21.165           23.184           24.000         69.80                         
      0.330         10.438          109.979                21.255           23.312           24.000         70.56                         
      0.340         10.430          109.978                21.342           23.437           24.000         71.31                         
      0.350         10.422          109.977                21.424           23.557           24.000         72.07                         
      0.360         10.415          109.975                21.503           23.674           24.000         72.82                         
      0.370         10.407          109.974                21.578           23.788           24.000         73.58                         
      0.380         10.399          109.973                21.649           23.897           24.000         74.33                         
      0.390         10.391          109.971                21.716           24.002           24.000         75.08                         
      0.400         10.384          109.970                21.779           24.104           24.000         75.83                         
      0.410         10.376          109.969                21.838           24.202           24.000         76.58                         
      0.420         10.368          109.967                21.893           24.295           24.000         77.33                         
      0.430         10.360          109.966                21.944           24.385           24.000         78.08                         
      0.440         10.352          109.964                21.991           24.471           24.000         78.82                         
      0.450         10.344          109.963                22.034           24.553           24.000         79.56                         
      0.460         10.336          109.962                22.073           24.631           24.000         80.31                         
      0.470         10.328          109.960                22.109           24.705           24.000         81.04                         
      0.480         10.320          109.959                22.140           24.775           24.000         81.78                         
      0.490         10.312          109.958                22.168           24.842           24.000         82.52                         
      0.500         10.304          109.956                22.192           24.904           24.000         83.25                         
      0.510         10.296          109.955                22.212           24.963           24.000         83.98                         
      0.520         10.288          109.954                22.228           25.017           24.000         84.70                         
      0.530         10.280          109.952                22.241           25.068           24.000         85.43                         
      0.540         10.272          109.951                22.249           25.115           24.000         86.15                         
      0.550         10.264          109.950                22.255           25.158           24.000         86.87                         
      0.560         10.256          109.948                22.256           25.198           24.000         87.58                         
      0.570         10.248          109.947                22.254           25.234           24.000         88.29                         
      0.580         10.240          109.946                22.249           25.266           24.000         89.00                         
      0.590         10.232          109.945                22.240           25.295           24.000         89.71                         
      0.600         10.224          109.943                22.227           25.320           24.000         90.41                         
      0.610         10.216          109.942                22.212           25.341           24.000         91.11                         
      0.620         10.209          109.941                22.193           25.359           24.000         91.81                         
      0.630         10.201          109.940                22.170           25.373           24.000         92.51                         
      0.640         10.193          109.938                22.145           25.384           24.000         93.20                         
      0.650         10.185          109.937                22.116           25.392           24.000         93.88                         
      0.660         10.177          109.936                22.084           25.396           24.000         94.57                         
      0.670         10.170          109.935                22.049           25.398           24.000         95.25                         
      0.680         10.162          109.933                22.011           25.395           24.000         95.93                         
      0.690         10.154          109.932                21.970           25.390           24.000         96.60                         
      0.700         10.147          109.931                21.926           25.381           24.000         97.27                         
      0.710         10.139          109.930                21.879           25.370           24.000         97.94                         
      0.720         10.132          109.929                21.830           25.355           24.000         98.61                         
      0.730         10.124          109.927                21.777           25.338           24.000         99.27                         
      0.740         10.116          109.926                21.722           25.317           24.000         99.93                         
      0.750         10.109          109.925                21.664           25.293           24.000        100.58                         
      0.760         10.102          109.924                21.604           25.267           24.000        101.24                         
      0.770         10.094          109.923                21.541           25.238           24.000        101.89                         
      0.780         10.087          109.922                21.475           25.206           24.000        102.54                         
      0.790         10.079          109.921                21.407           25.171           24.000        103.18                         
      0.800         10.072          109.919                21.336           25.133           24.000        103.83                         
      0.810         10.065          109.918                21.263           25.093           24.000        104.47                         
      0.820         10.058          109.917                21.187           25.050           24.000        105.10                         
      0.830         10.051          109.916                21.109           25.004           24.000        105.74                         
      0.840         10.043          109.915                21.028           24.956           24.000        106.37                         
      0.850         10.036          109.914                20.945           24.905           24.000        107.01                         
      0.860         10.029          109.913                20.860           24.851           24.000        107.64                         
      0.870         10.022          109.912                20.772           24.795           24.000        108.26                         
      0.880         10.015          109.911                20.682           24.737           24.000        108.89                         
      0.890         10.008          109.910                20.589           24.676           24.000        109.52                         
      0.900         10.001          109.909                20.495           24.612           24.000        110.14                         
      0.910          9.994          109.908                20.398           24.546           24.000        110.76                         
      0.920          9.987          109.907                20.298           24.478           24.000        111.38                         
      0.930          9.980          109.906                20.197           24.406           24.000        112.00                         
      0.940          9.973          109.905                20.093           24.333           24.000        112.62                         
      0.950          9.967          109.904                19.986           24.257           24.000        113.24                         
      0.960          9.960          109.903                19.878           24.178           24.000        113.86                         
      0.970          9.953          109.902                19.766           24.097           24.000        114.48                         
      0.980          9.946          109.901                19.653           24.013           24.000        115.10                         
      0.990          9.939          109.900                19.537           23.927           24.000        115.72                         
      1.000          9.933          109.899                19.419           23.839           24.000        116.34                         
      1.010          9.926          109.898                19.298           23.747           24.000        116.96                         
      1.020          9.919          109.897                19.175           23.653           24.000        117.58                         
      1.030          9.913          109.896                19.049           23.557           24.000        118.20                         
      1.040          9.906          109.895                18.921           23.457           24.000        118.82                         
      1.050          9.899          109.894                18.790           23.355           24.000        119.45                         
      1.060          9.893          109.893                18.656           23.251           24.000        120.07                         
      1.070          9.886          109.892                18.520           23.143           24.000        120.70                         
      1.080          9.879          109.891                18.381           23.032           24.000        121.33                         
      1.090          9.873          109.890                18.239           22.919           24.000        121.96                         
      1.100          9.866          109.889                18.094           22.803           24.000        122.60                         
      1.110          9.859          109.889                17.946           22.683           24.000        123.23                         
      1.120          9.853          109.888                17.795           22.561           24.000        123.87                         
      1.130          9.846          109.887                17.641           22.435           24.000        124.52                         
      1.140          9.839          109.886                17.484           22.306           24.000        125.17                         
      1.150          9.833          109.885                17.323           22.173           24.000        125.82                         
      1.160          9.826          109.884                17.159           22.038           24.000        126.47                         
      1.170          9.820          109.883                16.992           21.898           24.000        127.14                         
      1.180          9.813          109.882                16.821           21.755           24.000        127.80                         
      1.190          9.806          109.881                16.646           21.608           24.000        128.47                         
      1.200          9.800          109.880                16.467           21.457           24.000        129.15                         
      1.210          9.793          109.880                16.284           21.302           24.000        129.83                         
      1.220          9.786          109.879                16.098           21.144           24.000        130.52                         
      1.230          9.780          109.878                15.907           20.980           24.000        131.22                         
      1.240          9.773          109.877                15.711           20.813           24.000        131.92                         
      1.250          9.766          109.876                15.511           20.640           24.000        132.63                         
      1.260          9.759          109.875                15.306           20.464           24.000        133.35                         
      1.270          9.753          109.874                15.097           20.282           24.000        134.07                         
      1.280          9.746          109.873                14.882           20.095           24.000        134.81                         
      1.290          9.739          109.873                14.662           19.903           24.000        135.55                         
      1.300          9.732          109.872                14.437           19.705           24.000        136.30                         
      1.310          9.726          109.871                14.206           19.502           24.000        137.06                         
      1.320          9.719          109.870                13.969           19.293           24.000        137.84                         
      1.330          9.712          109.869                13.726           19.078           24.000        138.62                         
      1.340          9.705          109.868                13.478           18.857           24.000        139.41                         
      1.350          9.698          109.867                13.222           18.629           24.000        140.22                         
      1.360          9.691          109.867                12.960           18.394           24.000        141.04                         
      1.370          9.684          109.866                12.691           18.153           24.000        141.87                         
      1.380          9.677          109.865                12.415           17.904           24.000        142.71                         
      1.390          9.671          109.864                12.131           17.647           24.000        143.57                         
      1.400          9.664          109.863                11.840           17.383           24.000        144.45                         
      1.410          9.657          109.862                11.540           17.111           24.000        145.33                         
      1.420          9.650          109.862                11.233           16.830           24.000        146.24                         
      1.430          9.643          109.861                10.917           16.541           24.000        147.16                         
      1.440          9.636          109.860                10.591           16.242           24.000        148.09                         
      1.450          9.629          109.859                10.257           15.934           24.000        149.05                         
      1.460          9.622          109.859                 9.913           15.616           24.000        150.02                         
      1.470          9.615          109.858                 9.560           15.289           24.000        151.01                         
      1.480          9.609          109.857                 9.196           14.950           24.000        152.02                         
      1.490          9.602          109.856                 8.821           14.601           24.000        153.05                         
      1.500          9.595          109.856                 8.436           14.240           24.000        154.11                         
      1.510          9.589          109.855                 8.039           13.868           24.000        155.18                         
      1.520          9.582          109.854                 7.631           13.484           24.000        156.28                         
      1.530          9.576          109.854                 7.211           13.087           24.000        157.40                         
      1.540          9.569          109.853                 6.778           12.677           24.000        158.55                         
      1.550          9.563          109.853                 6.333           12.254           24.000        159.72                         
      1.560          9.557          109.852                 5.875           11.817           24.000        160.92                         
      1.570          9.551          109.851                 5.403           11.365           24.000        162.14                         
      1.580          9.545          109.851                 4.917           10.899           24.000        163.40                         
      1.590          9.539          109.851                 4.417           10.418           24.000        164.68                         
      1.600          9.534          109.850                 3.902            9.921           24.000        166.00                         
      1.610          9.528          109.850                 3.373            9.407           24.000        167.34                         
      1.620          9.523          109.850                 2.828            8.878           24.000        168.72                         
      1.630          9.519          109.849                 2.267            8.331           24.000        170.14                         
      1.640          9.514          109.849                 1.691            7.767           24.000        171.59                         
      1.650          9.510          109.849                 1.099            7.185           24.000        173.07                         
      1.660          9.506          109.849                 0.490            6.584           24.000        174.59                         
      1.670          9.503          109.849                -0.136            5.965           24.000        176.16                         
      1.680          9.500          109.849                -0.778            5.328           24.000        177.76                         
      1.690          9.498          109.849                -1.437            4.671           24.000        179.41                         
      1.700          9.496          109.850                -2.112            3.994           24.000        181.09                         
      1.710          9.494          109.850                -2.805            3.299           24.000        182.83                         
      1.720          9.494          109.851                -3.514            2.583           24.000        184.61                         
      1.730          9.494          109.851                -4.239            1.848           24.000        186.44                         
      1.740          9.495          109.852                -4.981            1.094           24.000        188.32                         
      1.750          9.496          109.853                -5.738            0.320           24.000        190.25                         
      1.760          9.498          109.854                -6.509           -0.472           24.000        192.23                         
      1.770          9.502          109.855                -7.296           -1.284           24.000        194.27                         
      1.780          9.506          109.856                -8.095           -2.112           24.000        196.37                         
      1.790          9.512          109.858                -8.906           -2.958           24.000        198.52                         
      1.800          9.518          109.860                -9.728           -3.820           24.000        200.74                         
      1.810          9.526          109.861               -10.560           -4.697           24.000        203.02                         
      1.820          9.535          109.864               -11.398           -5.586           24.000        205.36                         
      1.830          9.545          109.866               -12.242           -6.487           24.000        207.77                         
      1.840          9.557          109.868               -13.088           -7.398           24.000        210.24                         
      1.850          9.571          109.871               -13.934           -8.315           24.000        212.79                         
      1.860          9.586          109.874               -14.777           -9.236           24.000        215.41                         
      1.870          9.603          109.878               -15.613          -10.158           24.000        218.11                         
      1.880          9.621          109.881               -16.439          -11.078           24.000        220.88                         
      1.890          9.642          109.885               -17.249          -11.990           24.000        223.73                         
      1.900          9.664          109.889               -18.040          -12.892           24.000        226.66                         
      1.910          9.689          109.893               -18.806          -13.777           24.000        229.68                         
      1.920          9.715          109.898               -19.541          -14.640           24.000        232.77                         
      1.930          9.744          109.903               -20.238          -15.475           24.000        235.96                         
      1.940          9.774          109.909               -20.893          -16.277           24.000        239.23                         
      1.950          9.807          109.914               -21.496          -17.036           24.000        242.59                         
      1.960          9.841          109.920               -22.041          -17.747           24.000        246.05                         
      1.970          9.878          109.926               -22.521          -18.401           24.000        249.60                         
      1.980          9.917          109.933               -22.926          -18.989           24.000        253.24                         
      1.990          9.958          109.939               -23.248          -19.503           24.000        256.97                         
      2.000         10.000          109.946               -23.479          -19.934           24.000        260.81                         

