  ¬рем€            U                U                Pij              –г               –т г             ”гол рот         ќтн угол U       
                   601              1002             1001             601              601              601              601              
                                                     1002                                                                                 
                                                     1                                                                                    

                    10.500          110.000                10.037           21.600           21.600         51.56                         
      0.010         10.500          110.000                10.037           21.600           21.600         51.56                         
      0.020         10.500          110.000                10.037           21.600           21.600         51.56                         
      0.030         10.500          110.000                10.037           21.600           21.600         51.56                         
      0.040         10.500          110.000                10.037           21.600           21.600         51.56                         
      0.050         10.500          110.000                10.037           21.600           21.600         51.56                         
      0.060         10.500          110.000                10.037           21.600           21.600         51.56                         
      0.070         10.500          110.000                10.037           21.600           21.600         51.56                         
      0.080         10.500          110.000                10.037           21.600           21.600         51.56                         
      0.090         10.500          110.000                10.037           21.600           21.600         51.56                         
      0.100         10.500          110.000                10.037           21.600           21.600         51.56                         
      0.100          9.828          109.311                -0.001            3.025           21.600         51.56                         
      0.110          9.828          109.311                -0.001            3.025           21.600         51.58                         
      0.120          9.828          109.311                -0.001            3.025           21.600         51.64                         
      0.130          9.828          109.311                -0.001            3.025           21.600         51.75                         
      0.140          9.828          109.311                -0.001            3.025           21.600         51.91                         
      0.150          9.828          109.311                -0.001            3.025           21.600         52.10                         
      0.160          9.828          109.311                -0.001            3.025           21.600         52.34                         
      0.170          9.828          109.311                -0.001            3.025           21.600         52.62                         
      0.180          9.828          109.311                -0.001            3.025           21.600         52.94                         
      0.190          9.828          109.311                -0.001            3.025           21.600         53.30                         
      0.200          9.828          109.311                -0.001            3.025           21.600         53.71                         
      0.210          9.828          109.311                -0.001            3.025           21.600         54.16                         
      0.220          9.828          109.311                -0.001            3.025           21.600         54.64                         
      0.230          9.828          109.311                -0.001            3.025           21.600         55.17                         
      0.240          9.828          109.311                -0.001            3.025           21.600         55.74                         
      0.250          9.828          109.311                -0.001            3.025           21.600         56.35                         
      0.260          9.828          109.311                -0.001            3.025           21.600         57.01                         
      0.260         10.492          109.989                18.917           20.316           21.600         57.01                         
      0.270         10.486          109.988                19.052           20.481           21.600         57.68                         
      0.280         10.480          109.987                19.183           20.642           21.600         58.35                         
      0.290         10.474          109.985                19.312           20.801           21.600         59.02                         
      0.300         10.468          109.984                19.438           20.958           21.600         59.69                         
      0.310         10.462          109.983                19.561           21.111           21.600         60.36                         
      0.320         10.456          109.982                19.681           21.262           21.600         61.03                         
      0.330         10.450          109.981                19.798           21.410           21.600         61.69                         
      0.340         10.444          109.980                19.912           21.555           21.600         62.36                         
      0.350         10.438          109.979                20.023           21.697           21.600         63.02                         
      0.360         10.432          109.978                20.131           21.836           21.600         63.69                         
      0.370         10.426          109.977                20.236           21.972           21.600         64.35                         
      0.380         10.420          109.975                20.337           22.105           21.600         65.00                         
      0.390         10.413          109.974                20.436           22.235           21.600         65.66                         
      0.400         10.407          109.973                20.531           22.362           21.600         66.31                         
      0.410         10.401          109.972                20.624           22.486           21.600         66.96                         
      0.420         10.394          109.971                20.713           22.607           21.600         67.61                         
      0.430         10.388          109.970                20.799           22.724           21.600         68.26                         
      0.440         10.382          109.969                20.882           22.839           21.600         68.90                         
      0.450         10.376          109.968                20.961           22.950           21.600         69.54                         
      0.460         10.369          109.967                21.038           23.058           21.600         70.17                         
      0.470         10.363          109.965                21.111           23.163           21.600         70.80                         
      0.480         10.357          109.964                21.182           23.264           21.600         71.43                         
      0.490         10.350          109.963                21.249           23.363           21.600         72.05                         
      0.500         10.344          109.962                21.314           23.458           21.600         72.66                         
      0.510         10.338          109.961                21.375           23.550           21.600         73.28                         
      0.520         10.331          109.960                21.433           23.639           21.600         73.88                         
      0.530         10.325          109.959                21.489           23.725           21.600         74.49                         
      0.540         10.319          109.958                21.541           23.808           21.600         75.08                         
      0.550         10.313          109.957                21.591           23.888           21.600         75.68                         
      0.560         10.307          109.956                21.637           23.965           21.600         76.26                         
      0.570         10.301          109.955                21.682           24.039           21.600         76.84                         
      0.580         10.295          109.954                21.723           24.110           21.600         77.42                         
      0.590         10.288          109.953                21.762           24.178           21.600         77.99                         
      0.600         10.282          109.952                21.798           24.243           21.600         78.55                         
      0.610         10.277          109.951                21.831           24.305           21.600         79.11                         
      0.620         10.271          109.950                21.862           24.365           21.600         79.66                         
      0.630         10.265          109.949                21.891           24.422           21.600         80.21                         
      0.640         10.259          109.948                21.918           24.476           21.600         80.75                         
      0.650         10.253          109.947                21.942           24.528           21.600         81.28                         
      0.660         10.247          109.946                21.964           24.578           21.600         81.80                         
      0.670         10.242          109.945                21.983           24.624           21.600         82.32                         
      0.680         10.236          109.944                22.001           24.669           21.600         82.83                         
      0.690         10.231          109.943                22.016           24.711           21.600         83.34                         
      0.700         10.225          109.942                22.030           24.751           21.600         83.84                         
      0.710         10.220          109.941                22.042           24.788           21.600         84.33                         
      0.720         10.215          109.940                22.052           24.823           21.600         84.81                         
      0.730         10.209          109.939                22.060           24.857           21.600         85.29                         
      0.740         10.204          109.939                22.067           24.888           21.600         85.76                         
      0.750         10.199          109.938                22.072           24.917           21.600         86.22                         
      0.760         10.194          109.937                22.075           24.945           21.600         86.68                         
      0.770         10.189          109.936                22.077           24.970           21.600         87.12                         
      0.780         10.184          109.935                22.078           24.994           21.600         87.56                         
      0.790         10.179          109.935                22.077           25.016           21.600         88.00                         
      0.800         10.174          109.934                22.075           25.037           21.600         88.42                         
      0.810         10.170          109.933                22.072           25.055           21.600         88.84                         
      0.820         10.165          109.932                22.068           25.073           21.600         89.25                         
      0.830         10.161          109.932                22.063           25.089           21.600         89.65                         
      0.840         10.156          109.931                22.056           25.103           21.600         90.04                         
      0.850         10.152          109.930                22.049           25.116           21.600         90.43                         
      0.860         10.148          109.929                22.041           25.128           21.600         90.81                         
      0.870         10.143          109.929                22.032           25.139           21.600         91.18                         
      0.880         10.139          109.928                22.023           25.148           21.600         91.54                         
      0.890         10.135          109.927                22.012           25.157           21.600         91.90                         
      0.900         10.131          109.927                22.001           25.164           21.600         92.25                         
      0.910         10.128          109.926                21.990           25.171           21.600         92.59                         
      0.920         10.124          109.926                21.978           25.176           21.600         92.92                         
      0.930         10.120          109.925                21.965           25.181           21.600         93.25                         
      0.940         10.117          109.924                21.953           25.185           21.600         93.56                         
      0.950         10.113          109.924                21.939           25.188           21.600         93.87                         
      0.960         10.110          109.923                21.926           25.190           21.600         94.17                         
      0.970         10.106          109.923                21.912           25.192           21.600         94.47                         
      0.980         10.103          109.922                21.898           25.193           21.600         94.75                         
      0.990         10.100          109.922                21.884           25.193           21.600         95.03                         
      1.000         10.097          109.921                21.870           25.193           21.600         95.30                         
      1.010         10.094          109.921                21.855           25.193           21.600         95.56                         
      1.020         10.091          109.920                21.841           25.192           21.600         95.82                         
      1.030         10.088          109.920                21.827           25.190           21.600         96.06                         
      1.040         10.085          109.920                21.813           25.189           21.600         96.30                         
      1.050         10.083          109.919                21.798           25.186           21.600         96.53                         
      1.060         10.080          109.919                21.784           25.184           21.600         96.76                         
      1.070         10.078          109.918                21.770           25.182           21.600         96.97                         
      1.080         10.075          109.918                21.757           25.179           21.600         97.18                         
      1.090         10.073          109.918                21.743           25.176           21.600         97.38                         
      1.100         10.071          109.917                21.730           25.173           21.600         97.57                         
      1.110         10.069          109.917                21.717           25.169           21.600         97.76                         
      1.120         10.067          109.917                21.705           25.166           21.600         97.94                         
      1.130         10.065          109.916                21.692           25.163           21.600         98.10                         
      1.140         10.063          109.916                21.680           25.159           21.600         98.27                         
      1.150         10.061          109.916                21.669           25.156           21.600         98.42                         
      1.160         10.060          109.916                21.658           25.152           21.600         98.57                         
      1.170         10.058          109.915                21.647           25.149           21.600         98.71                         
      1.180         10.057          109.915                21.637           25.146           21.600         98.84                         
      1.190         10.055          109.915                21.628           25.142           21.600         98.96                         
      1.200         10.054          109.915                21.618           25.139           21.600         99.08                         
      1.210         10.053          109.915                21.610           25.136           21.600         99.18                         
      1.220         10.052          109.914                21.602           25.133           21.600         99.28                         
      1.230         10.050          109.914                21.594           25.131           21.600         99.38                         
      1.240         10.050          109.914                21.587           25.128           21.600         99.46                         
      1.250         10.049          109.914                21.581           25.126           21.600         99.54                         
      1.260         10.048          109.914                21.575           25.124           21.600         99.61                         
      1.270         10.047          109.914                21.570           25.122           21.600         99.67                         
      1.280         10.047          109.914                21.565           25.120           21.600         99.73                         
      1.290         10.046          109.913                21.561           25.118           21.600         99.78                         
      1.300         10.046          109.913                21.558           25.117           21.600         99.82                         
      1.310         10.045          109.913                21.555           25.116           21.600         99.85                         
      1.320         10.045          109.913                21.553           25.115           21.600         99.87                         
      1.330         10.045          109.913                21.552           25.115           21.600         99.89                         
      1.340         10.045          109.913                21.551           25.114           21.600         99.90                         
      1.350         10.045          109.913                21.551           25.114           21.600         99.90                         
      1.360         10.045          109.913                21.551           25.114           21.600         99.89                         
      1.370         10.045          109.913                21.552           25.115           21.600         99.88                         
      1.380         10.045          109.913                21.554           25.116           21.600         99.86                         
      1.390         10.045          109.913                21.556           25.117           21.600         99.83                         
      1.400         10.046          109.913                21.559           25.118           21.600         99.80                         
      1.410         10.046          109.914                21.563           25.119           21.600         99.75                         
      1.420         10.047          109.914                21.567           25.121           21.600         99.70                         
      1.430         10.047          109.914                21.572           25.123           21.600         99.64                         
      1.440         10.048          109.914                21.578           25.125           21.600         99.58                         
      1.450         10.049          109.914                21.584           25.127           21.600         99.50                         
      1.460         10.050          109.914                21.591           25.129           21.600         99.42                         
      1.470         10.051          109.914                21.598           25.132           21.600         99.33                         
      1.480         10.052          109.914                21.606           25.135           21.600         99.23                         
      1.490         10.053          109.915                21.614           25.138           21.600         99.13                         
      1.500         10.055          109.915                21.623           25.141           21.600         99.02                         
      1.510         10.056          109.915                21.632           25.144           21.600         98.90                         
      1.520         10.057          109.915                21.642           25.147           21.600         98.77                         
      1.530         10.059          109.915                21.653           25.151           21.600         98.64                         
      1.540         10.061          109.916                21.663           25.154           21.600         98.49                         
      1.550         10.062          109.916                21.675           25.157           21.600         98.34                         
      1.560         10.064          109.916                21.686           25.161           21.600         98.19                         
      1.570         10.066          109.917                21.698           25.164           21.600         98.02                         
      1.580         10.068          109.917                21.711           25.168           21.600         97.85                         
      1.590         10.070          109.917                21.724           25.171           21.600         97.67                         
      1.600         10.072          109.918                21.737           25.174           21.600         97.48                         
      1.610         10.074          109.918                21.750           25.177           21.600         97.28                         
      1.620         10.077          109.918                21.764           25.180           21.600         97.08                         
      1.630         10.079          109.919                21.777           25.183           21.600         96.86                         
      1.640         10.082          109.919                21.791           25.185           21.600         96.65                         
      1.650         10.084          109.919                21.805           25.188           21.600         96.42                         
      1.660         10.087          109.920                21.820           25.189           21.600         96.18                         
      1.670         10.090          109.920                21.834           25.191           21.600         95.94                         
      1.680         10.092          109.921                21.848           25.192           21.600         95.69                         
      1.690         10.095          109.921                21.863           25.193           21.600         95.43                         
      1.700         10.098          109.922                21.877           25.193           21.600         95.17                         
      1.710         10.101          109.922                21.891           25.193           21.600         94.89                         
      1.720         10.105          109.923                21.905           25.192           21.600         94.61                         
      1.730         10.108          109.923                21.919           25.191           21.600         94.32                         
      1.740         10.111          109.924                21.933           25.189           21.600         94.02                         
      1.750         10.115          109.924                21.946           25.186           21.600         93.72                         
      1.760         10.118          109.925                21.959           25.183           21.600         93.41                         
      1.770         10.122          109.925                21.972           25.179           21.600         93.09                         
      1.780         10.126          109.926                21.984           25.174           21.600         92.76                         
      1.790         10.129          109.927                21.995           25.168           21.600         92.42                         
      1.800         10.133          109.927                22.007           25.161           21.600         92.08                         
      1.810         10.137          109.928                22.017           25.153           21.600         91.73                         
      1.820         10.141          109.928                22.027           25.144           21.600         91.37                         
      1.830         10.145          109.929                22.036           25.134           21.600         91.01                         
      1.840         10.150          109.930                22.045           25.123           21.600         90.63                         
      1.850         10.154          109.930                22.053           25.110           21.600         90.25                         
      1.860         10.158          109.931                22.059           25.097           21.600         89.86                         
      1.870         10.163          109.932                22.065           25.082           21.600         89.47                         
      1.880         10.167          109.933                22.070           25.065           21.600         89.06                         
      1.890         10.172          109.933                22.074           25.047           21.600         88.65                         
      1.900         10.177          109.934                22.076           25.028           21.600         88.23                         
      1.910         10.181          109.935                22.078           25.007           21.600         87.81                         
      1.920         10.186          109.936                22.078           24.984           21.600         87.37                         
      1.930         10.191          109.936                22.077           24.960           21.600         86.93                         
      1.940         10.196          109.937                22.074           24.933           21.600         86.49                         
      1.950         10.201          109.938                22.070           24.905           21.600         86.03                         
      1.960         10.206          109.939                22.064           24.876           21.600         85.57                         
      1.970         10.211          109.940                22.057           24.844           21.600         85.10                         
      1.980         10.217          109.941                22.048           24.810           21.600         84.63                         
      1.990         10.222          109.942                22.038           24.774           21.600         84.14                         
      2.000         10.227          109.942                22.025           24.736           21.600         83.65                         

