  ¬рем€            U                U                Pij              –г               –т г             ”гол рот         ќтн угол U       
                   601              1002             1001             601              601              601              601              
                                                     1002                                                                                 
                                                     1                                                                                    

                    10.500          110.000                 9.996           21.500           21.500         51.26                         
      0.010         10.500          110.000                 9.996           21.500           21.500         51.26                         
      0.020         10.500          110.000                 9.996           21.500           21.500         51.26                         
      0.030         10.500          110.000                 9.996           21.500           21.500         51.26                         
      0.040         10.500          110.000                 9.996           21.500           21.500         51.26                         
      0.050         10.500          110.000                 9.996           21.500           21.500         51.26                         
      0.060         10.500          110.000                 9.996           21.500           21.500         51.26                         
      0.070         10.500          110.000                 9.996           21.500           21.500         51.26                         
      0.080         10.500          110.000                 9.996           21.500           21.500         51.26                         
      0.090         10.500          110.000                 9.996           21.500           21.500         51.26                         
      0.100         10.500          110.000                 9.996           21.500           21.500         51.26                         
      0.100          9.825          109.311                -0.001            3.023           21.500         51.26                         
      0.110          9.825          109.311                -0.001            3.023           21.500         51.28                         
      0.120          9.825          109.311                -0.001            3.023           21.500         51.35                         
      0.130          9.825          109.311                -0.001            3.023           21.500         51.45                         
      0.140          9.825          109.311                -0.001            3.023           21.500         51.61                         
      0.150          9.825          109.311                -0.001            3.023           21.500         51.80                         
      0.160          9.825          109.311                -0.001            3.023           21.500         52.04                         
      0.170          9.825          109.311                -0.001            3.023           21.500         52.32                         
      0.180          9.825          109.311                -0.001            3.023           21.500         52.64                         
      0.190          9.825          109.311                -0.001            3.023           21.500         53.00                         
      0.200          9.825          109.311                -0.001            3.023           21.500         53.40                         
      0.210          9.825          109.311                -0.001            3.023           21.500         53.84                         
      0.220          9.825          109.311                -0.001            3.023           21.500         54.33                         
      0.230          9.825          109.311                -0.001            3.023           21.500         54.86                         
      0.240          9.825          109.311                -0.001            3.023           21.500         55.42                         
      0.250          9.825          109.311                -0.001            3.023           21.500         56.03                         
      0.260          9.825          109.311                -0.001            3.023           21.500         56.68                         
      0.260         10.492          109.989                18.845           20.230           21.500         56.68                         
      0.270         10.486          109.988                18.980           20.394           21.500         57.35                         
      0.280         10.480          109.987                19.113           20.556           21.500         58.02                         
      0.290         10.475          109.986                19.242           20.716           21.500         58.68                         
      0.300         10.469          109.984                19.369           20.872           21.500         59.35                         
      0.310         10.463          109.983                19.492           21.026           21.500         60.02                         
      0.320         10.457          109.982                19.613           21.178           21.500         60.68                         
      0.330         10.451          109.981                19.731           21.326           21.500         61.34                         
      0.340         10.445          109.980                19.846           21.471           21.500         62.01                         
      0.350         10.439          109.979                19.957           21.614           21.500         62.67                         
      0.360         10.433          109.978                20.066           21.754           21.500         63.32                         
      0.370         10.426          109.977                20.172           21.891           21.500         63.98                         
      0.380         10.420          109.976                20.274           22.024           21.500         64.63                         
      0.390         10.414          109.975                20.374           22.155           21.500         65.29                         
      0.400         10.408          109.973                20.470           22.283           21.500         65.94                         
      0.410         10.402          109.972                20.564           22.407           21.500         66.58                         
      0.420         10.396          109.971                20.654           22.528           21.500         67.23                         
      0.430         10.389          109.970                20.741           22.647           21.500         67.87                         
      0.440         10.383          109.969                20.825           22.762           21.500         68.50                         
      0.450         10.377          109.968                20.906           22.874           21.500         69.14                         
      0.460         10.371          109.967                20.983           22.983           21.500         69.77                         
      0.470         10.364          109.966                21.058           23.088           21.500         70.39                         
      0.480         10.358          109.965                21.130           23.191           21.500         71.01                         
      0.490         10.352          109.963                21.198           23.290           21.500         71.63                         
      0.500         10.346          109.962                21.264           23.386           21.500         72.24                         
      0.510         10.339          109.961                21.326           23.480           21.500         72.85                         
      0.520         10.333          109.960                21.386           23.570           21.500         73.46                         
      0.530         10.327          109.959                21.443           23.657           21.500         74.05                         
      0.540         10.321          109.958                21.496           23.740           21.500         74.65                         
      0.550         10.315          109.957                21.547           23.821           21.500         75.23                         
      0.560         10.309          109.956                21.596           23.899           21.500         75.82                         
      0.570         10.303          109.955                21.641           23.974           21.500         76.39                         
      0.580         10.297          109.954                21.684           24.046           21.500         76.96                         
      0.590         10.291          109.953                21.724           24.115           21.500         77.53                         
      0.600         10.285          109.952                21.762           24.182           21.500         78.09                         
      0.610         10.279          109.951                21.797           24.245           21.500         78.64                         
      0.620         10.273          109.950                21.829           24.306           21.500         79.18                         
      0.630         10.267          109.949                21.859           24.364           21.500         79.72                         
      0.640         10.262          109.948                21.887           24.420           21.500         80.26                         
      0.650         10.256          109.947                21.913           24.473           21.500         80.78                         
      0.660         10.250          109.946                21.936           24.523           21.500         81.30                         
      0.670         10.245          109.945                21.958           24.571           21.500         81.82                         
      0.680         10.239          109.944                21.977           24.617           21.500         82.32                         
      0.690         10.234          109.943                21.994           24.660           21.500         82.82                         
      0.700         10.228          109.943                22.009           24.701           21.500         83.31                         
      0.710         10.223          109.942                22.023           24.740           21.500         83.80                         
      0.720         10.218          109.941                22.034           24.777           21.500         84.28                         
      0.730         10.213          109.940                22.044           24.811           21.500         84.75                         
      0.740         10.208          109.939                22.052           24.844           21.500         85.21                         
      0.750         10.202          109.938                22.059           24.874           21.500         85.66                         
      0.760         10.198          109.937                22.064           24.903           21.500         86.11                         
      0.770         10.193          109.937                22.068           24.930           21.500         86.55                         
      0.780         10.188          109.936                22.070           24.955           21.500         86.98                         
      0.790         10.183          109.935                22.071           24.979           21.500         87.41                         
      0.800         10.178          109.934                22.071           25.000           21.500         87.83                         
      0.810         10.174          109.934                22.070           25.020           21.500         88.24                         
      0.820         10.169          109.933                22.067           25.039           21.500         88.64                         
      0.830         10.165          109.932                22.064           25.056           21.500         89.03                         
      0.840         10.161          109.931                22.059           25.072           21.500         89.42                         
      0.850         10.156          109.931                22.054           25.087           21.500         89.80                         
      0.860         10.152          109.930                22.048           25.100           21.500         90.17                         
      0.870         10.148          109.929                22.041           25.112           21.500         90.53                         
      0.880         10.144          109.929                22.033           25.123           21.500         90.89                         
      0.890         10.140          109.928                22.024           25.133           21.500         91.23                         
      0.900         10.136          109.928                22.015           25.142           21.500         91.57                         
      0.910         10.133          109.927                22.006           25.150           21.500         91.90                         
      0.920         10.129          109.926                21.995           25.156           21.500         92.23                         
      0.930         10.125          109.926                21.985           25.162           21.500         92.54                         
      0.940         10.122          109.925                21.974           25.168           21.500         92.85                         
      0.950         10.119          109.925                21.963           25.172           21.500         93.15                         
      0.960         10.115          109.924                21.951           25.176           21.500         93.44                         
      0.970         10.112          109.924                21.939           25.179           21.500         93.72                         
      0.980         10.109          109.923                21.927           25.181           21.500         94.00                         
      0.990         10.106          109.923                21.915           25.183           21.500         94.27                         
      1.000         10.103          109.922                21.903           25.185           21.500         94.53                         
      1.010         10.100          109.922                21.890           25.185           21.500         94.78                         
      1.020         10.097          109.921                21.878           25.186           21.500         95.02                         
      1.030         10.095          109.921                21.866           25.186           21.500         95.26                         
      1.040         10.092          109.921                21.853           25.185           21.500         95.48                         
      1.050         10.090          109.920                21.841           25.185           21.500         95.70                         
      1.060         10.087          109.920                21.829           25.184           21.500         95.91                         
      1.070         10.085          109.919                21.817           25.183           21.500         96.12                         
      1.080         10.083          109.919                21.805           25.181           21.500         96.31                         
      1.090         10.081          109.919                21.794           25.179           21.500         96.50                         
      1.100         10.079          109.918                21.783           25.178           21.500         96.68                         
      1.110         10.077          109.918                21.772           25.176           21.500         96.85                         
      1.120         10.075          109.918                21.761           25.174           21.500         97.01                         
      1.130         10.073          109.918                21.751           25.171           21.500         97.17                         
      1.140         10.071          109.917                21.741           25.169           21.500         97.32                         
      1.150         10.070          109.917                21.732           25.167           21.500         97.46                         
      1.160         10.068          109.917                21.723           25.165           21.500         97.59                         
      1.170         10.067          109.917                21.714           25.163           21.500         97.71                         
      1.180         10.065          109.916                21.706           25.161           21.500         97.83                         
      1.190         10.064          109.916                21.698           25.159           21.500         97.94                         
      1.200         10.063          109.916                21.691           25.157           21.500         98.04                         
      1.210         10.062          109.916                21.684           25.155           21.500         98.13                         
      1.220         10.061          109.916                21.678           25.153           21.500         98.22                         
      1.230         10.060          109.916                21.672           25.151           21.500         98.29                         
      1.240         10.059          109.915                21.667           25.150           21.500         98.36                         
      1.250         10.059          109.915                21.662           25.148           21.500         98.42                         
      1.260         10.058          109.915                21.658           25.147           21.500         98.48                         
      1.270         10.058          109.915                21.655           25.146           21.500         98.52                         
      1.280         10.057          109.915                21.652           25.145           21.500         98.56                         
      1.290         10.057          109.915                21.650           25.144           21.500         98.59                         
      1.300         10.057          109.915                21.648           25.144           21.500         98.61                         
      1.310         10.056          109.915                21.647           25.144           21.500         98.62                         
      1.320         10.056          109.915                21.647           25.143           21.500         98.63                         
      1.330         10.056          109.915                21.647           25.143           21.500         98.63                         
      1.340         10.056          109.915                21.648           25.144           21.500         98.62                         
      1.350         10.057          109.915                21.649           25.144           21.500         98.60                         
      1.360         10.057          109.915                21.651           25.145           21.500         98.58                         
      1.370         10.057          109.915                21.653           25.145           21.500         98.54                         
      1.380         10.058          109.915                21.657           25.146           21.500         98.50                         
      1.390         10.058          109.915                21.660           25.148           21.500         98.45                         
      1.400         10.059          109.915                21.665           25.149           21.500         98.40                         
      1.410         10.060          109.916                21.669           25.150           21.500         98.33                         
      1.420         10.061          109.916                21.675           25.152           21.500         98.26                         
      1.430         10.061          109.916                21.681           25.154           21.500         98.18                         
      1.440         10.062          109.916                21.687           25.155           21.500         98.09                         
      1.450         10.064          109.916                21.694           25.157           21.500         97.99                         
      1.460         10.065          109.916                21.702           25.159           21.500         97.89                         
      1.470         10.066          109.916                21.709           25.162           21.500         97.78                         
      1.480         10.067          109.917                21.718           25.164           21.500         97.66                         
      1.490         10.069          109.917                21.727           25.166           21.500         97.53                         
      1.500         10.070          109.917                21.736           25.168           21.500         97.39                         
      1.510         10.072          109.917                21.746           25.170           21.500         97.25                         
      1.520         10.074          109.918                21.756           25.172           21.500         97.10                         
      1.530         10.076          109.918                21.766           25.175           21.500         96.94                         
      1.540         10.077          109.918                21.777           25.177           21.500         96.77                         
      1.550         10.079          109.919                21.788           25.178           21.500         96.60                         
      1.560         10.082          109.919                21.799           25.180           21.500         96.41                         
      1.570         10.084          109.919                21.811           25.182           21.500         96.22                         
      1.580         10.086          109.920                21.823           25.183           21.500         96.02                         
      1.590         10.088          109.920                21.835           25.184           21.500         95.82                         
      1.600         10.091          109.920                21.847           25.185           21.500         95.60                         
      1.610         10.093          109.921                21.859           25.186           21.500         95.38                         
      1.620         10.096          109.921                21.871           25.186           21.500         95.15                         
      1.630         10.099          109.922                21.884           25.186           21.500         94.91                         
      1.640         10.101          109.922                21.896           25.185           21.500         94.66                         
      1.650         10.104          109.922                21.908           25.184           21.500         94.41                         
      1.660         10.107          109.923                21.921           25.182           21.500         94.14                         
      1.670         10.110          109.923                21.933           25.180           21.500         93.87                         
      1.680         10.114          109.924                21.945           25.178           21.500         93.60                         
      1.690         10.117          109.924                21.956           25.174           21.500         93.31                         
      1.700         10.120          109.925                21.968           25.170           21.500         93.02                         
      1.710         10.124          109.926                21.979           25.165           21.500         92.71                         
      1.720         10.127          109.926                21.990           25.160           21.500         92.40                         
      1.730         10.131          109.927                22.000           25.154           21.500         92.09                         
      1.740         10.134          109.927                22.010           25.146           21.500         91.76                         
      1.750         10.138          109.928                22.019           25.138           21.500         91.43                         
      1.760         10.142          109.928                22.028           25.129           21.500         91.08                         
      1.770         10.146          109.929                22.036           25.119           21.500         90.74                         
      1.780         10.150          109.930                22.044           25.107           21.500         90.38                         
      1.790         10.154          109.930                22.050           25.095           21.500         90.01                         
      1.800         10.158          109.931                22.056           25.081           21.500         89.64                         
      1.810         10.162          109.932                22.061           25.066           21.500         89.26                         
      1.820         10.167          109.932                22.065           25.050           21.500         88.87                         
      1.830         10.171          109.933                22.068           25.032           21.500         88.48                         
      1.840         10.176          109.934                22.070           25.013           21.500         88.08                         
      1.850         10.180          109.935                22.071           24.992           21.500         87.67                         
      1.860         10.185          109.935                22.071           24.970           21.500         87.25                         
      1.870         10.190          109.936                22.070           24.946           21.500         86.82                         
      1.880         10.194          109.937                22.067           24.920           21.500         86.39                         
      1.890         10.199          109.938                22.063           24.893           21.500         85.95                         
      1.900         10.204          109.939                22.057           24.864           21.500         85.50                         
      1.910         10.209          109.939                22.050           24.833           21.500         85.05                         
      1.920         10.214          109.940                22.041           24.800           21.500         84.59                         
      1.930         10.220          109.941                22.031           24.765           21.500         84.12                         
      1.940         10.225          109.942                22.018           24.728           21.500         83.64                         
      1.950         10.230          109.943                22.005           24.689           21.500         83.16                         
      1.960         10.235          109.944                21.989           24.647           21.500         82.67                         
      1.970         10.241          109.945                21.971           24.604           21.500         82.18                         
      1.980         10.246          109.945                21.952           24.558           21.500         81.67                         
      1.990         10.252          109.946                21.930           24.510           21.500         81.16                         
      2.000         10.257          109.947                21.906           24.460           21.500         80.65                         

