  ¬рем€            U                U                Pij              –г               –т г             ”гол рот         ќтн угол U       
                   601              1002             1001             601              601              601              601              
                                                     1002                                                                                 
                                                     1                                                                                    

                    10.500          110.000                 9.954           21.400           21.400         50.96                         
      0.010         10.500          110.000                 9.954           21.400           21.400         50.96                         
      0.020         10.500          110.000                 9.954           21.400           21.400         50.96                         
      0.030         10.500          110.000                 9.954           21.400           21.400         50.96                         
      0.040         10.500          110.000                 9.954           21.400           21.400         50.96                         
      0.050         10.500          110.000                 9.954           21.400           21.400         50.96                         
      0.060         10.500          110.000                 9.954           21.400           21.400         50.96                         
      0.070         10.500          110.000                 9.954           21.400           21.400         50.96                         
      0.080         10.500          110.000                 9.954           21.400           21.400         50.96                         
      0.090         10.500          110.000                 9.954           21.400           21.400         50.96                         
      0.100         10.500          110.000                 9.954           21.400           21.400         50.96                         
      0.100          9.823          109.310                -0.001            3.022           21.400         50.96                         
      0.110          9.823          109.310                -0.001            3.022           21.400         50.99                         
      0.120          9.823          109.310                -0.001            3.022           21.400         51.05                         
      0.130          9.823          109.310                -0.001            3.022           21.400         51.16                         
      0.140          9.823          109.310                -0.001            3.022           21.400         51.31                         
      0.150          9.823          109.310                -0.001            3.022           21.400         51.50                         
      0.160          9.823          109.310                -0.001            3.022           21.400         51.74                         
      0.170          9.823          109.310                -0.001            3.022           21.400         52.01                         
      0.180          9.823          109.310                -0.001            3.022           21.400         52.33                         
      0.190          9.823          109.310                -0.001            3.022           21.400         52.69                         
      0.200          9.823          109.310                -0.001            3.022           21.400         53.09                         
      0.210          9.823          109.310                -0.001            3.022           21.400         53.54                         
      0.220          9.823          109.310                -0.001            3.022           21.400         54.02                         
      0.230          9.823          109.310                -0.001            3.022           21.400         54.54                         
      0.240          9.823          109.310                -0.001            3.022           21.400         55.11                         
      0.250          9.823          109.310                -0.001            3.022           21.400         55.71                         
      0.260          9.823          109.310                -0.001            3.022           21.400         56.36                         
      0.260         10.492          109.989                18.773           20.143           21.400         56.36                         
      0.270         10.486          109.988                18.909           20.308           21.400         57.02                         
      0.280         10.481          109.987                19.042           20.470           21.400         57.68                         
      0.290         10.475          109.986                19.172           20.630           21.400         58.35                         
      0.300         10.469          109.984                19.299           20.787           21.400         59.01                         
      0.310         10.463          109.983                19.423           20.941           21.400         59.67                         
      0.320         10.457          109.982                19.545           21.093           21.400         60.33                         
      0.330         10.451          109.981                19.663           21.242           21.400         60.99                         
      0.340         10.445          109.980                19.779           21.388           21.400         61.65                         
      0.350         10.439          109.979                19.891           21.531           21.400         62.31                         
      0.360         10.433          109.978                20.001           21.671           21.400         62.96                         
      0.370         10.427          109.977                20.107           21.808           21.400         63.62                         
      0.380         10.421          109.976                20.211           21.943           21.400         64.27                         
      0.390         10.415          109.975                20.311           22.074           21.400         64.91                         
      0.400         10.409          109.974                20.409           22.202           21.400         65.56                         
      0.410         10.403          109.972                20.503           22.327           21.400         66.20                         
      0.420         10.397          109.971                20.594           22.450           21.400         66.84                         
      0.430         10.390          109.970                20.682           22.569           21.400         67.48                         
      0.440         10.384          109.969                20.767           22.685           21.400         68.11                         
      0.450         10.378          109.968                20.849           22.797           21.400         68.74                         
      0.460         10.372          109.967                20.928           22.907           21.400         69.37                         
      0.470         10.366          109.966                21.004           23.013           21.400         69.99                         
      0.480         10.360          109.965                21.077           23.117           21.400         70.61                         
      0.490         10.353          109.964                21.146           23.217           21.400         71.22                         
      0.500         10.347          109.963                21.213           23.314           21.400         71.83                         
      0.510         10.341          109.962                21.277           23.408           21.400         72.43                         
      0.520         10.335          109.961                21.338           23.499           21.400         73.03                         
      0.530         10.329          109.959                21.396           23.587           21.400         73.62                         
      0.540         10.323          109.958                21.451           23.672           21.400         74.21                         
      0.550         10.317          109.957                21.503           23.754           21.400         74.79                         
      0.560         10.311          109.956                21.553           23.833           21.400         75.37                         
      0.570         10.305          109.955                21.599           23.909           21.400         75.94                         
      0.580         10.299          109.954                21.643           23.982           21.400         76.51                         
      0.590         10.293          109.953                21.685           24.052           21.400         77.07                         
      0.600         10.287          109.952                21.724           24.119           21.400         77.62                         
      0.610         10.281          109.951                21.760           24.184           21.400         78.17                         
      0.620         10.276          109.950                21.794           24.246           21.400         78.71                         
      0.630         10.270          109.949                21.826           24.305           21.400         79.24                         
      0.640         10.264          109.948                21.855           24.362           21.400         79.77                         
      0.650         10.259          109.947                21.883           24.416           21.400         80.29                         
      0.660         10.253          109.947                21.907           24.468           21.400         80.80                         
      0.670         10.248          109.946                21.930           24.517           21.400         81.31                         
      0.680         10.242          109.945                21.951           24.564           21.400         81.81                         
      0.690         10.237          109.944                21.970           24.608           21.400         82.31                         
      0.700         10.231          109.943                21.986           24.650           21.400         82.79                         
      0.710         10.226          109.942                22.001           24.690           21.400         83.27                         
      0.720         10.221          109.941                22.015           24.728           21.400         83.74                         
      0.730         10.216          109.940                22.026           24.764           21.400         84.20                         
      0.740         10.211          109.940                22.036           24.798           21.400         84.66                         
      0.750         10.206          109.939                22.044           24.830           21.400         85.11                         
      0.760         10.201          109.938                22.051           24.860           21.400         85.55                         
      0.770         10.196          109.937                22.056           24.888           21.400         85.98                         
      0.780         10.192          109.936                22.060           24.914           21.400         86.41                         
      0.790         10.187          109.936                22.063           24.939           21.400         86.83                         
      0.800         10.182          109.935                22.065           24.962           21.400         87.24                         
      0.810         10.178          109.934                22.065           24.983           21.400         87.64                         
      0.820         10.173          109.933                22.064           25.003           21.400         88.03                         
      0.830         10.169          109.933                22.062           25.022           21.400         88.42                         
      0.840         10.165          109.932                22.060           25.039           21.400         88.80                         
      0.850         10.161          109.931                22.056           25.055           21.400         89.17                         
      0.860         10.157          109.931                22.051           25.069           21.400         89.53                         
      0.870         10.153          109.930                22.046           25.083           21.400         89.89                         
      0.880         10.149          109.929                22.040           25.095           21.400         90.23                         
      0.890         10.145          109.929                22.033           25.106           21.400         90.57                         
      0.900         10.141          109.928                22.026           25.116           21.400         90.90                         
      0.910         10.138          109.928                22.018           25.125           21.400         91.22                         
      0.920         10.134          109.927                22.010           25.134           21.400         91.54                         
      0.930         10.131          109.927                22.001           25.141           21.400         91.84                         
      0.940         10.127          109.926                21.992           25.147           21.400         92.14                         
      0.950         10.124          109.926                21.982           25.153           21.400         92.43                         
      0.960         10.121          109.925                21.973           25.158           21.400         92.71                         
      0.970         10.118          109.925                21.962           25.162           21.400         92.99                         
      0.980         10.115          109.924                21.952           25.166           21.400         93.25                         
      0.990         10.112          109.924                21.942           25.169           21.400         93.51                         
      1.000         10.109          109.923                21.931           25.172           21.400         93.76                         
      1.010         10.106          109.923                21.921           25.174           21.400         94.00                         
      1.020         10.104          109.922                21.910           25.176           21.400         94.23                         
      1.030         10.101          109.922                21.900           25.177           21.400         94.45                         
      1.040         10.099          109.922                21.889           25.178           21.400         94.67                         
      1.050         10.096          109.921                21.879           25.178           21.400         94.88                         
      1.060         10.094          109.921                21.869           25.178           21.400         95.08                         
      1.070         10.092          109.920                21.859           25.178           21.400         95.27                         
      1.080         10.090          109.920                21.849           25.178           21.400         95.45                         
      1.090         10.088          109.920                21.839           25.178           21.400         95.63                         
      1.100         10.086          109.920                21.830           25.177           21.400         95.80                         
      1.110         10.084          109.919                21.820           25.176           21.400         95.95                         
      1.120         10.082          109.919                21.812           25.175           21.400         96.10                         
      1.130         10.081          109.919                21.803           25.174           21.400         96.25                         
      1.140         10.079          109.918                21.795           25.173           21.400         96.38                         
      1.150         10.078          109.918                21.787           25.172           21.400         96.51                         
      1.160         10.077          109.918                21.780           25.171           21.400         96.63                         
      1.170         10.075          109.918                21.773           25.170           21.400         96.74                         
      1.180         10.074          109.918                21.766           25.168           21.400         96.84                         
      1.190         10.073          109.918                21.760           25.167           21.400         96.93                         
      1.200         10.072          109.917                21.755           25.166           21.400         97.02                         
      1.210         10.071          109.917                21.750           25.165           21.400         97.09                         
      1.220         10.070          109.917                21.745           25.164           21.400         97.16                         
      1.230         10.070          109.917                21.741           25.163           21.400         97.22                         
      1.240         10.069          109.917                21.738           25.163           21.400         97.28                         
      1.250         10.069          109.917                21.735           25.162           21.400         97.32                         
      1.260         10.068          109.917                21.732           25.161           21.400         97.36                         
      1.270         10.068          109.917                21.730           25.161           21.400         97.39                         
      1.280         10.068          109.917                21.729           25.161           21.400         97.41                         
      1.290         10.067          109.917                21.728           25.160           21.400         97.42                         
      1.300         10.067          109.917                21.728           25.160           21.400         97.43                         
      1.310         10.067          109.917                21.728           25.160           21.400         97.42                         
      1.320         10.068          109.917                21.729           25.160           21.400         97.41                         
      1.330         10.068          109.917                21.730           25.161           21.400         97.39                         
      1.340         10.068          109.917                21.732           25.161           21.400         97.36                         
      1.350         10.069          109.917                21.734           25.162           21.400         97.33                         
      1.360         10.069          109.917                21.737           25.162           21.400         97.28                         
      1.370         10.070          109.917                21.741           25.163           21.400         97.23                         
      1.380         10.070          109.917                21.745           25.164           21.400         97.17                         
      1.390         10.071          109.917                21.749           25.165           21.400         97.10                         
      1.400         10.072          109.917                21.754           25.166           21.400         97.02                         
      1.410         10.073          109.917                21.760           25.167           21.400         96.94                         
      1.420         10.074          109.918                21.766           25.168           21.400         96.84                         
      1.430         10.075          109.918                21.772           25.169           21.400         96.74                         
      1.440         10.076          109.918                21.779           25.171           21.400         96.63                         
      1.450         10.078          109.918                21.787           25.172           21.400         96.52                         
      1.460         10.079          109.918                21.794           25.173           21.400         96.39                         
      1.470         10.081          109.919                21.802           25.174           21.400         96.26                         
      1.480         10.082          109.919                21.811           25.175           21.400         96.12                         
      1.490         10.084          109.919                21.820           25.176           21.400         95.97                         
      1.500         10.086          109.920                21.829           25.177           21.400         95.81                         
      1.510         10.088          109.920                21.838           25.178           21.400         95.64                         
      1.520         10.090          109.920                21.848           25.178           21.400         95.47                         
      1.530         10.092          109.920                21.858           25.178           21.400         95.29                         
      1.540         10.094          109.921                21.868           25.178           21.400         95.10                         
      1.550         10.096          109.921                21.878           25.178           21.400         94.90                         
      1.560         10.098          109.921                21.888           25.178           21.400         94.69                         
      1.570         10.101          109.922                21.899           25.177           21.400         94.47                         
      1.580         10.103          109.922                21.909           25.176           21.400         94.25                         
      1.590         10.106          109.923                21.920           25.174           21.400         94.02                         
      1.600         10.109          109.923                21.930           25.172           21.400         93.78                         
      1.610         10.112          109.924                21.941           25.170           21.400         93.53                         
      1.620         10.114          109.924                21.951           25.167           21.400         93.28                         
      1.630         10.117          109.924                21.961           25.163           21.400         93.01                         
      1.640         10.121          109.925                21.971           25.159           21.400         92.74                         
      1.650         10.124          109.925                21.981           25.154           21.400         92.46                         
      1.660         10.127          109.926                21.991           25.148           21.400         92.17                         
      1.670         10.130          109.927                22.000           25.142           21.400         91.88                         
      1.680         10.134          109.927                22.009           25.134           21.400         91.57                         
      1.690         10.137          109.928                22.017           25.126           21.400         91.26                         
      1.700         10.141          109.928                22.025           25.117           21.400         90.94                         
      1.710         10.145          109.929                22.032           25.107           21.400         90.61                         
      1.720         10.148          109.929                22.039           25.096           21.400         90.28                         
      1.730         10.152          109.930                22.045           25.084           21.400         89.93                         
      1.740         10.156          109.931                22.051           25.071           21.400         89.58                         
      1.750         10.160          109.931                22.055           25.057           21.400         89.22                         
      1.760         10.164          109.932                22.059           25.041           21.400         88.85                         
      1.770         10.169          109.933                22.062           25.025           21.400         88.48                         
      1.780         10.173          109.933                22.064           25.006           21.400         88.10                         
      1.790         10.177          109.934                22.065           24.987           21.400         87.71                         
      1.800         10.182          109.935                22.065           24.966           21.400         87.31                         
      1.810         10.186          109.936                22.063           24.943           21.400         86.90                         
      1.820         10.191          109.936                22.061           24.919           21.400         86.49                         
      1.830         10.195          109.937                22.057           24.893           21.400         86.07                         
      1.840         10.200          109.938                22.052           24.865           21.400         85.64                         
      1.850         10.205          109.939                22.046           24.836           21.400         85.20                         
      1.860         10.210          109.939                22.038           24.805           21.400         84.76                         
      1.870         10.215          109.940                22.028           24.772           21.400         84.31                         
      1.880         10.220          109.941                22.017           24.737           21.400         83.85                         
      1.890         10.225          109.942                22.005           24.700           21.400         83.38                         
      1.900         10.230          109.943                21.990           24.661           21.400         82.91                         
      1.910         10.235          109.944                21.974           24.619           21.400         82.43                         
      1.920         10.241          109.944                21.956           24.576           21.400         81.95                         
      1.930         10.246          109.945                21.936           24.530           21.400         81.45                         
      1.940         10.251          109.946                21.914           24.483           21.400         80.96                         
      1.950         10.257          109.947                21.890           24.432           21.400         80.45                         
      1.960         10.262          109.948                21.864           24.380           21.400         79.94                         
      1.970         10.268          109.949                21.836           24.325           21.400         79.42                         
      1.980         10.274          109.950                21.806           24.267           21.400         78.89                         
      1.990         10.279          109.951                21.773           24.207           21.400         78.36                         
      2.000         10.285          109.952                21.738           24.144           21.400         77.83                         

