  ¬рем€            U                U                Pij              –г               –т г             ”гол рот         ќтн угол U       
                   601              1002             1001             601              601              601              601              
                                                     1002                                                                                 
                                                     1                                                                                    

                    10.500          110.000                 9.912           21.300           21.300         50.67                         
      0.010         10.500          110.000                 9.912           21.300           21.300         50.67                         
      0.020         10.500          110.000                 9.912           21.300           21.300         50.67                         
      0.030         10.500          110.000                 9.912           21.300           21.300         50.67                         
      0.040         10.500          110.000                 9.912           21.300           21.300         50.67                         
      0.050         10.500          110.000                 9.912           21.300           21.300         50.67                         
      0.060         10.500          110.000                 9.912           21.300           21.300         50.67                         
      0.070         10.500          110.000                 9.912           21.300           21.300         50.67                         
      0.080         10.500          110.000                 9.912           21.300           21.300         50.67                         
      0.090         10.500          110.000                 9.912           21.300           21.300         50.67                         
      0.100         10.500          110.000                 9.912           21.300           21.300         50.67                         
      0.100          9.820          109.310                -0.001            3.020           21.300         50.67                         
      0.110          9.820          109.310                -0.001            3.020           21.300         50.69                         
      0.120          9.820          109.310                -0.001            3.020           21.300         50.76                         
      0.130          9.820          109.310                -0.001            3.020           21.300         50.86                         
      0.140          9.820          109.310                -0.001            3.020           21.300         51.01                         
      0.150          9.820          109.310                -0.001            3.020           21.300         51.21                         
      0.160          9.820          109.310                -0.001            3.020           21.300         51.44                         
      0.170          9.820          109.310                -0.001            3.020           21.300         51.71                         
      0.180          9.820          109.310                -0.001            3.020           21.300         52.03                         
      0.190          9.820          109.310                -0.001            3.020           21.300         52.39                         
      0.200          9.820          109.310                -0.001            3.020           21.300         52.79                         
      0.210          9.820          109.310                -0.001            3.020           21.300         53.23                         
      0.220          9.820          109.310                -0.001            3.020           21.300         53.71                         
      0.230          9.820          109.310                -0.001            3.020           21.300         54.23                         
      0.240          9.820          109.310                -0.001            3.020           21.300         54.79                         
      0.250          9.820          109.310                -0.001            3.020           21.300         55.39                         
      0.260          9.820          109.310                -0.001            3.020           21.300         56.03                         
      0.260         10.492          109.989                18.701           20.056           21.300         56.03                         
      0.270         10.486          109.988                18.837           20.221           21.300         56.69                         
      0.280         10.481          109.987                18.970           20.384           21.300         57.35                         
      0.290         10.475          109.986                19.101           20.544           21.300         58.01                         
      0.300         10.469          109.985                19.229           20.701           21.300         58.67                         
      0.310         10.464          109.983                19.354           20.856           21.300         59.33                         
      0.320         10.458          109.982                19.476           21.008           21.300         59.99                         
      0.330         10.452          109.981                19.595           21.157           21.300         60.65                         
      0.340         10.446          109.980                19.711           21.304           21.300         61.30                         
      0.350         10.440          109.979                19.825           21.447           21.300         61.95                         
      0.360         10.434          109.978                19.935           21.588           21.300         62.60                         
      0.370         10.428          109.977                20.043           21.726           21.300         63.25                         
      0.380         10.422          109.976                20.147           21.861           21.300         63.90                         
      0.390         10.416          109.975                20.248           21.993           21.300         64.54                         
      0.400         10.410          109.974                20.347           22.122           21.300         65.18                         
      0.410         10.404          109.973                20.442           22.247           21.300         65.82                         
      0.420         10.398          109.971                20.534           22.370           21.300         66.46                         
      0.430         10.392          109.970                20.623           22.490           21.300         67.09                         
      0.440         10.385          109.969                20.709           22.607           21.300         67.72                         
      0.450         10.379          109.968                20.792           22.720           21.300         68.35                         
      0.460         10.373          109.967                20.872           22.830           21.300         68.97                         
      0.470         10.367          109.966                20.949           22.938           21.300         69.58                         
      0.480         10.361          109.965                21.023           23.042           21.300         70.20                         
      0.490         10.355          109.964                21.094           23.143           21.300         70.81                         
      0.500         10.349          109.963                21.162           23.241           21.300         71.41                         
      0.510         10.343          109.962                21.226           23.336           21.300         72.01                         
      0.520         10.337          109.961                21.289           23.428           21.300         72.60                         
      0.530         10.331          109.960                21.348           23.517           21.300         73.19                         
      0.540         10.325          109.959                21.404           23.603           21.300         73.78                         
      0.550         10.319          109.958                21.458           23.685           21.300         74.35                         
      0.560         10.313          109.957                21.508           23.765           21.300         74.93                         
      0.570         10.307          109.956                21.556           23.842           21.300         75.49                         
      0.580         10.301          109.955                21.602           23.916           21.300         76.05                         
      0.590         10.295          109.954                21.645           23.988           21.300         76.61                         
      0.600         10.289          109.953                21.685           24.056           21.300         77.16                         
      0.610         10.284          109.952                21.723           24.122           21.300         77.70                         
      0.620         10.278          109.951                21.758           24.185           21.300         78.23                         
      0.630         10.272          109.950                21.791           24.245           21.300         78.76                         
      0.640         10.267          109.949                21.822           24.303           21.300         79.28                         
      0.650         10.261          109.948                21.851           24.358           21.300         79.80                         
      0.660         10.256          109.947                21.877           24.411           21.300         80.31                         
      0.670         10.250          109.946                21.901           24.461           21.300         80.81                         
      0.680         10.245          109.945                21.924           24.509           21.300         81.30                         
      0.690         10.240          109.944                21.944           24.555           21.300         81.79                         
      0.700         10.234          109.943                21.962           24.598           21.300         82.27                         
      0.710         10.229          109.943                21.979           24.639           21.300         82.74                         
      0.720         10.224          109.942                21.993           24.678           21.300         83.21                         
      0.730         10.219          109.941                22.006           24.715           21.300         83.67                         
      0.740         10.214          109.940                22.018           24.750           21.300         84.12                         
      0.750         10.209          109.939                22.028           24.783           21.300         84.56                         
      0.760         10.205          109.938                22.036           24.814           21.300         84.99                         
      0.770         10.200          109.938                22.043           24.844           21.300         85.42                         
      0.780         10.195          109.937                22.048           24.871           21.300         85.84                         
      0.790         10.191          109.936                22.053           24.897           21.300         86.25                         
      0.800         10.186          109.935                22.056           24.921           21.300         86.65                         
      0.810         10.182          109.935                22.058           24.944           21.300         87.05                         
      0.820         10.178          109.934                22.059           24.965           21.300         87.43                         
      0.830         10.173          109.933                22.058           24.985           21.300         87.81                         
      0.840         10.169          109.933                22.057           25.003           21.300         88.18                         
      0.850         10.165          109.932                22.055           25.020           21.300         88.55                         
      0.860         10.161          109.931                22.052           25.036           21.300         88.90                         
      0.870         10.157          109.931                22.049           25.051           21.300         89.25                         
      0.880         10.154          109.930                22.044           25.064           21.300         89.59                         
      0.890         10.150          109.930                22.039           25.077           21.300         89.92                         
      0.900         10.146          109.929                22.034           25.088           21.300         90.24                         
      0.910         10.143          109.928                22.027           25.098           21.300         90.55                         
      0.920         10.139          109.928                22.021           25.108           21.300         90.86                         
      0.930         10.136          109.927                22.014           25.116           21.300         91.15                         
      0.940         10.133          109.927                22.006           25.124           21.300         91.44                         
      0.950         10.129          109.926                21.998           25.131           21.300         91.72                         
      0.960         10.126          109.926                21.990           25.137           21.300         91.99                         
      0.970         10.123          109.925                21.982           25.142           21.300         92.26                         
      0.980         10.121          109.925                21.973           25.147           21.300         92.51                         
      0.990         10.118          109.924                21.965           25.152           21.300         92.76                         
      1.000         10.115          109.924                21.956           25.155           21.300         93.00                         
      1.010         10.112          109.924                21.947           25.159           21.300         93.23                         
      1.020         10.110          109.923                21.938           25.161           21.300         93.45                         
      1.030         10.108          109.923                21.929           25.164           21.300         93.66                         
      1.040         10.105          109.922                21.920           25.166           21.300         93.87                         
      1.050         10.103          109.922                21.912           25.167           21.300         94.06                         
      1.060         10.101          109.922                21.903           25.168           21.300         94.25                         
      1.070         10.099          109.921                21.895           25.169           21.300         94.43                         
      1.080         10.097          109.921                21.886           25.170           21.300         94.60                         
      1.090         10.095          109.921                21.878           25.171           21.300         94.77                         
      1.100         10.093          109.921                21.870           25.171           21.300         94.92                         
      1.110         10.092          109.920                21.863           25.171           21.300         95.07                         
      1.120         10.090          109.920                21.856           25.171           21.300         95.21                         
      1.130         10.089          109.920                21.849           25.171           21.300         95.33                         
      1.140         10.087          109.920                21.842           25.171           21.300         95.46                         
      1.150         10.086          109.919                21.836           25.171           21.300         95.57                         
      1.160         10.085          109.919                21.830           25.170           21.300         95.67                         
      1.170         10.084          109.919                21.825           25.170           21.300         95.77                         
      1.180         10.083          109.919                21.820           25.169           21.300         95.86                         
      1.190         10.082          109.919                21.815           25.169           21.300         95.94                         
      1.200         10.081          109.919                21.811           25.169           21.300         96.01                         
      1.210         10.080          109.919                21.807           25.168           21.300         96.07                         
      1.220         10.080          109.918                21.804           25.168           21.300         96.13                         
      1.230         10.079          109.918                21.801           25.167           21.300         96.17                         
      1.240         10.079          109.918                21.799           25.167           21.300         96.21                         
      1.250         10.078          109.918                21.797           25.167           21.300         96.24                         
      1.260         10.078          109.918                21.796           25.167           21.300         96.26                         
      1.270         10.078          109.918                21.795           25.167           21.300         96.27                         
      1.280         10.078          109.918                21.795           25.167           21.300         96.28                         
      1.290         10.078          109.918                21.795           25.167           21.300         96.27                         
      1.300         10.078          109.918                21.796           25.167           21.300         96.26                         
      1.310         10.078          109.918                21.797           25.167           21.300         96.24                         
      1.320         10.079          109.918                21.799           25.167           21.300         96.21                         
      1.330         10.079          109.918                21.801           25.167           21.300         96.17                         
      1.340         10.080          109.918                21.804           25.168           21.300         96.13                         
      1.350         10.080          109.919                21.807           25.168           21.300         96.07                         
      1.360         10.081          109.919                21.811           25.169           21.300         96.01                         
      1.370         10.082          109.919                21.815           25.169           21.300         95.94                         
      1.380         10.083          109.919                21.819           25.169           21.300         95.86                         
      1.390         10.084          109.919                21.824           25.170           21.300         95.77                         
      1.400         10.085          109.919                21.830           25.170           21.300         95.68                         
      1.410         10.086          109.919                21.836           25.171           21.300         95.57                         
      1.420         10.087          109.920                21.842           25.171           21.300         95.46                         
      1.430         10.088          109.920                21.848           25.171           21.300         95.34                         
      1.440         10.090          109.920                21.855           25.171           21.300         95.21                         
      1.450         10.092          109.920                21.863           25.171           21.300         95.07                         
      1.460         10.093          109.921                21.870           25.171           21.300         94.93                         
      1.470         10.095          109.921                21.878           25.171           21.300         94.77                         
      1.480         10.097          109.921                21.886           25.170           21.300         94.61                         
      1.490         10.099          109.921                21.894           25.170           21.300         94.44                         
      1.500         10.101          109.922                21.902           25.169           21.300         94.26                         
      1.510         10.103          109.922                21.911           25.167           21.300         94.08                         
      1.520         10.105          109.922                21.920           25.166           21.300         93.88                         
      1.530         10.107          109.923                21.929           25.164           21.300         93.68                         
      1.540         10.110          109.923                21.937           25.161           21.300         93.46                         
      1.550         10.112          109.924                21.946           25.159           21.300         93.24                         
      1.560         10.115          109.924                21.955           25.156           21.300         93.01                         
      1.570         10.118          109.924                21.964           25.152           21.300         92.78                         
      1.580         10.120          109.925                21.973           25.148           21.300         92.53                         
      1.590         10.123          109.925                21.981           25.143           21.300         92.28                         
      1.600         10.126          109.926                21.989           25.137           21.300         92.01                         
      1.610         10.129          109.926                21.998           25.131           21.300         91.74                         
      1.620         10.132          109.927                22.005           25.124           21.300         91.47                         
      1.630         10.136          109.927                22.013           25.117           21.300         91.18                         
      1.640         10.139          109.928                22.020           25.108           21.300         90.88                         
      1.650         10.142          109.928                22.027           25.099           21.300         90.58                         
      1.660         10.146          109.929                22.033           25.089           21.300         90.27                         
      1.670         10.149          109.930                22.039           25.078           21.300         89.95                         
      1.680         10.153          109.930                22.044           25.066           21.300         89.62                         
      1.690         10.157          109.931                22.048           25.052           21.300         89.29                         
      1.700         10.161          109.931                22.052           25.038           21.300         88.94                         
      1.710         10.165          109.932                22.055           25.022           21.300         88.59                         
      1.720         10.169          109.933                22.057           25.006           21.300         88.23                         
      1.730         10.173          109.933                22.058           24.987           21.300         87.86                         
      1.740         10.177          109.934                22.059           24.968           21.300         87.49                         
      1.750         10.181          109.935                22.058           24.947           21.300         87.10                         
      1.760         10.186          109.935                22.056           24.925           21.300         86.71                         
      1.770         10.190          109.936                22.053           24.901           21.300         86.31                         
      1.780         10.195          109.937                22.049           24.876           21.300         85.91                         
      1.790         10.199          109.938                22.044           24.849           21.300         85.49                         
      1.800         10.204          109.938                22.037           24.820           21.300         85.07                         
      1.810         10.209          109.939                22.029           24.789           21.300         84.64                         
      1.820         10.213          109.940                22.020           24.757           21.300         84.20                         
      1.830         10.218          109.941                22.009           24.723           21.300         83.76                         
      1.840         10.223          109.942                21.996           24.686           21.300         83.31                         
      1.850         10.228          109.942                21.982           24.648           21.300         82.85                         
      1.860         10.233          109.943                21.966           24.608           21.300         82.38                         
      1.870         10.238          109.944                21.948           24.566           21.300         81.91                         
      1.880         10.244          109.945                21.929           24.521           21.300         81.43                         
      1.890         10.249          109.946                21.908           24.474           21.300         80.94                         
      1.900         10.254          109.947                21.884           24.425           21.300         80.45                         
      1.910         10.260          109.948                21.859           24.374           21.300         79.95                         
      1.920         10.265          109.949                21.831           24.320           21.300         79.45                         
      1.930         10.271          109.949                21.802           24.264           21.300         78.93                         
      1.940         10.276          109.950                21.770           24.206           21.300         78.41                         
      1.950         10.282          109.951                21.736           24.144           21.300         77.89                         
      1.960         10.287          109.952                21.699           24.081           21.300         77.36                         
      1.970         10.293          109.953                21.661           24.014           21.300         76.82                         
      1.980         10.299          109.954                21.620           23.946           21.300         76.28                         
      1.990         10.304          109.955                21.576           23.874           21.300         75.73                         
      2.000         10.310          109.956                21.530           23.800           21.300         75.18                         

