  ¬рем€            U                U                Pij              –г               –т г             ”гол рот         ќтн угол U       
                   601              1002             1001             601              601              601              601              
                                                     1002                                                                                 
                                                     1                                                                                    

                    10.500          110.000                 9.870           21.200           21.200         50.38                         
      0.010         10.500          110.000                 9.870           21.200           21.200         50.38                         
      0.020         10.500          110.000                 9.870           21.200           21.200         50.38                         
      0.030         10.500          110.000                 9.870           21.200           21.200         50.38                         
      0.040         10.500          110.000                 9.870           21.200           21.200         50.38                         
      0.050         10.500          110.000                 9.870           21.200           21.200         50.38                         
      0.060         10.500          110.000                 9.870           21.200           21.200         50.38                         
      0.070         10.500          110.000                 9.870           21.200           21.200         50.38                         
      0.080         10.500          110.000                 9.870           21.200           21.200         50.38                         
      0.090         10.500          110.000                 9.870           21.200           21.200         50.38                         
      0.100         10.500          110.000                 9.870           21.200           21.200         50.38                         
      0.100          9.818          109.309                -0.001            3.018           21.200         50.38                         
      0.110          9.818          109.309                -0.001            3.018           21.200         50.40                         
      0.120          9.818          109.309                -0.001            3.018           21.200         50.46                         
      0.130          9.818          109.309                -0.001            3.018           21.200         50.57                         
      0.140          9.818          109.309                -0.001            3.018           21.200         50.72                         
      0.150          9.818          109.309                -0.001            3.018           21.200         50.91                         
      0.160          9.818          109.309                -0.001            3.018           21.200         51.14                         
      0.170          9.818          109.309                -0.001            3.018           21.200         51.42                         
      0.180          9.818          109.309                -0.001            3.018           21.200         51.73                         
      0.190          9.818          109.309                -0.001            3.018           21.200         52.09                         
      0.200          9.818          109.309                -0.001            3.018           21.200         52.48                         
      0.210          9.818          109.309                -0.001            3.018           21.200         52.92                         
      0.220          9.818          109.309                -0.001            3.018           21.200         53.40                         
      0.230          9.818          109.309                -0.001            3.018           21.200         53.92                         
      0.240          9.818          109.309                -0.001            3.018           21.200         54.47                         
      0.250          9.818          109.309                -0.001            3.018           21.200         55.07                         
      0.260          9.818          109.309                -0.001            3.018           21.200         55.71                         
      0.260         10.492          109.989                18.629           19.969           21.200         55.71                         
      0.270         10.487          109.988                18.765           20.134           21.200         56.37                         
      0.280         10.481          109.987                18.899           20.297           21.200         57.03                         
      0.290         10.475          109.986                19.030           20.457           21.200         57.68                         
      0.300         10.470          109.985                19.158           20.615           21.200         58.34                         
      0.310         10.464          109.984                19.284           20.770           21.200         58.99                         
      0.320         10.458          109.982                19.407           20.923           21.200         59.65                         
      0.330         10.452          109.981                19.527           21.072           21.200         60.30                         
      0.340         10.447          109.980                19.644           21.219           21.200         60.95                         
      0.350         10.441          109.979                19.758           21.363           21.200         61.60                         
      0.360         10.435          109.978                19.869           21.504           21.200         62.25                         
      0.370         10.429          109.977                19.977           21.643           21.200         62.89                         
      0.380         10.423          109.976                20.082           21.778           21.200         63.53                         
      0.390         10.417          109.975                20.185           21.911           21.200         64.17                         
      0.400         10.411          109.974                20.284           22.040           21.200         64.81                         
      0.410         10.405          109.973                20.380           22.167           21.200         65.45                         
      0.420         10.399          109.972                20.473           22.290           21.200         66.08                         
      0.430         10.393          109.971                20.563           22.411           21.200         66.71                         
      0.440         10.387          109.970                20.650           22.528           21.200         67.33                         
      0.450         10.381          109.968                20.734           22.642           21.200         67.95                         
      0.460         10.375          109.967                20.815           22.753           21.200         68.57                         
      0.470         10.369          109.966                20.893           22.861           21.200         69.18                         
      0.480         10.362          109.965                20.968           22.966           21.200         69.79                         
      0.490         10.356          109.964                21.040           23.068           21.200         70.39                         
      0.500         10.350          109.963                21.109           23.167           21.200         70.99                         
      0.510         10.344          109.962                21.175           23.263           21.200         71.59                         
      0.520         10.338          109.961                21.238           23.356           21.200         72.18                         
      0.530         10.332          109.960                21.299           23.445           21.200         72.76                         
      0.540         10.327          109.959                21.356           23.532           21.200         73.34                         
      0.550         10.321          109.958                21.411           23.616           21.200         73.92                         
      0.560         10.315          109.957                21.463           23.697           21.200         74.48                         
      0.570         10.309          109.956                21.512           23.775           21.200         75.04                         
      0.580         10.303          109.955                21.559           23.850           21.200         75.60                         
      0.590         10.297          109.954                21.603           23.922           21.200         76.15                         
      0.600         10.292          109.953                21.645           23.992           21.200         76.69                         
      0.610         10.286          109.952                21.684           24.058           21.200         77.23                         
      0.620         10.280          109.951                21.721           24.122           21.200         77.76                         
      0.630         10.275          109.950                21.755           24.184           21.200         78.28                         
      0.640         10.269          109.949                21.788           24.242           21.200         78.80                         
      0.650         10.264          109.948                21.817           24.299           21.200         79.31                         
      0.660         10.258          109.947                21.845           24.353           21.200         79.81                         
      0.670         10.253          109.946                21.871           24.404           21.200         80.31                         
      0.680         10.248          109.946                21.894           24.453           21.200         80.80                         
      0.690         10.243          109.945                21.916           24.500           21.200         81.28                         
      0.700         10.238          109.944                21.936           24.544           21.200         81.75                         
      0.710         10.232          109.943                21.954           24.586           21.200         82.22                         
      0.720         10.227          109.942                21.970           24.627           21.200         82.68                         
      0.730         10.223          109.941                21.985           24.665           21.200         83.13                         
      0.740         10.218          109.941                21.997           24.701           21.200         83.57                         
      0.750         10.213          109.940                22.009           24.735           21.200         84.01                         
      0.760         10.208          109.939                22.019           24.767           21.200         84.44                         
      0.770         10.204          109.938                22.027           24.798           21.200         84.86                         
      0.780         10.199          109.938                22.034           24.826           21.200         85.27                         
      0.790         10.195          109.937                22.040           24.853           21.200         85.67                         
      0.800         10.190          109.936                22.045           24.879           21.200         86.07                         
      0.810         10.186          109.935                22.048           24.903           21.200         86.46                         
      0.820         10.182          109.935                22.050           24.925           21.200         86.84                         
      0.830         10.178          109.934                22.052           24.946           21.200         87.21                         
      0.840         10.173          109.933                22.052           24.965           21.200         87.57                         
      0.850         10.169          109.933                22.052           24.984           21.200         87.93                         
      0.860         10.166          109.932                22.050           25.000           21.200         88.27                         
      0.870         10.162          109.931                22.048           25.016           21.200         88.61                         
      0.880         10.158          109.931                22.046           25.031           21.200         88.94                         
      0.890         10.155          109.930                22.042           25.044           21.200         89.26                         
      0.900         10.151          109.930                22.038           25.057           21.200         89.58                         
      0.910         10.148          109.929                22.033           25.068           21.200         89.88                         
      0.920         10.144          109.929                22.028           25.079           21.200         90.18                         
      0.930         10.141          109.928                22.023           25.088           21.200         90.47                         
      0.940         10.138          109.928                22.017           25.097           21.200         90.74                         
      0.950         10.135          109.927                22.011           25.105           21.200         91.02                         
      0.960         10.132          109.927                22.004           25.112           21.200         91.28                         
      0.970         10.129          109.926                21.997           25.119           21.200         91.53                         
      0.980         10.126          109.926                21.990           25.125           21.200         91.78                         
      0.990         10.124          109.925                21.983           25.130           21.200         92.01                         
      1.000         10.121          109.925                21.976           25.135           21.200         92.24                         
      1.010         10.119          109.925                21.969           25.139           21.200         92.46                         
      1.020         10.116          109.924                21.961           25.143           21.200         92.67                         
      1.030         10.114          109.924                21.954           25.146           21.200         92.88                         
      1.040         10.112          109.923                21.947           25.149           21.200         93.07                         
      1.050         10.110          109.923                21.939           25.152           21.200         93.26                         
      1.060         10.108          109.923                21.932           25.154           21.200         93.43                         
      1.070         10.106          109.922                21.925           25.156           21.200         93.60                         
      1.080         10.104          109.922                21.919           25.157           21.200         93.76                         
      1.090         10.102          109.922                21.912           25.159           21.200         93.91                         
      1.100         10.100          109.922                21.906           25.160           21.200         94.06                         
      1.110         10.099          109.921                21.900           25.161           21.200         94.19                         
      1.120         10.098          109.921                21.894           25.162           21.200         94.32                         
      1.130         10.096          109.921                21.888           25.162           21.200         94.43                         
      1.140         10.095          109.921                21.883           25.163           21.200         94.54                         
      1.150         10.094          109.921                21.878           25.163           21.200         94.64                         
      1.160         10.093          109.920                21.874           25.163           21.200         94.73                         
      1.170         10.092          109.920                21.869           25.164           21.200         94.82                         
      1.180         10.091          109.920                21.866           25.164           21.200         94.89                         
      1.190         10.090          109.920                21.862           25.164           21.200         94.96                         
      1.200         10.090          109.920                21.859           25.164           21.200         95.01                         
      1.210         10.089          109.920                21.857           25.164           21.200         95.06                         
      1.220         10.089          109.920                21.855           25.164           21.200         95.10                         
      1.230         10.088          109.920                21.853           25.164           21.200         95.13                         
      1.240         10.088          109.920                21.852           25.164           21.200         95.16                         
      1.250         10.088          109.920                21.851           25.164           21.200         95.17                         
      1.260         10.088          109.920                21.851           25.164           21.200         95.18                         
      1.270         10.088          109.920                21.851           25.164           21.200         95.17                         
      1.280         10.088          109.920                21.852           25.164           21.200         95.16                         
      1.290         10.088          109.920                21.853           25.164           21.200         95.14                         
      1.300         10.088          109.920                21.854           25.164           21.200         95.11                         
      1.310         10.089          109.920                21.856           25.164           21.200         95.08                         
      1.320         10.089          109.920                21.858           25.164           21.200         95.03                         
      1.330         10.090          109.920                21.861           25.164           21.200         94.98                         
      1.340         10.091          109.920                21.864           25.164           21.200         94.92                         
      1.350         10.092          109.920                21.868           25.164           21.200         94.84                         
      1.360         10.092          109.920                21.872           25.164           21.200         94.76                         
      1.370         10.093          109.921                21.876           25.163           21.200         94.68                         
      1.380         10.095          109.921                21.881           25.163           21.200         94.58                         
      1.390         10.096          109.921                21.886           25.162           21.200         94.47                         
      1.400         10.097          109.921                21.892           25.162           21.200         94.36                         
      1.410         10.098          109.921                21.897           25.161           21.200         94.24                         
      1.420         10.100          109.922                21.903           25.160           21.200         94.11                         
      1.430         10.101          109.922                21.910           25.159           21.200         93.97                         
      1.440         10.103          109.922                21.916           25.158           21.200         93.82                         
      1.450         10.105          109.922                21.923           25.156           21.200         93.66                         
      1.460         10.107          109.923                21.930           25.155           21.200         93.50                         
      1.470         10.109          109.923                21.937           25.153           21.200         93.33                         
      1.480         10.111          109.923                21.944           25.150           21.200         93.14                         
      1.490         10.113          109.924                21.951           25.147           21.200         92.95                         
      1.500         10.115          109.924                21.958           25.144           21.200         92.75                         
      1.510         10.118          109.924                21.966           25.141           21.200         92.55                         
      1.520         10.120          109.925                21.973           25.137           21.200         92.33                         
      1.530         10.123          109.925                21.980           25.132           21.200         92.11                         
      1.540         10.125          109.926                21.987           25.127           21.200         91.87                         
      1.550         10.128          109.926                21.994           25.121           21.200         91.63                         
      1.560         10.131          109.926                22.001           25.115           21.200         91.38                         
      1.570         10.134          109.927                22.008           25.108           21.200         91.12                         
      1.580         10.137          109.927                22.014           25.100           21.200         90.86                         
      1.590         10.140          109.928                22.020           25.092           21.200         90.58                         
      1.600         10.143          109.928                22.026           25.083           21.200         90.30                         
      1.610         10.146          109.929                22.031           25.073           21.200         90.01                         
      1.620         10.150          109.929                22.036           25.062           21.200         89.71                         
      1.630         10.153          109.930                22.040           25.050           21.200         89.40                         
      1.640         10.157          109.931                22.044           25.037           21.200         89.08                         
      1.650         10.160          109.931                22.047           25.023           21.200         88.76                         
      1.660         10.164          109.932                22.050           25.008           21.200         88.43                         
      1.670         10.168          109.932                22.051           24.991           21.200         88.08                         
      1.680         10.172          109.933                22.052           24.974           21.200         87.73                         
      1.690         10.176          109.934                22.052           24.955           21.200         87.38                         
      1.700         10.180          109.934                22.051           24.935           21.200         87.01                         
      1.710         10.184          109.935                22.049           24.913           21.200         86.64                         
      1.720         10.188          109.936                22.046           24.890           21.200         86.26                         
      1.730         10.192          109.936                22.042           24.866           21.200         85.87                         
      1.740         10.197          109.937                22.037           24.840           21.200         85.47                         
      1.750         10.201          109.938                22.031           24.812           21.200         85.07                         
      1.760         10.206          109.939                22.023           24.783           21.200         84.65                         
      1.770         10.210          109.939                22.014           24.752           21.200         84.23                         
      1.780         10.215          109.940                22.004           24.719           21.200         83.81                         
      1.790         10.220          109.941                21.992           24.684           21.200         83.37                         
      1.800         10.225          109.942                21.978           24.648           21.200         82.93                         
      1.810         10.230          109.943                21.963           24.609           21.200         82.48                         
      1.820         10.235          109.943                21.946           24.569           21.200         82.02                         
      1.830         10.240          109.944                21.928           24.526           21.200         81.56                         
      1.840         10.245          109.945                21.908           24.481           21.200         81.09                         
      1.850         10.250          109.946                21.885           24.434           21.200         80.61                         
      1.860         10.255          109.947                21.861           24.385           21.200         80.12                         
      1.870         10.260          109.948                21.835           24.333           21.200         79.63                         
      1.880         10.266          109.949                21.807           24.279           21.200         79.13                         
      1.890         10.271          109.950                21.777           24.223           21.200         78.63                         
      1.900         10.277          109.950                21.744           24.164           21.200         78.12                         
      1.910         10.282          109.951                21.710           24.103           21.200         77.60                         
      1.920         10.288          109.952                21.673           24.039           21.200         77.07                         
      1.930         10.293          109.953                21.634           23.973           21.200         76.54                         
      1.940         10.299          109.954                21.592           23.904           21.200         76.01                         
      1.950         10.305          109.955                21.548           23.832           21.200         75.47                         
      1.960         10.310          109.956                21.502           23.758           21.200         74.92                         
      1.970         10.316          109.957                21.453           23.681           21.200         74.37                         
      1.980         10.322          109.958                21.401           23.601           21.200         73.81                         
      1.990         10.327          109.959                21.347           23.519           21.200         73.25                         
      2.000         10.333          109.960                21.291           23.434           21.200         72.68                         

