  ¬рем€            U                U                Pij              –г               –т г             ”гол рот         ќтн угол U       
                   601              1002             1001             601              601              601              601              
                                                     1002                                                                                 
                                                     1                                                                                    

                    10.500          110.000                10.974           23.900           23.900         58.78                         
      0.010         10.500          110.000                10.974           23.900           23.900         58.78                         
      0.020         10.500          110.000                10.974           23.900           23.900         58.78                         
      0.030         10.500          110.000                10.974           23.900           23.900         58.78                         
      0.040         10.500          110.000                10.974           23.900           23.900         58.78                         
      0.050         10.500          110.000                10.974           23.900           23.900         58.78                         
      0.060         10.500          110.000                10.974           23.900           23.900         58.78                         
      0.070         10.500          110.000                10.974           23.900           23.900         58.78                         
      0.080         10.500          110.000                10.974           23.900           23.900         58.78                         
      0.090         10.500          110.000                10.974           23.900           23.900         58.78                         
      0.100         10.500          110.000                10.974           23.900           23.900         58.78                         
      0.100          9.895          109.324                -0.001            3.069           23.900         58.78                         
      0.110          9.895          109.324                -0.001            3.069           23.900         58.80                         
      0.120          9.895          109.324                -0.001            3.069           23.900         58.88                         
      0.130          9.895          109.324                -0.001            3.069           23.900         59.00                         
      0.140          9.895          109.324                -0.001            3.069           23.900         59.17                         
      0.150          9.895          109.324                -0.001            3.069           23.900         59.39                         
      0.160          9.895          109.324                -0.001            3.069           23.900         59.66                         
      0.170          9.895          109.324                -0.001            3.069           23.900         59.97                         
      0.180          9.895          109.324                -0.001            3.069           23.900         60.33                         
      0.190          9.895          109.324                -0.001            3.069           23.900         60.74                         
      0.200          9.895          109.324                -0.001            3.069           23.900         61.19                         
      0.210          9.895          109.324                -0.001            3.069           23.900         61.70                         
      0.220          9.895          109.324                -0.001            3.069           23.900         62.24                         
      0.230          9.895          109.324                -0.001            3.069           23.900         62.84                         
      0.240          9.895          109.324                -0.001            3.069           23.900         63.48                         
      0.250          9.895          109.324                -0.001            3.069           23.900         64.16                         
      0.260          9.895          109.324                -0.001            3.069           23.900         64.89                         
      0.260         10.490          109.989                20.478           22.256           23.900         64.89                         
      0.270         10.482          109.987                20.593           22.407           23.900         65.65                         
      0.280         10.475          109.986                20.704           22.554           23.900         66.40                         
      0.290         10.468          109.985                20.811           22.698           23.900         67.15                         
      0.300         10.461          109.983                20.914           22.838           23.900         67.91                         
      0.310         10.453          109.982                21.013           22.975           23.900         68.66                         
      0.320         10.446          109.981                21.109           23.108           23.900         69.41                         
      0.330         10.438          109.979                21.201           23.238           23.900         70.17                         
      0.340         10.431          109.978                21.289           23.363           23.900         70.92                         
      0.350         10.423          109.977                21.373           23.485           23.900         71.67                         
      0.360         10.415          109.975                21.454           23.604           23.900         72.42                         
      0.370         10.408          109.974                21.530           23.718           23.900         73.17                         
      0.380         10.400          109.973                21.603           23.829           23.900         73.92                         
      0.390         10.392          109.971                21.671           23.936           23.900         74.67                         
      0.400         10.385          109.970                21.736           24.039           23.900         75.42                         
      0.410         10.377          109.969                21.797           24.138           23.900         76.16                         
      0.420         10.369          109.967                21.854           24.233           23.900         76.90                         
      0.430         10.361          109.966                21.906           24.325           23.900         77.65                         
      0.440         10.353          109.965                21.956           24.412           23.900         78.39                         
      0.450         10.345          109.963                22.001           24.496           23.900         79.13                         
      0.460         10.337          109.962                22.042           24.575           23.900         79.86                         
      0.470         10.329          109.961                22.079           24.651           23.900         80.60                         
      0.480         10.322          109.959                22.113           24.723           23.900         81.33                         
      0.490         10.314          109.958                22.143           24.791           23.900         82.06                         
      0.500         10.306          109.957                22.169           24.855           23.900         82.78                         
      0.510         10.298          109.955                22.191           24.916           23.900         83.51                         
      0.520         10.290          109.954                22.209           24.972           23.900         84.23                         
      0.530         10.282          109.953                22.224           25.025           23.900         84.95                         
      0.540         10.274          109.951                22.235           25.074           23.900         85.66                         
      0.550         10.266          109.950                22.243           25.120           23.900         86.38                         
      0.560         10.258          109.949                22.247           25.161           23.900         87.09                         
      0.570         10.250          109.947                22.248           25.199           23.900         87.79                         
      0.580         10.243          109.946                22.245           25.234           23.900         88.49                         
      0.590         10.235          109.945                22.238           25.264           23.900         89.19                         
      0.600         10.227          109.944                22.229           25.292           23.900         89.89                         
      0.610         10.219          109.942                22.215           25.315           23.900         90.59                         
      0.620         10.211          109.941                22.199           25.336           23.900         91.28                         
      0.630         10.204          109.940                22.180           25.353           23.900         91.96                         
      0.640         10.196          109.939                22.157           25.366           23.900         92.65                         
      0.650         10.188          109.937                22.131           25.376           23.900         93.33                         
      0.660         10.180          109.936                22.102           25.383           23.900         94.00                         
      0.670         10.173          109.935                22.070           25.387           23.900         94.68                         
      0.680         10.165          109.934                22.035           25.388           23.900         95.35                         
      0.690         10.158          109.933                21.998           25.385           23.900         96.01                         
      0.700         10.150          109.931                21.957           25.380           23.900         96.68                         
      0.710         10.143          109.930                21.914           25.371           23.900         97.34                         
      0.720         10.135          109.929                21.867           25.359           23.900         97.99                         
      0.730         10.128          109.928                21.818           25.345           23.900         98.64                         
      0.740         10.120          109.927                21.767           25.327           23.900         99.29                         
      0.750         10.113          109.926                21.713           25.307           23.900         99.94                         
      0.760         10.106          109.925                21.656           25.284           23.900        100.59                         
      0.770         10.098          109.923                21.597           25.258           23.900        101.23                         
      0.780         10.091          109.922                21.535           25.229           23.900        101.86                         
      0.790         10.084          109.921                21.471           25.198           23.900        102.50                         
      0.800         10.077          109.920                21.404           25.164           23.900        103.13                         
      0.810         10.070          109.919                21.335           25.127           23.900        103.76                         
      0.820         10.062          109.918                21.264           25.088           23.900        104.39                         
      0.830         10.055          109.917                21.190           25.047           23.900        105.01                         
      0.840         10.048          109.916                21.114           25.002           23.900        105.63                         
      0.850         10.041          109.915                21.036           24.956           23.900        106.25                         
      0.860         10.034          109.914                20.955           24.907           23.900        106.87                         
      0.870         10.027          109.913                20.872           24.855           23.900        107.49                         
      0.880         10.021          109.912                20.787           24.801           23.900        108.10                         
      0.890         10.014          109.911                20.700           24.745           23.900        108.71                         
      0.900         10.007          109.910                20.611           24.686           23.900        109.32                         
      0.910         10.000          109.909                20.519           24.625           23.900        109.93                         
      0.920          9.993          109.908                20.426           24.561           23.900        110.53                         
      0.930          9.987          109.907                20.330           24.495           23.900        111.14                         
      0.940          9.980          109.906                20.232           24.427           23.900        111.74                         
      0.950          9.973          109.905                20.132           24.357           23.900        112.35                         
      0.960          9.966          109.904                20.029           24.284           23.900        112.95                         
      0.970          9.960          109.903                19.925           24.209           23.900        113.55                         
      0.980          9.953          109.902                19.818           24.131           23.900        114.15                         
      0.990          9.947          109.901                19.710           24.052           23.900        114.75                         
      1.000          9.940          109.900                19.598           23.969           23.900        115.35                         
      1.010          9.933          109.899                19.485           23.885           23.900        115.95                         
      1.020          9.927          109.898                19.370           23.798           23.900        116.55                         
      1.030          9.920          109.897                19.252           23.708           23.900        117.15                         
      1.040          9.914          109.896                19.132           23.617           23.900        117.76                         
      1.050          9.907          109.895                19.009           23.522           23.900        118.36                         
      1.060          9.901          109.894                18.884           23.425           23.900        118.96                         
      1.070          9.895          109.893                18.757           23.326           23.900        119.57                         
      1.080          9.888          109.892                18.627           23.224           23.900        120.17                         
      1.090          9.882          109.892                18.494           23.119           23.900        120.78                         
      1.100          9.875          109.891                18.359           23.012           23.900        121.39                         
      1.110          9.869          109.890                18.222           22.902           23.900        122.01                         
      1.120          9.862          109.889                18.081           22.789           23.900        122.62                         
      1.130          9.856          109.888                17.938           22.674           23.900        123.24                         
      1.140          9.850          109.887                17.792           22.555           23.900        123.86                         
      1.150          9.843          109.886                17.643           22.433           23.900        124.48                         
      1.160          9.837          109.885                17.491           22.309           23.900        125.11                         
      1.170          9.830          109.884                17.336           22.181           23.900        125.74                         
      1.180          9.824          109.884                17.178           22.050           23.900        126.38                         
      1.190          9.817          109.883                17.016           21.915           23.900        127.02                         
      1.200          9.811          109.882                16.851           21.777           23.900        127.66                         
      1.210          9.805          109.881                16.682           21.636           23.900        128.31                         
      1.220          9.798          109.880                16.510           21.491           23.900        128.96                         
      1.230          9.792          109.879                16.334           21.342           23.900        129.62                         
      1.240          9.785          109.878                16.154           21.189           23.900        130.29                         
      1.250          9.779          109.878                15.970           21.032           23.900        130.96                         
      1.260          9.772          109.877                15.782           20.871           23.900        131.64                         
      1.270          9.766          109.876                15.590           20.706           23.900        132.33                         
      1.280          9.759          109.875                15.394           20.536           23.900        133.02                         
      1.290          9.753          109.874                15.192           20.362           23.900        133.72                         
      1.300          9.746          109.873                14.986           20.183           23.900        134.43                         
      1.310          9.739          109.872                14.775           19.999           23.900        135.15                         
      1.320          9.733          109.872                14.559           19.810           23.900        135.87                         
      1.330          9.726          109.871                14.338           19.616           23.900        136.61                         
      1.340          9.720          109.870                14.111           19.416           23.900        137.36                         
      1.350          9.713          109.869                13.879           19.210           23.900        138.11                         
      1.360          9.706          109.868                13.640           18.999           23.900        138.88                         
      1.370          9.700          109.867                13.396           18.781           23.900        139.66                         
      1.380          9.693          109.867                13.145           18.557           23.900        140.45                         
      1.390          9.686          109.866                12.888           18.327           23.900        141.25                         
      1.400          9.679          109.865                12.624           18.089           23.900        142.06                         
      1.410          9.673          109.864                12.352           17.845           23.900        142.89                         
      1.420          9.666          109.863                12.074           17.593           23.900        143.73                         
      1.430          9.659          109.863                11.788           17.334           23.900        144.59                         
      1.440          9.652          109.862                11.494           17.066           23.900        145.46                         
      1.450          9.646          109.861                11.192           16.791           23.900        146.34                         
      1.460          9.639          109.860                10.882           16.506           23.900        147.24                         
      1.470          9.632          109.859                10.563           16.213           23.900        148.16                         
      1.480          9.625          109.859                10.235           15.911           23.900        149.10                         
      1.490          9.619          109.858                 9.897           15.599           23.900        150.05                         
      1.500          9.612          109.857                 9.550           15.277           23.900        151.03                         
      1.510          9.605          109.857                 9.193           14.945           23.900        152.02                         
      1.520          9.599          109.856                 8.826           14.602           23.900        153.03                         
      1.530          9.592          109.855                 8.447           14.249           23.900        154.07                         
      1.540          9.586          109.854                 8.058           13.883           23.900        155.12                         
      1.550          9.579          109.854                 7.658           13.506           23.900        156.20                         
      1.560          9.573          109.853                 7.245           13.117           23.900        157.30                         
      1.570          9.566          109.853                 6.821           12.715           23.900        158.43                         
      1.580          9.560          109.852                 6.384           12.299           23.900        159.58                         
      1.590          9.554          109.852                 5.934           11.871           23.900        160.76                         
      1.600          9.548          109.851                 5.470           11.428           23.900        161.96                         
      1.610          9.542          109.851                 4.993           10.970           23.900        163.19                         
      1.620          9.537          109.850                 4.503           10.498           23.900        164.46                         
      1.630          9.531          109.850                 3.997           10.010           23.900        165.75                         
      1.640          9.526          109.849                 3.477            9.507           23.900        167.07                         
      1.650          9.521          109.849                 2.942            8.987           23.900        168.43                         
      1.660          9.516          109.849                 2.392            8.450           23.900        169.82                         
      1.670          9.512          109.849                 1.826            7.896           23.900        171.24                         
      1.680          9.508          109.848                 1.244            7.325           23.900        172.70                         
      1.690          9.504          109.848                 0.645            6.735           23.900        174.20                         
      1.700          9.500          109.848                 0.031            6.128           23.900        175.74                         
      1.710          9.497          109.848                -0.601            5.501           23.900        177.32                         
      1.720          9.495          109.849                -1.248            4.856           23.900        178.94                         
      1.730          9.493          109.849                -1.913            4.192           23.900        180.60                         
      1.740          9.491          109.849                -2.594            3.508           23.900        182.30                         
      1.750          9.491          109.850                -3.292            2.805           23.900        184.05                         
      1.760          9.490          109.850                -4.007            2.082           23.900        185.85                         
      1.770          9.491          109.851                -4.737            1.340           23.900        187.70                         
      1.780          9.492          109.852                -5.483            0.578           23.900        189.60                         
      1.790          9.494          109.853                -6.244           -0.202           23.900        191.55                         
      1.800          9.497          109.854                -7.020           -1.001           23.900        193.56                         
      1.810          9.501          109.855                -7.809           -1.818           23.900        195.62                         
      1.820          9.506          109.857                -8.611           -2.653           23.900        197.74                         
      1.830          9.512          109.858                -9.424           -3.503           23.900        199.92                         
      1.840          9.519          109.860               -10.247           -4.369           23.900        202.16                         
      1.850          9.528          109.862               -11.078           -5.249           23.900        204.47                         
      1.860          9.538          109.864               -11.915           -6.140           23.900        206.84                         
      1.870          9.549          109.867               -12.756           -7.042           23.900        209.28                         
      1.880          9.562          109.869               -13.598           -7.952           23.900        211.78                         
      1.890          9.576          109.872               -14.438           -8.867           23.900        214.36                         
      1.900          9.592          109.876               -15.273           -9.785           23.900        217.01                         
      1.910          9.610          109.879               -16.100          -10.701           23.900        219.74                         
      1.920          9.630          109.883               -16.913          -11.613           23.900        222.55                         
      1.930          9.651          109.887               -17.709          -12.515           23.900        225.43                         
      1.940          9.675          109.891               -18.482          -13.404           23.900        228.40                         
      1.950          9.700          109.896               -19.228          -14.273           23.900        231.45                         
      1.960          9.728          109.900               -19.939          -15.118           23.900        234.59                         
      1.970          9.757          109.906               -20.610          -15.931           23.900        237.81                         
      1.980          9.789          109.911               -21.234          -16.707           23.900        241.12                         
      1.990          9.823          109.917               -21.804          -17.437           23.900        244.52                         
      2.000          9.858          109.923               -22.311          -18.115           23.900        248.02                         

