  ¬рем€            U                U                Pij              –г               –т г             ”гол рот         ќтн угол U       
                   601              1002             1001             601              601              601              601              
                                                     1002                                                                                 
                                                     1                                                                                    

                    10.500          110.000                10.935           23.800           23.800         58.45                         
      0.010         10.500          110.000                10.935           23.800           23.800         58.45                         
      0.020         10.500          110.000                10.935           23.800           23.800         58.45                         
      0.030         10.500          110.000                10.935           23.800           23.800         58.45                         
      0.040         10.500          110.000                10.935           23.800           23.800         58.45                         
      0.050         10.500          110.000                10.935           23.800           23.800         58.45                         
      0.060         10.500          110.000                10.935           23.800           23.800         58.45                         
      0.070         10.500          110.000                10.935           23.800           23.800         58.45                         
      0.080         10.500          110.000                10.935           23.800           23.800         58.45                         
      0.090         10.500          110.000                10.935           23.800           23.800         58.45                         
      0.100         10.500          110.000                10.935           23.800           23.800         58.45                         
      0.100          9.892          109.323                -0.001            3.067           23.800         58.45                         
      0.110          9.892          109.323                -0.001            3.067           23.800         58.47                         
      0.120          9.892          109.323                -0.001            3.067           23.800         58.55                         
      0.130          9.892          109.323                -0.001            3.067           23.800         58.67                         
      0.140          9.892          109.323                -0.001            3.067           23.800         58.84                         
      0.150          9.892          109.323                -0.001            3.067           23.800         59.06                         
      0.160          9.892          109.323                -0.001            3.067           23.800         59.32                         
      0.170          9.892          109.323                -0.001            3.067           23.800         59.63                         
      0.180          9.892          109.323                -0.001            3.067           23.800         59.99                         
      0.190          9.892          109.323                -0.001            3.067           23.800         60.40                         
      0.200          9.892          109.323                -0.001            3.067           23.800         60.85                         
      0.210          9.892          109.323                -0.001            3.067           23.800         61.35                         
      0.220          9.892          109.323                -0.001            3.067           23.800         61.89                         
      0.230          9.892          109.323                -0.001            3.067           23.800         62.48                         
      0.240          9.892          109.323                -0.001            3.067           23.800         63.12                         
      0.250          9.892          109.323                -0.001            3.067           23.800         63.80                         
      0.260          9.892          109.323                -0.001            3.067           23.800         64.53                         
      0.260         10.490          109.989                20.415           22.174           23.800         64.53                         
      0.270         10.483          109.987                20.530           22.326           23.800         65.28                         
      0.280         10.475          109.986                20.642           22.474           23.800         66.03                         
      0.290         10.468          109.985                20.750           22.619           23.800         66.78                         
      0.300         10.461          109.983                20.855           22.760           23.800         67.53                         
      0.310         10.454          109.982                20.956           22.898           23.800         68.28                         
      0.320         10.446          109.981                21.053           23.032           23.800         69.03                         
      0.330         10.439          109.979                21.146           23.163           23.800         69.78                         
      0.340         10.431          109.978                21.236           23.290           23.800         70.53                         
      0.350         10.424          109.977                21.321           23.413           23.800         71.28                         
      0.360         10.416          109.975                21.403           23.532           23.800         72.02                         
      0.370         10.409          109.974                21.481           23.648           23.800         72.77                         
      0.380         10.401          109.973                21.556           23.760           23.800         73.51                         
      0.390         10.393          109.971                21.626           23.868           23.800         74.26                         
      0.400         10.386          109.970                21.692           23.973           23.800         75.00                         
      0.410         10.378          109.969                21.755           24.073           23.800         75.74                         
      0.420         10.370          109.967                21.813           24.170           23.800         76.48                         
      0.430         10.362          109.966                21.868           24.263           23.800         77.22                         
      0.440         10.354          109.965                21.919           24.352           23.800         77.95                         
      0.450         10.347          109.963                21.966           24.437           23.800         78.69                         
      0.460         10.339          109.962                22.009           24.519           23.800         79.42                         
      0.470         10.331          109.961                22.049           24.596           23.800         80.15                         
      0.480         10.323          109.960                22.084           24.670           23.800         80.88                         
      0.490         10.315          109.958                22.116           24.740           23.800         81.60                         
      0.500         10.307          109.957                22.144           24.806           23.800         82.32                         
      0.510         10.300          109.956                22.169           24.868           23.800         83.04                         
      0.520         10.292          109.954                22.189           24.926           23.800         83.76                         
      0.530         10.284          109.953                22.206           24.981           23.800         84.47                         
      0.540         10.276          109.952                22.220           25.032           23.800         85.18                         
      0.550         10.268          109.950                22.230           25.079           23.800         85.89                         
      0.560         10.260          109.949                22.236           25.123           23.800         86.59                         
      0.570         10.253          109.948                22.239           25.163           23.800         87.29                         
      0.580         10.245          109.947                22.239           25.200           23.800         87.99                         
      0.590         10.237          109.945                22.235           25.233           23.800         88.68                         
      0.600         10.229          109.944                22.228           25.262           23.800         89.37                         
      0.610         10.222          109.943                22.217           25.288           23.800         90.06                         
      0.620         10.214          109.942                22.204           25.311           23.800         90.74                         
      0.630         10.206          109.940                22.187           25.330           23.800         91.42                         
      0.640         10.199          109.939                22.167           25.346           23.800         92.10                         
      0.650         10.191          109.938                22.144           25.359           23.800         92.77                         
      0.660         10.183          109.937                22.118           25.368           23.800         93.44                         
      0.670         10.176          109.935                22.089           25.375           23.800         94.11                         
      0.680         10.168          109.934                22.057           25.378           23.800         94.77                         
      0.690         10.161          109.933                22.023           25.378           23.800         95.43                         
      0.700         10.154          109.932                21.985           25.375           23.800         96.08                         
      0.710         10.146          109.931                21.945           25.369           23.800         96.73                         
      0.720         10.139          109.930                21.902           25.361           23.800         97.38                         
      0.730         10.131          109.928                21.857           25.349           23.800         98.03                         
      0.740         10.124          109.927                21.809           25.335           23.800         98.67                         
      0.750         10.117          109.926                21.758           25.317           23.800         99.30                         
      0.760         10.110          109.925                21.705           25.297           23.800         99.94                         
      0.770         10.102          109.924                21.649           25.275           23.800        100.57                         
      0.780         10.095          109.923                21.591           25.250           23.800        101.20                         
      0.790         10.088          109.922                21.531           25.222           23.800        101.82                         
      0.800         10.081          109.921                21.468           25.191           23.800        102.44                         
      0.810         10.074          109.920                21.404           25.158           23.800        103.06                         
      0.820         10.067          109.919                21.336           25.123           23.800        103.68                         
      0.830         10.060          109.917                21.267           25.085           23.800        104.29                         
      0.840         10.053          109.916                21.195           25.045           23.800        104.90                         
      0.850         10.046          109.915                21.122           25.002           23.800        105.51                         
      0.860         10.040          109.914                21.046           24.957           23.800        106.11                         
      0.870         10.033          109.913                20.968           24.910           23.800        106.71                         
      0.880         10.026          109.912                20.888           24.860           23.800        107.31                         
      0.890         10.019          109.911                20.806           24.808           23.800        107.91                         
      0.900         10.013          109.910                20.722           24.754           23.800        108.51                         
      0.910         10.006          109.909                20.635           24.698           23.800        109.10                         
      0.920          9.999          109.908                20.547           24.639           23.800        109.69                         
      0.930          9.993          109.907                20.457           24.579           23.800        110.28                         
      0.940          9.986          109.906                20.365           24.516           23.800        110.87                         
      0.950          9.980          109.905                20.271           24.451           23.800        111.46                         
      0.960          9.973          109.904                20.175           24.383           23.800        112.04                         
      0.970          9.967          109.904                20.077           24.314           23.800        112.63                         
      0.980          9.960          109.903                19.976           24.242           23.800        113.21                         
      0.990          9.954          109.902                19.874           24.168           23.800        113.80                         
      1.000          9.947          109.901                19.770           24.092           23.800        114.38                         
      1.010          9.941          109.900                19.664           24.014           23.800        114.96                         
      1.020          9.935          109.899                19.556           23.934           23.800        115.54                         
      1.030          9.928          109.898                19.445           23.851           23.800        116.12                         
      1.040          9.922          109.897                19.333           23.767           23.800        116.70                         
      1.050          9.916          109.896                19.218           23.680           23.800        117.29                         
      1.060          9.909          109.895                19.102           23.590           23.800        117.87                         
      1.070          9.903          109.894                18.983           23.499           23.800        118.45                         
      1.080          9.897          109.894                18.862           23.405           23.800        119.04                         
      1.090          9.891          109.893                18.738           23.308           23.800        119.62                         
      1.100          9.884          109.892                18.613           23.210           23.800        120.21                         
      1.110          9.878          109.891                18.485           23.109           23.800        120.80                         
      1.120          9.872          109.890                18.354           23.005           23.800        121.39                         
      1.130          9.866          109.889                18.222           22.899           23.800        121.98                         
      1.140          9.860          109.888                18.086           22.790           23.800        122.57                         
      1.150          9.853          109.887                17.948           22.678           23.800        123.17                         
      1.160          9.847          109.887                17.807           22.564           23.800        123.77                         
      1.170          9.841          109.886                17.664           22.447           23.800        124.37                         
      1.180          9.835          109.885                17.518           22.327           23.800        124.97                         
      1.190          9.829          109.884                17.369           22.205           23.800        125.58                         
      1.200          9.822          109.883                17.216           22.079           23.800        126.20                         
      1.210          9.816          109.882                17.061           21.950           23.800        126.81                         
      1.220          9.810          109.882                16.903           21.818           23.800        127.43                         
      1.230          9.804          109.881                16.741           21.682           23.800        128.06                         
      1.240          9.797          109.880                16.576           21.544           23.800        128.69                         
      1.250          9.791          109.879                16.408           21.401           23.800        129.32                         
      1.260          9.785          109.878                16.236           21.255           23.800        129.97                         
      1.270          9.779          109.877                16.060           21.106           23.800        130.61                         
      1.280          9.772          109.877                15.880           20.952           23.800        131.27                         
      1.290          9.766          109.876                15.696           20.794           23.800        131.93                         
      1.300          9.760          109.875                15.508           20.633           23.800        132.59                         
      1.310          9.753          109.874                15.316           20.467           23.800        133.27                         
      1.320          9.747          109.873                15.120           20.296           23.800        133.95                         
      1.330          9.741          109.872                14.919           20.121           23.800        134.64                         
      1.340          9.734          109.872                14.713           19.942           23.800        135.34                         
      1.350          9.728          109.871                14.502           19.757           23.800        136.05                         
      1.360          9.721          109.870                14.286           19.567           23.800        136.76                         
      1.370          9.715          109.869                14.064           19.372           23.800        137.49                         
      1.380          9.709          109.868                13.838           19.171           23.800        138.23                         
      1.390          9.702          109.868                13.605           18.965           23.800        138.97                         
      1.400          9.696          109.867                13.367           18.753           23.800        139.73                         
      1.410          9.689          109.866                13.122           18.534           23.800        140.50                         
      1.420          9.682          109.865                12.871           18.309           23.800        141.28                         
      1.430          9.676          109.864                12.614           18.078           23.800        142.08                         
      1.440          9.669          109.864                12.349           17.840           23.800        142.88                         
      1.450          9.663          109.863                12.078           17.594           23.800        143.70                         
      1.460          9.656          109.862                11.799           17.341           23.800        144.54                         
      1.470          9.650          109.861                11.513           17.081           23.800        145.39                         
      1.480          9.643          109.861                11.218           16.812           23.800        146.25                         
      1.490          9.636          109.860                10.916           16.535           23.800        147.13                         
      1.500          9.630          109.859                10.605           16.250           23.800        148.03                         
      1.510          9.623          109.858                10.285           15.955           23.800        148.94                         
      1.520          9.617          109.858                 9.957           15.652           23.800        149.87                         
      1.530          9.610          109.857                 9.618           15.338           23.800        150.82                         
      1.540          9.603          109.856                 9.270           15.015           23.800        151.79                         
      1.550          9.597          109.855                 8.912           14.681           23.800        152.78                         
      1.560          9.590          109.855                 8.544           14.337           23.800        153.79                         
      1.570          9.584          109.854                 8.165           13.981           23.800        154.82                         
      1.580          9.578          109.853                 7.775           13.614           23.800        155.88                         
      1.590          9.571          109.853                 7.373           13.235           23.800        156.95                         
      1.600          9.565          109.852                 6.959           12.844           23.800        158.05                         
      1.610          9.559          109.852                 6.533           12.440           23.800        159.18                         
      1.620          9.553          109.851                 6.095           12.022           23.800        160.33                         
      1.630          9.547          109.851                 5.644           11.591           23.800        161.51                         
      1.640          9.541          109.850                 5.179           11.146           23.800        162.71                         
      1.650          9.536          109.850                 4.700           10.686           23.800        163.94                         
      1.660          9.530          109.849                 4.208           10.211           23.800        165.21                         
      1.670          9.525          109.849                 3.701            9.721           23.800        166.50                         
      1.680          9.520          109.849                 3.179            9.215           23.800        167.82                         
      1.690          9.515          109.848                 2.643            8.692           23.800        169.18                         
      1.700          9.510          109.848                 2.090            8.153           23.800        170.57                         
      1.710          9.506          109.848                 1.523            7.597           23.800        172.00                         
      1.720          9.502          109.848                 0.939            7.022           23.800        173.47                         
      1.730          9.499          109.848                 0.339            6.430           23.800        174.97                         
      1.740          9.496          109.848                -0.278            5.820           23.800        176.51                         
      1.750          9.493          109.848                -0.911            5.191           23.800        178.09                         
      1.760          9.491          109.848                -1.560            4.543           23.800        179.71                         
      1.770          9.489          109.849                -2.226            3.875           23.800        181.38                         
      1.780          9.488          109.849                -2.909            3.189           23.800        183.09                         
      1.790          9.487          109.849                -3.608            2.483           23.800        184.85                         
      1.800          9.487          109.850                -4.324            1.758           23.800        186.66                         
      1.810          9.488          109.851                -5.055            1.013           23.800        188.51                         
      1.820          9.490          109.852                -5.802            0.250           23.800        190.42                         
      1.830          9.492          109.853                -6.563           -0.533           23.800        192.38                         
      1.840          9.495          109.854                -7.339           -1.333           23.800        194.39                         
      1.850          9.500          109.855                -8.128           -2.152           23.800        196.47                         
      1.860          9.505          109.857                -8.929           -2.987           23.800        198.60                         
      1.870          9.512          109.858                -9.741           -3.838           23.800        200.79                         
      1.880          9.519          109.860               -10.562           -4.704           23.800        203.04                         
      1.890          9.528          109.862               -11.391           -5.583           23.800        205.35                         
      1.900          9.539          109.865               -12.224           -6.474           23.800        207.74                         
      1.910          9.550          109.867               -13.061           -7.374           23.800        210.19                         
      1.920          9.564          109.870               -13.899           -8.281           23.800        212.71                         
      1.930          9.579          109.873               -14.733           -9.193           23.800        215.30                         
      1.940          9.595          109.876               -15.561          -10.106           23.800        217.97                         
      1.950          9.614          109.880               -16.379          -11.016           23.800        220.71                         
      1.960          9.634          109.883               -17.184          -11.921           23.800        223.53                         
      1.970          9.656          109.888               -17.969          -12.815           23.800        226.43                         
      1.980          9.680          109.892               -18.730          -13.694           23.800        229.41                         
      1.990          9.706          109.897               -19.461          -14.552           23.800        232.48                         
      2.000          9.734          109.902               -20.157          -15.384           23.800        235.63                         

