  ¬рем€            U                U                Pij              –г               –т г             ”гол рот         ќтн угол U       
                   601              1002             1001             601              601              601              601              
                                                     1002                                                                                 
                                                     1                                                                                    

                    10.500          110.000                10.855           23.600           23.600         57.79                         
      0.010         10.500          110.000                10.855           23.600           23.600         57.79                         
      0.020         10.500          110.000                10.855           23.600           23.600         57.79                         
      0.030         10.500          110.000                10.855           23.600           23.600         57.79                         
      0.040         10.500          110.000                10.855           23.600           23.600         57.79                         
      0.050         10.500          110.000                10.855           23.600           23.600         57.79                         
      0.060         10.500          110.000                10.855           23.600           23.600         57.79                         
      0.070         10.500          110.000                10.855           23.600           23.600         57.79                         
      0.080         10.500          110.000                10.855           23.600           23.600         57.79                         
      0.090         10.500          110.000                10.855           23.600           23.600         57.79                         
      0.100         10.500          110.000                10.855           23.600           23.600         57.79                         
      0.100          9.886          109.322                -0.001            3.062           23.600         57.79                         
      0.110          9.886          109.322                -0.001            3.062           23.600         57.81                         
      0.120          9.886          109.322                -0.001            3.062           23.600         57.88                         
      0.130          9.886          109.322                -0.001            3.062           23.600         58.01                         
      0.140          9.886          109.322                -0.001            3.062           23.600         58.17                         
      0.150          9.886          109.322                -0.001            3.062           23.600         58.39                         
      0.160          9.886          109.322                -0.001            3.062           23.600         58.65                         
      0.170          9.886          109.322                -0.001            3.062           23.600         58.96                         
      0.180          9.886          109.322                -0.001            3.062           23.600         59.32                         
      0.190          9.886          109.322                -0.001            3.062           23.600         59.72                         
      0.200          9.886          109.322                -0.001            3.062           23.600         60.17                         
      0.210          9.886          109.322                -0.001            3.062           23.600         60.66                         
      0.220          9.886          109.322                -0.001            3.062           23.600         61.20                         
      0.230          9.886          109.322                -0.001            3.062           23.600         61.79                         
      0.240          9.886          109.322                -0.001            3.062           23.600         62.42                         
      0.250          9.886          109.322                -0.001            3.062           23.600         63.09                         
      0.260          9.886          109.322                -0.001            3.062           23.600         63.81                         
      0.260         10.490          109.989                20.286           22.009           23.600         63.81                         
      0.270         10.483          109.987                20.403           22.163           23.600         64.56                         
      0.280         10.476          109.986                20.518           22.313           23.600         65.30                         
      0.290         10.469          109.985                20.628           22.459           23.600         66.04                         
      0.300         10.461          109.983                20.735           22.603           23.600         66.79                         
      0.310         10.454          109.982                20.839           22.742           23.600         67.53                         
      0.320         10.447          109.981                20.939           22.879           23.600         68.27                         
      0.330         10.440          109.980                21.035           23.011           23.600         69.01                         
      0.340         10.432          109.978                21.127           23.141           23.600         69.75                         
      0.350         10.425          109.977                21.216           23.266           23.600         70.49                         
      0.360         10.418          109.976                21.301           23.388           23.600         71.23                         
      0.370         10.410          109.974                21.382           23.506           23.600         71.97                         
      0.380         10.403          109.973                21.459           23.621           23.600         72.71                         
      0.390         10.395          109.972                21.533           23.732           23.600         73.44                         
      0.400         10.387          109.970                21.602           23.839           23.600         74.18                         
      0.410         10.380          109.969                21.668           23.942           23.600         74.91                         
      0.420         10.372          109.968                21.730           24.042           23.600         75.64                         
      0.430         10.365          109.966                21.789           24.138           23.600         76.37                         
      0.440         10.357          109.965                21.843           24.230           23.600         77.10                         
      0.450         10.349          109.964                21.894           24.318           23.600         77.82                         
      0.460         10.342          109.963                21.941           24.403           23.600         78.54                         
      0.470         10.334          109.961                21.984           24.483           23.600         79.26                         
      0.480         10.326          109.960                22.024           24.560           23.600         79.98                         
      0.490         10.318          109.959                22.059           24.633           23.600         80.69                         
      0.500         10.311          109.957                22.092           24.703           23.600         81.40                         
      0.510         10.303          109.956                22.120           24.769           23.600         82.11                         
      0.520         10.295          109.955                22.145           24.831           23.600         82.82                         
      0.530         10.288          109.953                22.167           24.889           23.600         83.52                         
      0.540         10.280          109.952                22.185           24.944           23.600         84.22                         
      0.550         10.272          109.951                22.199           24.995           23.600         84.92                         
      0.560         10.265          109.950                22.210           25.043           23.600         85.61                         
      0.570         10.257          109.948                22.218           25.087           23.600         86.30                         
      0.580         10.249          109.947                22.222           25.127           23.600         86.98                         
      0.590         10.242          109.946                22.223           25.165           23.600         87.66                         
      0.600         10.234          109.945                22.221           25.198           23.600         88.34                         
      0.610         10.227          109.943                22.216           25.229           23.600         89.02                         
      0.620         10.219          109.942                22.207           25.256           23.600         89.69                         
      0.630         10.212          109.941                22.196           25.280           23.600         90.35                         
      0.640         10.204          109.940                22.181           25.300           23.600         91.01                         
      0.650         10.197          109.939                22.164           25.318           23.600         91.67                         
      0.660         10.189          109.937                22.143           25.332           23.600         92.33                         
      0.670         10.182          109.936                22.120           25.343           23.600         92.98                         
      0.680         10.175          109.935                22.094           25.352           23.600         93.62                         
      0.690         10.168          109.934                22.065           25.357           23.600         94.27                         
      0.700         10.160          109.933                22.034           25.359           23.600         94.91                         
      0.710         10.153          109.932                22.000           25.359           23.600         95.54                         
      0.720         10.146          109.931                21.964           25.356           23.600         96.17                         
      0.730         10.139          109.929                21.925           25.350           23.600         96.80                         
      0.740         10.132          109.928                21.883           25.341           23.600         97.42                         
      0.750         10.125          109.927                21.840           25.330           23.600         98.04                         
      0.760         10.118          109.926                21.793           25.316           23.600         98.66                         
      0.770         10.111          109.925                21.745           25.300           23.600         99.27                         
      0.780         10.104          109.924                21.694           25.281           23.600         99.88                         
      0.790         10.097          109.923                21.641           25.259           23.600        100.48                         
      0.800         10.090          109.922                21.586           25.236           23.600        101.08                         
      0.810         10.083          109.921                21.529           25.210           23.600        101.68                         
      0.820         10.077          109.920                21.470           25.181           23.600        102.27                         
      0.830         10.070          109.919                21.409           25.151           23.600        102.86                         
      0.840         10.063          109.918                21.346           25.118           23.600        103.45                         
      0.850         10.057          109.917                21.281           25.083           23.600        104.03                         
      0.860         10.050          109.916                21.214           25.046           23.600        104.61                         
      0.870         10.043          109.915                21.145           25.006           23.600        105.19                         
      0.880         10.037          109.914                21.074           24.965           23.600        105.76                         
      0.890         10.030          109.913                21.002           24.921           23.600        106.33                         
      0.900         10.024          109.912                20.927           24.876           23.600        106.90                         
      0.910         10.018          109.911                20.851           24.829           23.600        107.47                         
      0.920         10.011          109.910                20.773           24.779           23.600        108.03                         
      0.930         10.005          109.909                20.694           24.728           23.600        108.59                         
      0.940          9.999          109.908                20.613           24.675           23.600        109.15                         
      0.950          9.993          109.907                20.530           24.619           23.600        109.71                         
      0.960          9.986          109.906                20.445           24.562           23.600        110.26                         
      0.970          9.980          109.905                20.359           24.504           23.600        110.81                         
      0.980          9.974          109.904                20.271           24.443           23.600        111.37                         
      0.990          9.968          109.904                20.181           24.380           23.600        111.91                         
      1.000          9.962          109.903                20.090           24.316           23.600        112.46                         
      1.010          9.956          109.902                19.997           24.250           23.600        113.01                         
      1.020          9.950          109.901                19.903           24.182           23.600        113.55                         
      1.030          9.944          109.900                19.806           24.112           23.600        114.09                         
      1.040          9.938          109.899                19.708           24.040           23.600        114.64                         
      1.050          9.932          109.898                19.609           23.966           23.600        115.18                         
      1.060          9.926          109.897                19.508           23.891           23.600        115.72                         
      1.070          9.920          109.897                19.405           23.814           23.600        116.26                         
      1.080          9.914          109.896                19.300           23.735           23.600        116.80                         
      1.090          9.908          109.895                19.193           23.654           23.600        117.34                         
      1.100          9.903          109.894                19.085           23.571           23.600        117.88                         
      1.110          9.897          109.893                18.975           23.486           23.600        118.42                         
      1.120          9.891          109.892                18.863           23.399           23.600        118.96                         
      1.130          9.885          109.892                18.749           23.310           23.600        119.51                         
      1.140          9.879          109.891                18.633           23.219           23.600        120.05                         
      1.150          9.874          109.890                18.516           23.127           23.600        120.59                         
      1.160          9.868          109.889                18.396           23.032           23.600        121.14                         
      1.170          9.862          109.888                18.274           22.935           23.600        121.68                         
      1.180          9.856          109.888                18.150           22.835           23.600        122.23                         
      1.190          9.851          109.887                18.024           22.734           23.600        122.78                         
      1.200          9.845          109.886                17.896           22.630           23.600        123.33                         
      1.210          9.839          109.885                17.765           22.524           23.600        123.89                         
      1.220          9.834          109.884                17.632           22.415           23.600        124.45                         
      1.230          9.828          109.884                17.497           22.304           23.600        125.01                         
      1.240          9.822          109.883                17.359           22.191           23.600        125.57                         
      1.250          9.816          109.882                17.218           22.074           23.600        126.14                         
      1.260          9.811          109.881                17.075           21.956           23.600        126.71                         
      1.270          9.805          109.881                16.929           21.834           23.600        127.28                         
      1.280          9.799          109.880                16.780           21.709           23.600        127.86                         
      1.290          9.793          109.879                16.629           21.582           23.600        128.44                         
      1.300          9.787          109.878                16.474           21.452           23.600        129.03                         
      1.310          9.782          109.878                16.316           21.318           23.600        129.62                         
      1.320          9.776          109.877                16.155           21.181           23.600        130.22                         
      1.330          9.770          109.876                15.990           21.041           23.600        130.82                         
      1.340          9.764          109.875                15.822           20.897           23.600        131.43                         
      1.350          9.758          109.874                15.651           20.750           23.600        132.05                         
      1.360          9.752          109.874                15.475           20.599           23.600        132.67                         
      1.370          9.747          109.873                15.296           20.444           23.600        133.30                         
      1.380          9.741          109.872                15.113           20.285           23.600        133.94                         
      1.390          9.735          109.871                14.925           20.122           23.600        134.58                         
      1.400          9.729          109.871                14.734           19.955           23.600        135.23                         
      1.410          9.723          109.870                14.537           19.783           23.600        135.89                         
      1.420          9.717          109.869                14.336           19.606           23.600        136.56                         
      1.430          9.711          109.868                14.131           19.425           23.600        137.24                         
      1.440          9.705          109.868                13.920           19.239           23.600        137.93                         
      1.450          9.698          109.867                13.704           19.047           23.600        138.62                         
      1.460          9.692          109.866                13.482           18.851           23.600        139.33                         
      1.470          9.686          109.865                13.255           18.648           23.600        140.05                         
      1.480          9.680          109.865                13.023           18.440           23.600        140.78                         
      1.490          9.674          109.864                12.784           18.226           23.600        141.52                         
      1.500          9.668          109.863                12.539           18.006           23.600        142.28                         
      1.510          9.661          109.862                12.287           17.779           23.600        143.04                         
      1.520          9.655          109.862                12.029           17.545           23.600        143.82                         
      1.530          9.649          109.861                11.764           17.304           23.600        144.62                         
      1.540          9.643          109.860                11.492           17.056           23.600        145.42                         
      1.550          9.636          109.859                11.212           16.801           23.600        146.25                         
      1.560          9.630          109.859                10.924           16.538           23.600        147.08                         
      1.570          9.624          109.858                10.628           16.266           23.600        147.94                         
      1.580          9.618          109.857                10.324           15.986           23.600        148.81                         
      1.590          9.611          109.857                10.012           15.698           23.600        149.70                         
      1.600          9.605          109.856                 9.690           15.400           23.600        150.60                         
      1.610          9.599          109.855                 9.359           15.093           23.600        151.53                         
      1.620          9.592          109.855                 9.019           14.776           23.600        152.47                         
      1.630          9.586          109.854                 8.668           14.448           23.600        153.43                         
      1.640          9.580          109.853                 8.308           14.111           23.600        154.42                         
      1.650          9.574          109.853                 7.937           13.762           23.600        155.42                         
      1.660          9.568          109.852                 7.555           13.402           23.600        156.45                         
      1.670          9.562          109.851                 7.161           13.030           23.600        157.50                         
      1.680          9.556          109.851                 6.756           12.646           23.600        158.58                         
      1.690          9.550          109.850                 6.339           12.250           23.600        159.67                         
      1.700          9.544          109.850                 5.909           11.840           23.600        160.80                         
      1.710          9.538          109.849                 5.467           11.418           23.600        161.95                         
      1.720          9.533          109.849                 5.012           10.981           23.600        163.13                         
      1.730          9.527          109.848                 4.543           10.530           23.600        164.34                         
      1.740          9.522          109.848                 4.060           10.064           23.600        165.57                         
      1.750          9.517          109.848                 3.563            9.583           23.600        166.84                         
      1.760          9.512          109.847                 3.052            9.086           23.600        168.14                         
      1.770          9.507          109.847                 2.525            8.573           23.600        169.47                         
      1.780          9.503          109.847                 1.984            8.044           23.600        170.84                         
      1.790          9.499          109.847                 1.426            7.498           23.600        172.24                         
      1.800          9.495          109.847                 0.854            6.934           23.600        173.67                         
      1.810          9.492          109.847                 0.265            6.353           23.600        175.15                         
      1.820          9.489          109.847                -0.340            5.753           23.600        176.66                         
      1.830          9.486          109.847                -0.961            5.136           23.600        178.22                         
      1.840          9.484          109.847                -1.599            4.499           23.600        179.81                         
      1.850          9.482          109.847                -2.253            3.844           23.600        181.45                         
      1.860          9.481          109.848                -2.924            3.169           23.600        183.13                         
      1.870          9.480          109.848                -3.611            2.476           23.600        184.86                         
      1.880          9.481          109.849                -4.314            1.763           23.600        186.64                         
      1.890          9.481          109.850                -5.033            1.031           23.600        188.46                         
      1.900          9.483          109.851                -5.767            0.281           23.600        190.34                         
      1.910          9.485          109.852                -6.516           -0.489           23.600        192.27                         
      1.920          9.488          109.853                -7.280           -1.277           23.600        194.25                         
      1.930          9.493          109.854                -8.057           -2.082           23.600        196.29                         
      1.940          9.498          109.855                -8.845           -2.904           23.600        198.38                         
      1.950          9.504          109.857                -9.645           -3.742           23.600        200.54                         
      1.960          9.512          109.859               -10.455           -4.596           23.600        202.76                         
      1.970          9.520          109.861               -11.273           -5.462           23.600        205.04                         
      1.980          9.530          109.863               -12.096           -6.341           23.600        207.39                         
      1.990          9.542          109.866               -12.923           -7.229           23.600        209.80                         
      2.000          9.555          109.868               -13.751           -8.125           23.600        212.28                         

