  ¬рем€            U                U                Pij              –г               –т г             ”гол рот         ќтн угол U       
                   601              1002             1001             601              601              601              601              
                                                     1002                                                                                 
                                                     1                                                                                    

                     6.300          110.000                 9.497           20.500           20.500         63.36                         
      0.010          6.300          110.000                 9.497           20.500           20.500         63.36                         
      0.020          6.300          110.000                 9.497           20.500           20.500         63.36                         
      0.030          6.300          110.000                 9.497           20.500           20.500         63.36                         
      0.040          6.300          110.000                 9.497           20.500           20.500         63.36                         
      0.050          6.300          110.000                 9.497           20.500           20.500         63.36                         
      0.060          6.300          110.000                 9.497           20.500           20.500         63.36                         
      0.070          6.300          110.000                 9.497           20.500           20.500         63.36                         
      0.080          6.300          110.000                 9.497           20.500           20.500         63.36                         
      0.090          6.300          110.000                 9.497           20.500           20.500         63.36                         
      0.100          6.300          110.000                 9.497           20.500           20.500         63.36                         
      0.110          6.300          110.000                 9.497           20.500           20.500         63.36                         
      0.120          6.300          110.000                 9.497           20.500           20.500         63.36                         
      0.130          6.300          110.000                 9.497           20.500           20.500         63.36                         
      0.140          6.300          110.000                 9.497           20.500           20.500         63.36                         
      0.150          6.300          110.000                 9.497           20.500           20.500         63.36                         
      0.160          6.300          110.000                 9.497           20.500           20.500         63.36                         
      0.170          6.300          110.000                 9.497           20.500           20.500         63.36                         
      0.180          6.300          110.000                 9.497           20.500           20.500         63.36                         
      0.190          6.300          110.000                 9.497           20.500           20.500         63.36                         
      0.200          6.300          110.000                 9.497           20.500           20.500         63.36                         
      0.200          6.367          109.998                16.638           17.752           20.500         63.36                         
      0.210          6.367          109.998                16.638           17.753           20.500         63.37                         
      0.220          6.367          109.998                16.641           17.756           20.500         63.39                         
      0.230          6.367          109.998                16.645           17.761           20.500         63.42                         
      0.240          6.366          109.998                16.652           17.769           20.500         63.46                         
      0.250          6.366          109.998                16.659           17.778           20.500         63.52                         
      0.260          6.365          109.998                16.669           17.790           20.500         63.59                         
      0.270          6.364          109.998                16.680           17.804           20.500         63.67                         
      0.280          6.363          109.998                16.693           17.819           20.500         63.76                         
      0.290          6.362          109.997                16.707           17.837           20.500         63.87                         
      0.300          6.361          109.997                16.723           17.857           20.500         63.98                         
      0.310          6.360          109.997                16.741           17.878           20.500         64.11                         
      0.320          6.359          109.997                16.760           17.901           20.500         64.25                         
      0.330          6.357          109.997                16.781           17.927           20.500         64.40                         
      0.340          6.356          109.996                16.802           17.953           20.500         64.56                         
      0.350          6.354          109.996                16.826           17.982           20.500         64.74                         
      0.360          6.352          109.996                16.850           18.012           20.500         64.92                         
      0.370          6.350          109.996                16.876           18.044           20.500         65.12                         
      0.380          6.348          109.995                16.903           18.078           20.500         65.32                         
      0.390          6.346          109.995                16.931           18.112           20.500         65.54                         
      0.400          6.344          109.995                16.960           18.149           20.500         65.76                         
      0.410          6.342          109.994                16.990           18.186           20.500         66.00                         
      0.420          6.339          109.994                17.022           18.225           20.500         66.25                         
      0.430          6.336          109.994                17.054           18.266           20.500         66.50                         
      0.440          6.334          109.993                17.087           18.307           20.500         66.77                         
      0.450          6.331          109.993                17.120           18.349           20.500         67.05                         
      0.460          6.328          109.993                17.155           18.393           20.500         67.33                         
      0.470          6.325          109.992                17.190           18.437           20.500         67.62                         
      0.480          6.322          109.992                17.226           18.483           20.500         67.93                         
      0.490          6.319          109.991                17.262           18.529           20.500         68.24                         
      0.500          6.316          109.991                17.299           18.576           20.500         68.56                         
      0.510          6.312          109.990                17.336           18.623           20.500         68.89                         
      0.520          6.309          109.990                17.373           18.671           20.500         69.22                         
      0.530          6.305          109.990                17.411           18.720           20.500         69.57                         
      0.540          6.302          109.989                17.448           18.769           20.500         69.92                         
      0.550          6.298          109.988                17.486           18.819           20.500         70.27                         
      0.560          6.294          109.988                17.524           18.869           20.500         70.64                         
      0.570          6.290          109.987                17.562           18.919           20.500         71.01                         
      0.580          6.286          109.987                17.600           18.969           20.500         71.39                         
      0.590          6.282          109.986                17.638           19.019           20.500         71.78                         
      0.600          6.278          109.986                17.675           19.069           20.500         72.17                         
      0.610          6.274          109.985                17.713           19.120           20.500         72.57                         
      0.620          6.270          109.985                17.750           19.170           20.500         72.97                         
      0.630          6.265          109.984                17.786           19.220           20.500         73.38                         
      0.640          6.261          109.983                17.822           19.270           20.500         73.79                         
      0.650          6.256          109.983                17.858           19.319           20.500         74.21                         
      0.660          6.252          109.982                17.893           19.368           20.500         74.64                         
      0.670          6.247          109.982                17.927           19.417           20.500         75.06                         
      0.680          6.242          109.981                17.961           19.465           20.500         75.50                         
      0.690          6.237          109.980                17.994           19.513           20.500         75.93                         
      0.700          6.233          109.980                18.027           19.560           20.500         76.38                         
      0.710          6.228          109.979                18.058           19.606           20.500         76.82                         
      0.720          6.223          109.978                18.089           19.652           20.500         77.27                         
      0.730          6.218          109.978                18.119           19.697           20.500         77.72                         
      0.740          6.213          109.977                18.148           19.741           20.500         78.18                         
      0.750          6.207          109.976                18.176           19.785           20.500         78.64                         
      0.760          6.202          109.976                18.203           19.827           20.500         79.10                         
      0.770          6.197          109.975                18.229           19.869           20.500         79.56                         
      0.780          6.192          109.974                18.253           19.910           20.500         80.03                         
      0.790          6.186          109.974                18.277           19.949           20.500         80.50                         
      0.800          6.181          109.973                18.300           19.988           20.500         80.97                         
      0.810          6.176          109.972                18.322           20.026           20.500         81.44                         
      0.820          6.170          109.972                18.342           20.062           20.500         81.92                         
      0.830          6.165          109.971                18.361           20.098           20.500         82.39                         
      0.840          6.159          109.970                18.379           20.132           20.500         82.87                         
      0.850          6.154          109.970                18.396           20.165           20.500         83.35                         
      0.860          6.148          109.969                18.411           20.197           20.500         83.83                         
      0.870          6.142          109.968                18.426           20.228           20.500         84.31                         
      0.880          6.137          109.967                18.439           20.257           20.500         84.80                         
      0.890          6.131          109.967                18.450           20.285           20.500         85.28                         
      0.900          6.126          109.966                18.461           20.312           20.500         85.76                         
      0.910          6.120          109.965                18.470           20.338           20.500         86.25                         
      0.920          6.114          109.965                18.478           20.363           20.500         86.73                         
      0.930          6.108          109.964                18.484           20.386           20.500         87.22                         
      0.940          6.103          109.963                18.490           20.408           20.500         87.71                         
      0.950          6.097          109.962                18.493           20.428           20.500         88.19                         
      0.960          6.091          109.962                18.496           20.448           20.500         88.68                         
      0.970          6.085          109.961                18.497           20.466           20.500         89.17                         
      0.980          6.080          109.960                18.497           20.482           20.500         89.65                         
      0.990          6.074          109.960                18.496           20.498           20.500         90.14                         
      1.000          6.068          109.959                18.493           20.512           20.500         90.62                         
      1.010          6.062          109.958                18.489           20.524           20.500         91.11                         
      1.020          6.056          109.958                18.484           20.535           20.500         91.60                         
      1.030          6.050          109.957                18.477           20.545           20.500         92.08                         
      1.040          6.045          109.956                18.469           20.554           20.500         92.57                         
      1.050          6.039          109.955                18.460           20.561           20.500         93.05                         
      1.060          6.033          109.955                18.449           20.567           20.500         93.54                         
      1.070          6.027          109.954                18.437           20.572           20.500         94.02                         
      1.080          6.021          109.953                18.424           20.576           20.500         94.50                         
      1.090          6.015          109.953                18.410           20.578           20.500         94.99                         
      1.100          6.009          109.952                18.394           20.578           20.500         95.47                         
      1.110          6.004          109.951                18.377           20.578           20.500         95.95                         
      1.120          5.998          109.951                18.358           20.576           20.500         96.43                         
      1.130          5.992          109.950                18.339           20.573           20.500         96.91                         
      1.140          5.986          109.949                18.318           20.568           20.500         97.40                         
      1.150          5.980          109.949                18.296           20.563           20.500         97.88                         
      1.160          5.974          109.948                18.273           20.556           20.500         98.36                         
      1.170          5.968          109.947                18.248           20.547           20.500         98.84                         
      1.180          5.963          109.946                18.222           20.538           20.500         99.32                         
      1.190          5.957          109.946                18.195           20.527           20.500         99.79                         
      1.200          5.951          109.945                18.166           20.514           20.500        100.27                         
      1.210          5.945          109.944                18.137           20.501           20.500        100.75                         
      1.220          5.939          109.944                18.106           20.486           20.500        101.23                         
      1.230          5.933          109.943                18.074           20.470           20.500        101.71                         
      1.240          5.927          109.942                18.040           20.453           20.500        102.19                         
      1.250          5.921          109.942                18.006           20.434           20.500        102.67                         
      1.260          5.916          109.941                17.970           20.414           20.500        103.15                         
      1.270          5.910          109.940                17.932           20.393           20.500        103.63                         
      1.280          5.904          109.940                17.894           20.371           20.500        104.11                         
      1.290          5.898          109.939                17.854           20.347           20.500        104.59                         
      1.300          5.892          109.938                17.813           20.322           20.500        105.07                         
      1.310          5.886          109.938                17.771           20.295           20.500        105.56                         
      1.320          5.880          109.937                17.727           20.267           20.500        106.04                         
      1.330          5.874          109.936                17.682           20.238           20.500        106.52                         
      1.340          5.868          109.936                17.635           20.208           20.500        107.01                         
      1.350          5.862          109.935                17.587           20.176           20.500        107.50                         
      1.360          5.856          109.934                17.538           20.142           20.500        107.99                         
      1.370          5.850          109.934                17.487           20.108           20.500        108.48                         
      1.380          5.844          109.933                17.435           20.071           20.500        108.97                         
      1.390          5.838          109.933                17.381           20.034           20.500        109.46                         
      1.400          5.832          109.932                17.326           19.995           20.500        109.96                         
      1.410          5.826          109.931                17.269           19.954           20.500        110.46                         
      1.420          5.820          109.931                17.211           19.912           20.500        110.96                         
      1.430          5.814          109.930                17.151           19.868           20.500        111.46                         
      1.440          5.808          109.929                17.089           19.822           20.500        111.97                         
      1.450          5.802          109.929                17.026           19.775           20.500        112.47                         
      1.460          5.796          109.928                16.961           19.726           20.500        112.99                         
      1.470          5.789          109.927                16.894           19.676           20.500        113.50                         
      1.480          5.783          109.927                16.825           19.623           20.500        114.02                         
      1.490          5.777          109.926                16.755           19.569           20.500        114.55                         
      1.500          5.770          109.925                16.682           19.513           20.500        115.07                         
      1.510          5.764          109.925                16.607           19.455           20.500        115.61                         
      1.520          5.758          109.924                16.531           19.394           20.500        116.14                         
      1.530          5.751          109.923                16.452           19.332           20.500        116.69                         
      1.540          5.745          109.923                16.371           19.268           20.500        117.23                         
      1.550          5.738          109.922                16.287           19.201           20.500        117.78                         
      1.560          5.732          109.921                16.201           19.132           20.500        118.34                         
      1.570          5.725          109.921                16.113           19.061           20.500        118.91                         
      1.580          5.718          109.920                16.022           18.987           20.500        119.48                         
      1.590          5.711          109.919                15.928           18.910           20.500        120.06                         
      1.600          5.705          109.918                15.832           18.831           20.500        120.64                         
      1.610          5.698          109.918                15.733           18.749           20.500        121.23                         
      1.620          5.691          109.917                15.630           18.665           20.500        121.83                         
      1.630          5.684          109.916                15.525           18.577           20.500        122.44                         
      1.640          5.677          109.916                15.416           18.486           20.500        123.06                         
      1.650          5.669          109.915                15.304           18.392           20.500        123.69                         
      1.660          5.662          109.914                15.188           18.294           20.500        124.32                         
      1.670          5.655          109.914                15.069           18.193           20.500        124.97                         
      1.680          5.647          109.913                14.946           18.088           20.500        125.62                         
      1.690          5.640          109.912                14.818           17.979           20.500        126.29                         
      1.700          5.632          109.911                14.687           17.866           20.500        126.97                         
      1.710          5.625          109.911                14.551           17.749           20.500        127.66                         
      1.720          5.617          109.910                14.411           17.628           20.500        128.36                         
      1.730          5.609          109.909                14.265           17.502           20.500        129.07                         
      1.740          5.601          109.908                14.115           17.371           20.500        129.80                         
      1.750          5.593          109.908                13.960           17.235           20.500        130.54                         
      1.760          5.585          109.907                13.799           17.094           20.500        131.30                         
      1.770          5.577          109.906                13.633           16.947           20.500        132.07                         
      1.780          5.568          109.905                13.460           16.794           20.500        132.86                         
      1.790          5.560          109.905                13.282           16.636           20.500        133.66                         
      1.800          5.551          109.904                13.096           16.471           20.500        134.49                         
      1.810          5.543          109.903                12.904           16.299           20.500        135.33                         
      1.820          5.534          109.902                12.705           16.121           20.500        136.18                         
      1.830          5.525          109.901                12.499           15.935           20.500        137.06                         
      1.840          5.516          109.901                12.284           15.741           20.500        137.96                         
      1.850          5.507          109.900                12.062           15.540           20.500        138.88                         
      1.860          5.498          109.899                11.831           15.329           20.500        139.82                         
      1.870          5.489          109.898                11.591           15.111           20.500        140.79                         
      1.880          5.479          109.897                11.341           14.882           20.500        141.78                         
      1.890          5.470          109.897                11.082           14.644           20.500        142.79                         
      1.900          5.461          109.896                10.813           14.396           20.500        143.83                         
      1.910          5.451          109.895                10.532           14.137           20.500        144.90                         
      1.920          5.441          109.894                10.241           13.867           20.500        146.00                         
      1.930          5.432          109.894                 9.938           13.585           20.500        147.12                         
      1.940          5.422          109.893                 9.622           13.291           20.500        148.28                         
      1.950          5.412          109.892                 9.294           12.984           20.500        149.47                         
      1.960          5.403          109.891                 8.953           12.663           20.500        150.69                         
      1.970          5.393          109.891                 8.597           12.328           20.500        151.95                         
      1.980          5.383          109.890                 8.227           11.978           20.500        153.24                         
      1.990          5.373          109.889                 7.841           11.612           20.500        154.58                         
      2.000          5.364          109.888                 7.440           11.231           20.500        155.95                         

