  ¬рем€            U                U                Pij              –г               –т г             ”гол рот         ќтн угол U       
                   601              1002             1001             601              601              601              601              
                                                     1002                                                                                 
                                                     1                                                                                    

                     6.300          110.000                 9.856           21.400           21.400         67.27                         
      0.010          6.300          110.000                 9.856           21.400           21.400         67.27                         
      0.020          6.300          110.000                 9.856           21.400           21.400         67.27                         
      0.030          6.300          110.000                 9.856           21.400           21.400         67.27                         
      0.040          6.300          110.000                 9.856           21.400           21.400         67.27                         
      0.050          6.300          110.000                 9.856           21.400           21.400         67.27                         
      0.060          6.300          110.000                 9.856           21.400           21.400         67.27                         
      0.070          6.300          110.000                 9.856           21.400           21.400         67.27                         
      0.080          6.300          110.000                 9.856           21.400           21.400         67.27                         
      0.090          6.300          110.000                 9.856           21.400           21.400         67.27                         
      0.100          6.300          110.000                 9.856           21.400           21.400         67.27                         
      0.110          6.300          110.000                 9.856           21.400           21.400         67.27                         
      0.120          6.300          110.000                 9.856           21.400           21.400         67.27                         
      0.130          6.300          110.000                 9.856           21.400           21.400         67.27                         
      0.140          6.300          110.000                 9.856           21.400           21.400         67.27                         
      0.150          6.300          110.000                 9.856           21.400           21.400         67.27                         
      0.160          6.300          110.000                 9.856           21.400           21.400         67.27                         
      0.170          6.300          110.000                 9.856           21.400           21.400         67.27                         
      0.180          6.300          110.000                 9.856           21.400           21.400         67.27                         
      0.190          6.300          110.000                 9.856           21.400           21.400         67.27                         
      0.200          6.300          110.000                 9.856           21.400           21.400         67.27                         
      0.200          6.374          109.999                17.291           18.539           21.400         67.27                         
      0.210          6.374          109.999                17.292           18.540           21.400         67.28                         
      0.220          6.374          109.999                17.294           18.543           21.400         67.30                         
      0.230          6.374          109.999                17.298           18.548           21.400         67.33                         
      0.240          6.373          109.999                17.304           18.555           21.400         67.38                         
      0.250          6.373          109.999                17.311           18.564           21.400         67.44                         
      0.260          6.372          109.999                17.319           18.575           21.400         67.51                         
      0.270          6.371          109.999                17.330           18.587           21.400         67.59                         
      0.280          6.370          109.998                17.341           18.602           21.400         67.69                         
      0.290          6.369          109.998                17.354           18.618           21.400         67.80                         
      0.300          6.368          109.998                17.368           18.637           21.400         67.92                         
      0.310          6.367          109.998                17.384           18.657           21.400         68.05                         
      0.320          6.365          109.998                17.401           18.678           21.400         68.20                         
      0.330          6.363          109.997                17.419           18.702           21.400         68.35                         
      0.340          6.362          109.997                17.439           18.727           21.400         68.52                         
      0.350          6.360          109.997                17.460           18.753           21.400         68.70                         
      0.360          6.358          109.997                17.481           18.781           21.400         68.90                         
      0.370          6.356          109.996                17.504           18.811           21.400         69.10                         
      0.380          6.354          109.996                17.528           18.842           21.400         69.32                         
      0.390          6.351          109.996                17.553           18.874           21.400         69.54                         
      0.400          6.349          109.995                17.579           18.908           21.400         69.78                         
      0.410          6.346          109.995                17.606           18.942           21.400         70.03                         
      0.420          6.344          109.995                17.633           18.978           21.400         70.29                         
      0.430          6.341          109.994                17.661           19.015           21.400         70.56                         
      0.440          6.338          109.994                17.690           19.053           21.400         70.83                         
      0.450          6.335          109.993                17.720           19.092           21.400         71.12                         
      0.460          6.332          109.993                17.750           19.132           21.400         71.42                         
      0.470          6.328          109.993                17.780           19.173           21.400         71.73                         
      0.480          6.325          109.992                17.811           19.214           21.400         72.05                         
      0.490          6.321          109.992                17.843           19.256           21.400         72.38                         
      0.500          6.318          109.991                17.874           19.299           21.400         72.72                         
      0.510          6.314          109.991                17.906           19.342           21.400         73.06                         
      0.520          6.310          109.990                17.938           19.386           21.400         73.42                         
      0.530          6.306          109.990                17.970           19.430           21.400         73.78                         
      0.540          6.302          109.989                18.001           19.474           21.400         74.15                         
      0.550          6.298          109.989                18.033           19.518           21.400         74.53                         
      0.560          6.294          109.988                18.065           19.563           21.400         74.92                         
      0.570          6.290          109.987                18.096           19.608           21.400         75.32                         
      0.580          6.285          109.987                18.128           19.652           21.400         75.72                         
      0.590          6.281          109.986                18.158           19.697           21.400         76.13                         
      0.600          6.276          109.986                18.189           19.742           21.400         76.55                         
      0.610          6.272          109.985                18.219           19.786           21.400         76.97                         
      0.620          6.267          109.984                18.248           19.830           21.400         77.40                         
      0.630          6.262          109.984                18.277           19.873           21.400         77.84                         
      0.640          6.257          109.983                18.305           19.917           21.400         78.29                         
      0.650          6.252          109.982                18.333           19.959           21.400         78.74                         
      0.660          6.247          109.982                18.359           20.002           21.400         79.19                         
      0.670          6.242          109.981                18.385           20.043           21.400         79.66                         
      0.680          6.236          109.980                18.410           20.084           21.400         80.12                         
      0.690          6.231          109.980                18.434           20.124           21.400         80.60                         
      0.700          6.225          109.979                18.457           20.164           21.400         81.08                         
      0.710          6.220          109.978                18.479           20.202           21.400         81.56                         
      0.720          6.214          109.978                18.500           20.240           21.400         82.05                         
      0.730          6.209          109.977                18.519           20.276           21.400         82.54                         
      0.740          6.203          109.976                18.538           20.312           21.400         83.04                         
      0.750          6.197          109.975                18.555           20.346           21.400         83.55                         
      0.760          6.191          109.975                18.571           20.380           21.400         84.05                         
      0.770          6.185          109.974                18.586           20.412           21.400         84.57                         
      0.780          6.179          109.973                18.599           20.443           21.400         85.08                         
      0.790          6.173          109.972                18.611           20.473           21.400         85.60                         
      0.800          6.167          109.972                18.621           20.501           21.400         86.12                         
      0.810          6.161          109.971                18.630           20.528           21.400         86.65                         
      0.820          6.154          109.970                18.637           20.554           21.400         87.18                         
      0.830          6.148          109.969                18.643           20.578           21.400         87.72                         
      0.840          6.142          109.968                18.647           20.601           21.400         88.25                         
      0.850          6.135          109.968                18.650           20.622           21.400         88.80                         
      0.860          6.129          109.967                18.651           20.642           21.400         89.34                         
      0.870          6.122          109.966                18.650           20.660           21.400         89.89                         
      0.880          6.116          109.965                18.648           20.677           21.400         90.44                         
      0.890          6.109          109.964                18.644           20.692           21.400         90.99                         
      0.900          6.102          109.964                18.638           20.705           21.400         91.55                         
      0.910          6.096          109.963                18.630           20.717           21.400         92.10                         
      0.920          6.089          109.962                18.620           20.727           21.400         92.67                         
      0.930          6.082          109.961                18.609           20.735           21.400         93.23                         
      0.940          6.075          109.960                18.596           20.741           21.400         93.80                         
      0.950          6.068          109.959                18.581           20.746           21.400         94.37                         
      0.960          6.061          109.959                18.564           20.749           21.400         94.94                         
      0.970          6.054          109.958                18.545           20.749           21.400         95.52                         
      0.980          6.047          109.957                18.524           20.748           21.400         96.09                         
      0.990          6.040          109.956                18.501           20.746           21.400         96.67                         
      1.000          6.033          109.955                18.476           20.741           21.400         97.26                         
      1.010          6.026          109.954                18.449           20.734           21.400         97.84                         
      1.020          6.019          109.954                18.420           20.725           21.400         98.43                         
      1.030          6.012          109.953                18.389           20.714           21.400         99.03                         
      1.040          6.004          109.952                18.356           20.701           21.400         99.62                         
      1.050          5.997          109.951                18.321           20.686           21.400        100.22                         
      1.060          5.990          109.950                18.283           20.669           21.400        100.82                         
      1.070          5.982          109.949                18.244           20.650           21.400        101.42                         
      1.080          5.975          109.948                18.202           20.629           21.400        102.03                         
      1.090          5.967          109.948                18.158           20.605           21.400        102.64                         
      1.100          5.960          109.947                18.111           20.580           21.400        103.25                         
      1.110          5.952          109.946                18.062           20.551           21.400        103.87                         
      1.120          5.945          109.945                18.011           20.521           21.400        104.49                         
      1.130          5.937          109.944                17.957           20.488           21.400        105.12                         
      1.140          5.929          109.943                17.901           20.453           21.400        105.75                         
      1.150          5.922          109.942                17.843           20.415           21.400        106.38                         
      1.160          5.914          109.942                17.781           20.375           21.400        107.02                         
      1.170          5.906          109.941                17.718           20.333           21.400        107.66                         
      1.180          5.898          109.940                17.651           20.287           21.400        108.30                         
      1.190          5.890          109.939                17.582           20.239           21.400        108.96                         
      1.200          5.882          109.938                17.510           20.189           21.400        109.61                         
      1.210          5.874          109.937                17.434           20.135           21.400        110.27                         
      1.220          5.866          109.936                17.356           20.079           21.400        110.94                         
      1.230          5.858          109.935                17.275           20.019           21.400        111.61                         
      1.240          5.850          109.935                17.191           19.957           21.400        112.29                         
      1.250          5.841          109.934                17.104           19.891           21.400        112.98                         
      1.260          5.833          109.933                17.013           19.822           21.400        113.67                         
      1.270          5.824          109.932                16.919           19.750           21.400        114.37                         
      1.280          5.816          109.931                16.821           19.675           21.400        115.08                         
      1.290          5.807          109.930                16.720           19.596           21.400        115.79                         
      1.300          5.799          109.929                16.615           19.513           21.400        116.51                         
      1.310          5.790          109.928                16.506           19.427           21.400        117.25                         
      1.320          5.781          109.927                16.393           19.337           21.400        117.98                         
      1.330          5.773          109.926                16.276           19.242           21.400        118.73                         
      1.340          5.764          109.926                16.155           19.144           21.400        119.49                         
      1.350          5.755          109.925                16.029           19.041           21.400        120.26                         
      1.360          5.746          109.924                15.898           18.933           21.400        121.04                         
      1.370          5.736          109.923                15.763           18.821           21.400        121.83                         
      1.380          5.727          109.922                15.623           18.704           21.400        122.63                         
      1.390          5.718          109.921                15.477           18.582           21.400        123.44                         
      1.400          5.708          109.920                15.326           18.455           21.400        124.27                         
      1.410          5.699          109.919                15.170           18.322           21.400        125.11                         
      1.420          5.689          109.918                15.007           18.184           21.400        125.96                         
      1.430          5.679          109.917                14.839           18.039           21.400        126.83                         
      1.440          5.670          109.916                14.664           17.889           21.400        127.71                         
      1.450          5.660          109.915                14.482           17.732           21.400        128.61                         
      1.460          5.650          109.914                14.294           17.568           21.400        129.52                         
      1.470          5.640          109.913                14.098           17.397           21.400        130.45                         
      1.480          5.629          109.912                13.895           17.218           21.400        131.40                         
      1.490          5.619          109.911                13.684           17.032           21.400        132.37                         
      1.500          5.609          109.910                13.464           16.837           21.400        133.36                         
      1.510          5.598          109.909                13.236           16.634           21.400        134.37                         
      1.520          5.588          109.908                12.999           16.423           21.400        135.40                         
      1.530          5.577          109.907                12.753           16.201           21.400        136.45                         
      1.540          5.566          109.906                12.497           15.971           21.400        137.52                         
      1.550          5.555          109.906                12.230           15.729           21.400        138.62                         
      1.560          5.544          109.905                11.953           15.477           21.400        139.74                         
      1.570          5.534          109.904                11.664           15.214           21.400        140.90                         
      1.580          5.522          109.903                11.364           14.939           21.400        142.07                         
      1.590          5.511          109.902                11.052           14.652           21.400        143.28                         
      1.600          5.500          109.901                10.726           14.352           21.400        144.52                         
      1.610          5.489          109.900                10.388           14.038           21.400        145.79                         
      1.620          5.478          109.899                10.035           13.710           21.400        147.09                         
      1.630          5.467          109.898                 9.667           13.367           21.400        148.43                         
      1.640          5.455          109.897                 9.285           13.009           21.400        149.80                         
      1.650          5.444          109.896                 8.886           12.634           21.400        151.21                         
      1.660          5.433          109.896                 8.471           12.242           21.400        152.66                         
      1.670          5.422          109.895                 8.038           11.833           21.400        154.15                         
      1.680          5.411          109.894                 7.588           11.405           21.400        155.68                         
      1.690          5.401          109.893                 7.119           10.957           21.400        157.26                         
      1.700          5.390          109.893                 6.630           10.489           21.400        158.88                         
      1.710          5.380          109.892                 6.121           10.000           21.400        160.56                         
      1.720          5.370          109.891                 5.592            9.489           21.400        162.28                         
      1.730          5.361          109.891                 5.040            8.956           21.400        164.06                         
      1.740          5.351          109.891                 4.467            8.399           21.400        165.90                         
      1.750          5.343          109.890                 3.871            7.817           21.400        167.79                         
      1.760          5.335          109.890                 3.251            7.210           21.400        169.74                         
      1.770          5.327          109.890                 2.607            6.577           21.400        171.76                         
      1.780          5.320          109.890                 1.939            5.918           21.400        173.84                         
      1.790          5.315          109.890                 1.246            5.232           21.400        175.99                         
      1.800          5.310          109.890                 0.529            4.518           21.400        178.22                         
      1.810          5.306          109.890                -0.214            3.775           21.400        180.52                         
      1.820          5.303          109.891                -0.982            3.005           21.400        182.90                         
      1.830          5.302          109.891                -1.774            2.206           21.400        185.36                         
      1.840          5.302          109.892                -2.590            1.380           21.400        187.91                         
      1.850          5.304          109.893                -3.429            0.526           21.400        190.55                         
      1.860          5.308          109.894                -4.290           -0.355           21.400        193.28                         
      1.870          5.313          109.896                -5.171           -1.261           21.400        196.11                         
      1.880          5.321          109.897                -6.070           -2.191           21.400        199.04                         
      1.890          5.332          109.899                -6.985           -3.143           21.400        202.08                         
      1.900          5.345          109.902                -7.911           -4.113           21.400        205.23                         
      1.910          5.360          109.904                -8.845           -5.098           21.400        208.49                         
      1.920          5.379          109.907                -9.782           -6.094           21.400        211.87                         
      1.930          5.401          109.910               -10.717           -7.097           21.400        215.37                         
      1.940          5.427          109.914               -11.643           -8.099           21.400        219.00                         
      1.950          5.455          109.918               -12.552           -9.094           21.400        222.77                         
      1.960          5.488          109.922               -13.437          -10.074           21.400        226.67                         
      1.970          5.524          109.927               -14.287          -11.029           21.400        230.71                         
      1.980          5.565          109.932               -15.092          -11.950           21.400        234.89                         
      1.990          5.609          109.938               -15.840          -12.824           21.400        239.22                         
      2.000          5.657          109.944               -16.518          -13.638           21.400        243.71                         

