  ¬рем€            U                U                Pij              –г               –т г             ”гол рот         ќтн угол U       
                   601              1002             1001             601              601              601              601              
                                                     1002                                                                                 
                                                     1                                                                                    

                     6.300          110.000                 9.778           21.200           21.200         66.35                         
      0.010          6.300          110.000                 9.778           21.200           21.200         66.35                         
      0.020          6.300          110.000                 9.778           21.200           21.200         66.35                         
      0.030          6.300          110.000                 9.778           21.200           21.200         66.35                         
      0.040          6.300          110.000                 9.778           21.200           21.200         66.35                         
      0.050          6.300          110.000                 9.778           21.200           21.200         66.35                         
      0.060          6.300          110.000                 9.778           21.200           21.200         66.35                         
      0.070          6.300          110.000                 9.778           21.200           21.200         66.35                         
      0.080          6.300          110.000                 9.778           21.200           21.200         66.35                         
      0.090          6.300          110.000                 9.778           21.200           21.200         66.35                         
      0.100          6.300          110.000                 9.778           21.200           21.200         66.35                         
      0.110          6.300          110.000                 9.778           21.200           21.200         66.35                         
      0.120          6.300          110.000                 9.778           21.200           21.200         66.35                         
      0.130          6.300          110.000                 9.778           21.200           21.200         66.35                         
      0.140          6.300          110.000                 9.778           21.200           21.200         66.35                         
      0.150          6.300          110.000                 9.778           21.200           21.200         66.35                         
      0.160          6.300          110.000                 9.778           21.200           21.200         66.35                         
      0.170          6.300          110.000                 9.778           21.200           21.200         66.35                         
      0.180          6.300          110.000                 9.778           21.200           21.200         66.35                         
      0.190          6.300          110.000                 9.778           21.200           21.200         66.35                         
      0.200          6.300          110.000                 9.778           21.200           21.200         66.35                         
      0.200          6.373          109.999                17.149           18.365           21.200         66.35                         
      0.210          6.373          109.999                17.149           18.366           21.200         66.36                         
      0.220          6.373          109.999                17.152           18.369           21.200         66.38                         
      0.230          6.372          109.999                17.156           18.374           21.200         66.41                         
      0.240          6.372          109.999                17.162           18.381           21.200         66.46                         
      0.250          6.371          109.999                17.169           18.390           21.200         66.51                         
      0.260          6.370          109.998                17.178           18.401           21.200         66.58                         
      0.270          6.370          109.998                17.188           18.414           21.200         66.67                         
      0.280          6.369          109.998                17.200           18.429           21.200         66.76                         
      0.290          6.368          109.998                17.213           18.446           21.200         66.87                         
      0.300          6.366          109.998                17.228           18.465           21.200         66.99                         
      0.310          6.365          109.998                17.244           18.485           21.200         67.12                         
      0.320          6.364          109.997                17.262           18.507           21.200         67.27                         
      0.330          6.362          109.997                17.281           18.531           21.200         67.42                         
      0.340          6.360          109.997                17.301           18.556           21.200         67.59                         
      0.350          6.358          109.997                17.322           18.583           21.200         67.77                         
      0.360          6.357          109.996                17.345           18.612           21.200         67.96                         
      0.370          6.355          109.996                17.368           18.642           21.200         68.16                         
      0.380          6.352          109.996                17.393           18.674           21.200         68.37                         
      0.390          6.350          109.996                17.419           18.707           21.200         68.60                         
      0.400          6.348          109.995                17.445           18.741           21.200         68.83                         
      0.410          6.345          109.995                17.473           18.776           21.200         69.08                         
      0.420          6.342          109.995                17.501           18.813           21.200         69.33                         
      0.430          6.340          109.994                17.531           18.851           21.200         69.60                         
      0.440          6.337          109.994                17.560           18.890           21.200         69.88                         
      0.450          6.334          109.993                17.591           18.930           21.200         70.16                         
      0.460          6.331          109.993                17.622           18.971           21.200         70.46                         
      0.470          6.328          109.993                17.654           19.012           21.200         70.76                         
      0.480          6.324          109.992                17.686           19.055           21.200         71.08                         
      0.490          6.321          109.992                17.718           19.098           21.200         71.40                         
      0.500          6.317          109.991                17.751           19.142           21.200         71.74                         
      0.510          6.314          109.991                17.784           19.186           21.200         72.08                         
      0.520          6.310          109.990                17.818           19.231           21.200         72.43                         
      0.530          6.306          109.990                17.851           19.276           21.200         72.79                         
      0.540          6.302          109.989                17.884           19.321           21.200         73.15                         
      0.550          6.298          109.989                17.918           19.367           21.200         73.53                         
      0.560          6.294          109.988                17.951           19.413           21.200         73.91                         
      0.570          6.290          109.987                17.984           19.459           21.200         74.30                         
      0.580          6.286          109.987                18.017           19.505           21.200         74.70                         
      0.590          6.281          109.986                18.050           19.551           21.200         75.10                         
      0.600          6.277          109.986                18.082           19.597           21.200         75.51                         
      0.610          6.272          109.985                18.114           19.643           21.200         75.93                         
      0.620          6.267          109.984                18.145           19.689           21.200         76.36                         
      0.630          6.263          109.984                18.176           19.734           21.200         76.79                         
      0.640          6.258          109.983                18.206           19.779           21.200         77.23                         
      0.650          6.253          109.983                18.235           19.824           21.200         77.67                         
      0.660          6.248          109.982                18.264           19.868           21.200         78.12                         
      0.670          6.243          109.981                18.292           19.911           21.200         78.57                         
      0.680          6.238          109.981                18.319           19.954           21.200         79.03                         
      0.690          6.232          109.980                18.346           19.996           21.200         79.50                         
      0.700          6.227          109.979                18.371           20.037           21.200         79.97                         
      0.710          6.222          109.978                18.396           20.078           21.200         80.44                         
      0.720          6.216          109.978                18.419           20.118           21.200         80.92                         
      0.730          6.211          109.977                18.441           20.156           21.200         81.41                         
      0.740          6.205          109.976                18.462           20.194           21.200         81.89                         
      0.750          6.199          109.976                18.482           20.231           21.200         82.39                         
      0.760          6.194          109.975                18.501           20.267           21.200         82.88                         
      0.770          6.188          109.974                18.519           20.302           21.200         83.38                         
      0.780          6.182          109.973                18.535           20.335           21.200         83.89                         
      0.790          6.176          109.973                18.550           20.368           21.200         84.39                         
      0.800          6.170          109.972                18.563           20.399           21.200         84.90                         
      0.810          6.164          109.971                18.576           20.429           21.200         85.42                         
      0.820          6.158          109.970                18.586           20.457           21.200         85.94                         
      0.830          6.152          109.970                18.596           20.484           21.200         86.46                         
      0.840          6.146          109.969                18.603           20.510           21.200         86.98                         
      0.850          6.140          109.968                18.610           20.535           21.200         87.50                         
      0.860          6.133          109.967                18.615           20.558           21.200         88.03                         
      0.870          6.127          109.967                18.618           20.579           21.200         88.56                         
      0.880          6.121          109.966                18.619           20.599           21.200         89.10                         
      0.890          6.114          109.965                18.619           20.618           21.200         89.63                         
      0.900          6.108          109.964                18.618           20.635           21.200         90.17                         
      0.910          6.102          109.963                18.615           20.650           21.200         90.71                         
      0.920          6.095          109.963                18.610           20.664           21.200         91.26                         
      0.930          6.088          109.962                18.603           20.677           21.200         91.80                         
      0.940          6.082          109.961                18.595           20.687           21.200         92.35                         
      0.950          6.075          109.960                18.585           20.696           21.200         92.90                         
      0.960          6.069          109.959                18.573           20.703           21.200         93.45                         
      0.970          6.062          109.959                18.559           20.709           21.200         94.00                         
      0.980          6.055          109.958                18.544           20.713           21.200         94.56                         
      0.990          6.048          109.957                18.527           20.715           21.200         95.11                         
      1.000          6.042          109.956                18.508           20.715           21.200         95.67                         
      1.010          6.035          109.955                18.487           20.714           21.200         96.23                         
      1.020          6.028          109.955                18.465           20.711           21.200         96.80                         
      1.030          6.021          109.954                18.440           20.706           21.200         97.36                         
      1.040          6.014          109.953                18.414           20.699           21.200         97.93                         
      1.050          6.007          109.952                18.386           20.690           21.200         98.50                         
      1.060          6.000          109.951                18.356           20.679           21.200         99.07                         
      1.070          5.993          109.950                18.324           20.667           21.200         99.64                         
      1.080          5.986          109.950                18.290           20.652           21.200        100.22                         
      1.090          5.979          109.949                18.254           20.636           21.200        100.80                         
      1.100          5.972          109.948                18.216           20.618           21.200        101.38                         
      1.110          5.965          109.947                18.176           20.598           21.200        101.96                         
      1.120          5.958          109.946                18.134           20.575           21.200        102.55                         
      1.130          5.950          109.946                18.090           20.551           21.200        103.14                         
      1.140          5.943          109.945                18.043           20.524           21.200        103.73                         
      1.150          5.936          109.944                17.995           20.496           21.200        104.32                         
      1.160          5.928          109.943                17.944           20.465           21.200        104.92                         
      1.170          5.921          109.942                17.891           20.432           21.200        105.52                         
      1.180          5.914          109.941                17.836           20.397           21.200        106.12                         
      1.190          5.906          109.941                17.779           20.360           21.200        106.73                         
      1.200          5.899          109.940                17.719           20.321           21.200        107.34                         
      1.210          5.891          109.939                17.657           20.279           21.200        107.96                         
      1.220          5.884          109.938                17.593           20.234           21.200        108.58                         
      1.230          5.876          109.937                17.526           20.188           21.200        109.20                         
      1.240          5.869          109.936                17.456           20.139           21.200        109.83                         
      1.250          5.861          109.936                17.384           20.087           21.200        110.46                         
      1.260          5.853          109.935                17.309           20.032           21.200        111.10                         
      1.270          5.845          109.934                17.231           19.975           21.200        111.74                         
      1.280          5.837          109.933                17.151           19.916           21.200        112.39                         
      1.290          5.830          109.932                17.067           19.853           21.200        113.04                         
      1.300          5.822          109.931                16.981           19.788           21.200        113.70                         
      1.310          5.814          109.931                16.891           19.719           21.200        114.36                         
      1.320          5.806          109.930                16.799           19.647           21.200        115.04                         
      1.330          5.797          109.929                16.703           19.573           21.200        115.72                         
      1.340          5.789          109.928                16.603           19.495           21.200        116.40                         
      1.350          5.781          109.927                16.500           19.413           21.200        117.10                         
      1.360          5.773          109.926                16.394           19.328           21.200        117.80                         
      1.370          5.764          109.925                16.284           19.240           21.200        118.51                         
      1.380          5.756          109.924                16.170           19.147           21.200        119.23                         
      1.390          5.747          109.924                16.052           19.051           21.200        119.96                         
      1.400          5.739          109.923                15.929           18.951           21.200        120.69                         
      1.410          5.730          109.922                15.803           18.846           21.200        121.44                         
      1.420          5.721          109.921                15.672           18.737           21.200        122.20                         
      1.430          5.712          109.920                15.536           18.624           21.200        122.97                         
      1.440          5.703          109.919                15.395           18.506           21.200        123.75                         
      1.450          5.694          109.918                15.249           18.383           21.200        124.54                         
      1.460          5.685          109.917                15.098           18.254           21.200        125.35                         
      1.470          5.676          109.916                14.942           18.121           21.200        126.17                         
      1.480          5.667          109.916                14.780           17.982           21.200        127.00                         
      1.490          5.657          109.915                14.611           17.837           21.200        127.85                         
      1.500          5.648          109.914                14.437           17.686           21.200        128.71                         
      1.510          5.638          109.913                14.256           17.528           21.200        129.58                         
      1.520          5.628          109.912                14.068           17.364           21.200        130.48                         
      1.530          5.619          109.911                13.874           17.193           21.200        131.39                         
      1.540          5.609          109.910                13.672           17.015           21.200        132.32                         
      1.550          5.599          109.909                13.462           16.829           21.200        133.27                         
      1.560          5.589          109.908                13.244           16.635           21.200        134.23                         
      1.570          5.578          109.907                13.017           16.433           21.200        135.22                         
      1.580          5.568          109.906                12.782           16.222           21.200        136.23                         
      1.590          5.558          109.905                12.537           16.001           21.200        137.26                         
      1.600          5.547          109.904                12.283           15.772           21.200        138.32                         
      1.610          5.537          109.904                12.019           15.532           21.200        139.39                         
      1.620          5.526          109.903                11.744           15.282           21.200        140.50                         
      1.630          5.516          109.902                11.458           15.020           21.200        141.63                         
      1.640          5.505          109.901                11.161           14.747           21.200        142.79                         
      1.650          5.494          109.900                10.851           14.462           21.200        143.97                         
      1.660          5.483          109.899                10.529           14.164           21.200        145.19                         
      1.670          5.472          109.898                10.194           13.853           21.200        146.44                         
      1.680          5.461          109.897                 9.845           13.528           21.200        147.72                         
      1.690          5.451          109.896                 9.481           13.188           21.200        149.04                         
      1.700          5.440          109.896                 9.102           12.833           21.200        150.39                         
      1.710          5.429          109.895                 8.708           12.462           21.200        151.78                         
      1.720          5.418          109.894                 8.298           12.074           21.200        153.21                         
      1.730          5.407          109.893                 7.870           11.668           21.200        154.68                         
      1.740          5.397          109.892                 7.425           11.244           21.200        156.19                         
      1.750          5.386          109.892                 6.961           10.801           21.200        157.75                         
      1.760          5.376          109.891                 6.478           10.339           21.200        159.35                         
      1.770          5.366          109.891                 5.975            9.855           21.200        161.00                         
      1.780          5.357          109.890                 5.452            9.350           21.200        162.70                         
      1.790          5.347          109.890                 4.907            8.822           21.200        164.46                         
      1.800          5.338          109.889                 4.341            8.272           21.200        166.27                         
      1.810          5.330          109.889                 3.752            7.697           21.200        168.14                         
      1.820          5.322          109.889                 3.140            7.097           21.200        170.07                         
      1.830          5.315          109.888                 2.504            6.472           21.200        172.06                         
      1.840          5.308          109.888                 1.845            5.821           21.200        174.12                         
      1.850          5.303          109.888                 1.161            5.143           21.200        176.25                         
      1.860          5.298          109.888                 0.452            4.437           21.200        178.45                         
      1.870          5.294          109.889                -0.281            3.704           21.200        180.73                         
      1.880          5.292          109.889                -1.039            2.944           21.200        183.08                         
      1.890          5.291          109.890                -1.821            2.155           21.200        185.52                         
      1.900          5.291          109.891                -2.627            1.339           21.200        188.04                         
      1.910          5.293          109.892                -3.455            0.495           21.200        190.65                         
      1.920          5.297          109.893                -4.305           -0.374           21.200        193.35                         
      1.930          5.302          109.894                -5.175           -1.269           21.200        196.15                         
      1.940          5.310          109.896                -6.063           -2.188           21.200        199.05                         
      1.950          5.321          109.898                -6.967           -3.128           21.200        202.06                         
      1.960          5.333          109.900                -7.882           -4.087           21.200        205.17                         
      1.970          5.349          109.903                -8.805           -5.061           21.200        208.40                         
      1.980          5.367          109.906                -9.732           -6.046           21.200        211.75                         
      1.990          5.389          109.909               -10.658           -7.038           21.200        215.21                         
      2.000          5.414          109.912               -11.575           -8.030           21.200        218.81                         

