  ¬рем€            U                U                Pij              –г               –т г             ”гол рот         ќтн угол U       
                   601              1002             1001             601              601              601              601              
                                                     1002                                                                                 
                                                     1                                                                                    

                     6.300          110.000                 9.738           21.100           21.100         65.92                         
      0.010          6.300          110.000                 9.738           21.100           21.100         65.92                         
      0.020          6.300          110.000                 9.738           21.100           21.100         65.92                         
      0.030          6.300          110.000                 9.738           21.100           21.100         65.92                         
      0.040          6.300          110.000                 9.738           21.100           21.100         65.92                         
      0.050          6.300          110.000                 9.738           21.100           21.100         65.92                         
      0.060          6.300          110.000                 9.738           21.100           21.100         65.92                         
      0.070          6.300          110.000                 9.738           21.100           21.100         65.92                         
      0.080          6.300          110.000                 9.738           21.100           21.100         65.92                         
      0.090          6.300          110.000                 9.738           21.100           21.100         65.92                         
      0.100          6.300          110.000                 9.738           21.100           21.100         65.92                         
      0.110          6.300          110.000                 9.738           21.100           21.100         65.92                         
      0.120          6.300          110.000                 9.738           21.100           21.100         65.92                         
      0.130          6.300          110.000                 9.738           21.100           21.100         65.92                         
      0.140          6.300          110.000                 9.738           21.100           21.100         65.92                         
      0.150          6.300          110.000                 9.738           21.100           21.100         65.92                         
      0.160          6.300          110.000                 9.738           21.100           21.100         65.92                         
      0.170          6.300          110.000                 9.738           21.100           21.100         65.92                         
      0.180          6.300          110.000                 9.738           21.100           21.100         65.92                         
      0.190          6.300          110.000                 9.738           21.100           21.100         65.92                         
      0.200          6.300          110.000                 9.738           21.100           21.100         65.92                         
      0.200          6.372          109.999                17.076           18.277           21.100         65.92                         
      0.210          6.372          109.999                17.077           18.278           21.100         65.92                         
      0.220          6.372          109.999                17.079           18.281           21.100         65.94                         
      0.230          6.371          109.999                17.084           18.286           21.100         65.97                         
      0.240          6.371          109.999                17.089           18.294           21.100         66.02                         
      0.250          6.370          109.998                17.097           18.303           21.100         66.08                         
      0.260          6.370          109.998                17.106           18.314           21.100         66.15                         
      0.270          6.369          109.998                17.116           18.327           21.100         66.23                         
      0.280          6.368          109.998                17.128           18.342           21.100         66.32                         
      0.290          6.367          109.998                17.142           18.359           21.100         66.43                         
      0.300          6.366          109.998                17.157           18.378           21.100         66.55                         
      0.310          6.364          109.998                17.173           18.398           21.100         66.68                         
      0.320          6.363          109.997                17.191           18.421           21.100         66.83                         
      0.330          6.361          109.997                17.210           18.445           21.100         66.98                         
      0.340          6.360          109.997                17.230           18.470           21.100         67.15                         
      0.350          6.358          109.997                17.252           18.498           21.100         67.33                         
      0.360          6.356          109.996                17.275           18.527           21.100         67.52                         
      0.370          6.354          109.996                17.299           18.557           21.100         67.72                         
      0.380          6.352          109.996                17.324           18.589           21.100         67.93                         
      0.390          6.349          109.996                17.350           18.622           21.100         68.15                         
      0.400          6.347          109.995                17.377           18.657           21.100         68.38                         
      0.410          6.345          109.995                17.405           18.693           21.100         68.63                         
      0.420          6.342          109.994                17.434           18.730           21.100         68.88                         
      0.430          6.339          109.994                17.463           18.768           21.100         69.15                         
      0.440          6.336          109.994                17.494           18.807           21.100         69.42                         
      0.450          6.333          109.993                17.525           18.847           21.100         69.71                         
      0.460          6.330          109.993                17.557           18.889           21.100         70.00                         
      0.470          6.327          109.992                17.589           18.931           21.100         70.31                         
      0.480          6.324          109.992                17.621           18.974           21.100         70.62                         
      0.490          6.321          109.992                17.654           19.017           21.100         70.94                         
      0.500          6.317          109.991                17.688           19.061           21.100         71.27                         
      0.510          6.314          109.991                17.722           19.106           21.100         71.61                         
      0.520          6.310          109.990                17.755           19.152           21.100         71.96                         
      0.530          6.306          109.990                17.789           19.197           21.100         72.32                         
      0.540          6.302          109.989                17.824           19.243           21.100         72.68                         
      0.550          6.298          109.989                17.858           19.290           21.100         73.05                         
      0.560          6.294          109.988                17.892           19.336           21.100         73.43                         
      0.570          6.290          109.987                17.926           19.383           21.100         73.82                         
      0.580          6.286          109.987                17.959           19.430           21.100         74.22                         
      0.590          6.281          109.986                17.993           19.477           21.100         74.62                         
      0.600          6.277          109.986                18.026           19.523           21.100         75.03                         
      0.610          6.272          109.985                18.058           19.570           21.100         75.44                         
      0.620          6.268          109.984                18.091           19.616           21.100         75.86                         
      0.630          6.263          109.984                18.122           19.662           21.100         76.29                         
      0.640          6.258          109.983                18.153           19.708           21.100         76.72                         
      0.650          6.253          109.983                18.184           19.753           21.100         77.16                         
      0.660          6.248          109.982                18.214           19.798           21.100         77.61                         
      0.670          6.243          109.981                18.243           19.842           21.100         78.06                         
      0.680          6.238          109.981                18.271           19.886           21.100         78.52                         
      0.690          6.233          109.980                18.298           19.929           21.100         78.98                         
      0.700          6.228          109.979                18.325           19.971           21.100         79.44                         
      0.710          6.223          109.979                18.350           20.013           21.100         79.91                         
      0.720          6.217          109.978                18.375           20.053           21.100         80.39                         
      0.730          6.212          109.977                18.398           20.093           21.100         80.87                         
      0.740          6.206          109.976                18.421           20.132           21.100         81.35                         
      0.750          6.201          109.976                18.442           20.170           21.100         81.84                         
      0.760          6.195          109.975                18.462           20.207           21.100         82.33                         
      0.770          6.189          109.974                18.481           20.243           21.100         82.82                         
      0.780          6.184          109.974                18.498           20.277           21.100         83.32                         
      0.790          6.178          109.973                18.515           20.311           21.100         83.82                         
      0.800          6.172          109.972                18.530           20.343           21.100         84.33                         
      0.810          6.166          109.971                18.543           20.375           21.100         84.84                         
      0.820          6.160          109.971                18.556           20.404           21.100         85.35                         
      0.830          6.154          109.970                18.567           20.433           21.100         85.86                         
      0.840          6.148          109.969                18.576           20.460           21.100         86.38                         
      0.850          6.142          109.968                18.584           20.486           21.100         86.90                         
      0.860          6.136          109.968                18.591           20.511           21.100         87.42                         
      0.870          6.129          109.967                18.596           20.534           21.100         87.94                         
      0.880          6.123          109.966                18.599           20.555           21.100         88.47                         
      0.890          6.117          109.965                18.601           20.575           21.100         89.00                         
      0.900          6.111          109.964                18.601           20.594           21.100         89.53                         
      0.910          6.104          109.964                18.600           20.611           21.100         90.06                         
      0.920          6.098          109.963                18.597           20.627           21.100         90.59                         
      0.930          6.091          109.962                18.593           20.641           21.100         91.13                         
      0.940          6.085          109.961                18.587           20.653           21.100         91.67                         
      0.950          6.078          109.961                18.579           20.664           21.100         92.21                         
      0.960          6.072          109.960                18.569           20.673           21.100         92.75                         
      0.970          6.065          109.959                18.558           20.681           21.100         93.29                         
      0.980          6.059          109.958                18.546           20.687           21.100         93.83                         
      0.990          6.052          109.957                18.531           20.691           21.100         94.38                         
      1.000          6.045          109.957                18.515           20.694           21.100         94.93                         
      1.010          6.039          109.956                18.497           20.695           21.100         95.48                         
      1.020          6.032          109.955                18.477           20.694           21.100         96.03                         
      1.030          6.025          109.954                18.456           20.692           21.100         96.58                         
      1.040          6.019          109.953                18.432           20.687           21.100         97.14                         
      1.050          6.012          109.953                18.407           20.681           21.100         97.69                         
      1.060          6.005          109.952                18.380           20.674           21.100         98.25                         
      1.070          5.998          109.951                18.352           20.664           21.100         98.81                         
      1.080          5.991          109.950                18.321           20.653           21.100         99.37                         
      1.090          5.984          109.949                18.289           20.639           21.100         99.94                         
      1.100          5.977          109.949                18.255           20.624           21.100        100.50                         
      1.110          5.971          109.948                18.218           20.607           21.100        101.07                         
      1.120          5.964          109.947                18.180           20.589           21.100        101.64                         
      1.130          5.957          109.946                18.140           20.568           21.100        102.21                         
      1.140          5.949          109.945                18.098           20.545           21.100        102.79                         
      1.150          5.942          109.945                18.054           20.521           21.100        103.36                         
      1.160          5.935          109.944                18.008           20.494           21.100        103.94                         
      1.170          5.928          109.943                17.960           20.466           21.100        104.52                         
      1.180          5.921          109.942                17.910           20.435           21.100        105.11                         
      1.190          5.914          109.941                17.858           20.402           21.100        105.69                         
      1.200          5.907          109.941                17.804           20.368           21.100        106.28                         
      1.210          5.899          109.940                17.747           20.331           21.100        106.88                         
      1.220          5.892          109.939                17.689           20.292           21.100        107.48                         
      1.230          5.885          109.938                17.628           20.250           21.100        108.08                         
      1.240          5.877          109.937                17.564           20.207           21.100        108.68                         
      1.250          5.870          109.936                17.498           20.161           21.100        109.29                         
      1.260          5.862          109.936                17.430           20.113           21.100        109.90                         
      1.270          5.855          109.935                17.360           20.062           21.100        110.52                         
      1.280          5.847          109.934                17.287           20.009           21.100        111.14                         
      1.290          5.840          109.933                17.211           19.953           21.100        111.76                         
      1.300          5.832          109.932                17.132           19.895           21.100        112.39                         
      1.310          5.824          109.932                17.051           19.834           21.100        113.03                         
      1.320          5.817          109.931                16.967           19.770           21.100        113.67                         
      1.330          5.809          109.930                16.880           19.704           21.100        114.32                         
      1.340          5.801          109.929                16.790           19.634           21.100        114.98                         
      1.350          5.793          109.928                16.697           19.562           21.100        115.64                         
      1.360          5.785          109.927                16.601           19.486           21.100        116.30                         
      1.370          5.777          109.927                16.501           19.408           21.100        116.98                         
      1.380          5.769          109.926                16.399           19.326           21.100        117.66                         
      1.390          5.761          109.925                16.292           19.240           21.100        118.35                         
      1.400          5.753          109.924                16.182           19.151           21.100        119.05                         
      1.410          5.744          109.923                16.068           19.058           21.100        119.76                         
      1.420          5.736          109.922                15.950           18.962           21.100        120.47                         
      1.430          5.728          109.921                15.828           18.861           21.100        121.20                         
      1.440          5.719          109.921                15.702           18.757           21.100        121.94                         
      1.450          5.710          109.920                15.571           18.648           21.100        122.68                         
      1.460          5.702          109.919                15.436           18.534           21.100        123.44                         
      1.470          5.693          109.918                15.296           18.416           21.100        124.21                         
      1.480          5.684          109.917                15.151           18.294           21.100        124.99                         
      1.490          5.675          109.916                15.001           18.166           21.100        125.78                         
      1.500          5.666          109.915                14.845           18.032           21.100        126.59                         
      1.510          5.657          109.914                14.684           17.894           21.100        127.41                         
      1.520          5.648          109.914                14.517           17.749           21.100        128.24                         
      1.530          5.638          109.913                14.344           17.599           21.100        129.09                         
      1.540          5.629          109.912                14.164           17.442           21.100        129.96                         
      1.550          5.619          109.911                13.978           17.279           21.100        130.84                         
      1.560          5.610          109.910                13.784           17.109           21.100        131.74                         
      1.570          5.600          109.909                13.584           16.932           21.100        132.65                         
      1.580          5.590          109.908                13.376           16.747           21.100        133.59                         
      1.590          5.580          109.907                13.160           16.555           21.100        134.54                         
      1.600          5.570          109.906                12.935           16.354           21.100        135.52                         
      1.610          5.560          109.905                12.702           16.145           21.100        136.51                         
      1.620          5.550          109.905                12.460           15.926           21.100        137.53                         
      1.630          5.540          109.904                12.208           15.699           21.100        138.57                         
      1.640          5.529          109.903                11.946           15.461           21.100        139.64                         
      1.650          5.519          109.902                11.674           15.213           21.100        140.73                         
      1.660          5.508          109.901                11.391           14.954           21.100        141.85                         
      1.670          5.498          109.900                11.096           14.683           21.100        142.99                         
      1.680          5.487          109.899                10.790           14.401           21.100        144.16                         
      1.690          5.476          109.898                10.471           14.106           21.100        145.37                         
      1.700          5.466          109.897                10.139           13.797           21.100        146.60                         
      1.710          5.455          109.897                 9.793           13.476           21.100        147.87                         
      1.720          5.444          109.896                 9.434           13.139           21.100        149.17                         
      1.730          5.434          109.895                 9.059           12.788           21.100        150.51                         
      1.740          5.423          109.894                 8.669           12.420           21.100        151.88                         
      1.750          5.412          109.893                 8.263           12.036           21.100        153.30                         
      1.760          5.402          109.893                 7.840           11.635           21.100        154.75                         
      1.770          5.391          109.892                 7.399           11.216           21.100        156.25                         
      1.780          5.381          109.891                 6.941           10.778           21.100        157.79                         
      1.790          5.371          109.891                 6.463           10.320           21.100        159.37                         
      1.800          5.361          109.890                 5.966            9.842           21.100        161.01                         
      1.810          5.352          109.889                 5.448            9.342           21.100        162.69                         
      1.820          5.342          109.889                 4.910            8.821           21.100        164.43                         
      1.830          5.334          109.889                 4.350            8.276           21.100        166.22                         
      1.840          5.325          109.888                 3.767            7.708           21.100        168.08                         
      1.850          5.317          109.888                 3.162            7.115           21.100        169.99                         
      1.860          5.310          109.888                 2.534            6.497           21.100        171.96                         
      1.870          5.304          109.888                 1.881            5.853           21.100        174.00                         
      1.880          5.298          109.888                 1.204            5.182           21.100        176.11                         
      1.890          5.293          109.888                 0.503            4.485           21.100        178.28                         
      1.900          5.289          109.888                -0.222            3.760           21.100        180.54                         
      1.910          5.287          109.889                -0.972            3.007           21.100        182.87                         
      1.920          5.286          109.889                -1.746            2.227           21.100        185.28                         
      1.930          5.286          109.890                -2.544            1.419           21.100        187.78                         
      1.940          5.287          109.891                -3.364            0.584           21.100        190.36                         
      1.950          5.291          109.892                -4.206           -0.277           21.100        193.04                         
      1.960          5.296          109.893                -5.069           -1.163           21.100        195.81                         
      1.970          5.304          109.895                -5.949           -2.073           21.100        198.69                         
      1.980          5.314          109.897                -6.845           -3.005           21.100        201.66                         
      1.990          5.326          109.899                -7.754           -3.956           21.100        204.75                         
      2.000          5.341          109.902                -8.671           -4.923           21.100        207.95                         

