  ¬рем€            U                U                Pij              –г               –т г             ”гол рот         ќтн угол U       
                   601              1002             1001             601              601              601              601              
                                                     1002                                                                                 
                                                     1                                                                                    

                     6.300          110.000                 9.618           20.800           20.800         64.63                         
      0.010          6.300          110.000                 9.618           20.800           20.800         64.63                         
      0.020          6.300          110.000                 9.618           20.800           20.800         64.63                         
      0.030          6.300          110.000                 9.618           20.800           20.800         64.63                         
      0.040          6.300          110.000                 9.618           20.800           20.800         64.63                         
      0.050          6.300          110.000                 9.618           20.800           20.800         64.63                         
      0.060          6.300          110.000                 9.618           20.800           20.800         64.63                         
      0.070          6.300          110.000                 9.618           20.800           20.800         64.63                         
      0.080          6.300          110.000                 9.618           20.800           20.800         64.63                         
      0.090          6.300          110.000                 9.618           20.800           20.800         64.63                         
      0.100          6.300          110.000                 9.618           20.800           20.800         64.63                         
      0.110          6.300          110.000                 9.618           20.800           20.800         64.63                         
      0.120          6.300          110.000                 9.618           20.800           20.800         64.63                         
      0.130          6.300          110.000                 9.618           20.800           20.800         64.63                         
      0.140          6.300          110.000                 9.618           20.800           20.800         64.63                         
      0.150          6.300          110.000                 9.618           20.800           20.800         64.63                         
      0.160          6.300          110.000                 9.618           20.800           20.800         64.63                         
      0.170          6.300          110.000                 9.618           20.800           20.800         64.63                         
      0.180          6.300          110.000                 9.618           20.800           20.800         64.63                         
      0.190          6.300          110.000                 9.618           20.800           20.800         64.63                         
      0.200          6.300          110.000                 9.618           20.800           20.800         64.63                         
      0.200          6.370          109.998                16.858           18.014           20.800         64.63                         
      0.210          6.370          109.998                16.858           18.015           20.800         64.63                         
      0.220          6.369          109.998                16.861           18.018           20.800         64.65                         
      0.230          6.369          109.998                16.865           18.024           20.800         64.68                         
      0.240          6.369          109.998                16.871           18.031           20.800         64.73                         
      0.250          6.368          109.998                16.879           18.040           20.800         64.78                         
      0.260          6.367          109.998                16.888           18.052           20.800         64.85                         
      0.270          6.367          109.998                16.899           18.065           20.800         64.93                         
      0.280          6.366          109.998                16.911           18.081           20.800         65.03                         
      0.290          6.365          109.998                16.925           18.098           20.800         65.13                         
      0.300          6.363          109.998                16.941           18.117           20.800         65.25                         
      0.310          6.362          109.997                16.958           18.138           20.800         65.38                         
      0.320          6.361          109.997                16.976           18.161           20.800         65.52                         
      0.330          6.359          109.997                16.996           18.186           20.800         65.68                         
      0.340          6.358          109.997                17.017           18.212           20.800         65.84                         
      0.350          6.356          109.996                17.040           18.240           20.800         66.02                         
      0.360          6.354          109.996                17.063           18.270           20.800         66.20                         
      0.370          6.352          109.996                17.088           18.301           20.800         66.40                         
      0.380          6.350          109.996                17.114           18.333           20.800         66.61                         
      0.390          6.348          109.995                17.142           18.368           20.800         66.83                         
      0.400          6.345          109.995                17.170           18.403           20.800         67.06                         
      0.410          6.343          109.995                17.199           18.440           20.800         67.30                         
      0.420          6.340          109.994                17.229           18.478           20.800         67.55                         
      0.430          6.338          109.994                17.260           18.517           20.800         67.81                         
      0.440          6.335          109.994                17.292           18.558           20.800         68.08                         
      0.450          6.332          109.993                17.324           18.599           20.800         68.36                         
      0.460          6.329          109.993                17.357           18.641           20.800         68.65                         
      0.470          6.326          109.992                17.391           18.685           20.800         68.95                         
      0.480          6.323          109.992                17.425           18.729           20.800         69.26                         
      0.490          6.320          109.991                17.460           18.774           20.800         69.58                         
      0.500          6.316          109.991                17.495           18.820           20.800         69.90                         
      0.510          6.313          109.991                17.531           18.866           20.800         70.23                         
      0.520          6.309          109.990                17.566           18.913           20.800         70.58                         
      0.530          6.306          109.990                17.602           18.960           20.800         70.93                         
      0.540          6.302          109.989                17.638           19.008           20.800         71.28                         
      0.550          6.298          109.989                17.674           19.056           20.800         71.65                         
      0.560          6.294          109.988                17.710           19.104           20.800         72.02                         
      0.570          6.290          109.987                17.746           19.152           20.800         72.40                         
      0.580          6.286          109.987                17.782           19.201           20.800         72.79                         
      0.590          6.282          109.986                17.818           19.250           20.800         73.18                         
      0.600          6.277          109.986                17.853           19.298           20.800         73.58                         
      0.610          6.273          109.985                17.888           19.347           20.800         73.99                         
      0.620          6.269          109.985                17.923           19.395           20.800         74.40                         
      0.630          6.264          109.984                17.957           19.443           20.800         74.82                         
      0.640          6.259          109.983                17.991           19.491           20.800         75.24                         
      0.650          6.255          109.983                18.024           19.539           20.800         75.67                         
      0.660          6.250          109.982                18.057           19.586           20.800         76.11                         
      0.670          6.245          109.981                18.089           19.632           20.800         76.55                         
      0.680          6.240          109.981                18.120           19.678           20.800         76.99                         
      0.690          6.235          109.980                18.150           19.724           20.800         77.44                         
      0.700          6.230          109.979                18.180           19.769           20.800         77.89                         
      0.710          6.225          109.979                18.208           19.813           20.800         78.35                         
      0.720          6.220          109.978                18.236           19.856           20.800         78.81                         
      0.730          6.215          109.977                18.263           19.899           20.800         79.28                         
      0.740          6.209          109.977                18.289           19.940           20.800         79.75                         
      0.750          6.204          109.976                18.314           19.981           20.800         80.22                         
      0.760          6.199          109.975                18.337           20.021           20.800         80.70                         
      0.770          6.193          109.975                18.360           20.060           20.800         81.17                         
      0.780          6.188          109.974                18.381           20.098           20.800         81.66                         
      0.790          6.182          109.973                18.402           20.135           20.800         82.14                         
      0.800          6.176          109.973                18.421           20.170           20.800         82.63                         
      0.810          6.171          109.972                18.439           20.205           20.800         83.12                         
      0.820          6.165          109.971                18.455           20.238           20.800         83.61                         
      0.830          6.159          109.970                18.470           20.271           20.800         84.11                         
      0.840          6.154          109.970                18.484           20.302           20.800         84.60                         
      0.850          6.148          109.969                18.497           20.331           20.800         85.10                         
      0.860          6.142          109.968                18.508           20.360           20.800         85.60                         
      0.870          6.136          109.967                18.518           20.387           20.800         86.10                         
      0.880          6.130          109.967                18.527           20.413           20.800         86.61                         
      0.890          6.124          109.966                18.534           20.437           20.800         87.11                         
      0.900          6.118          109.965                18.540           20.461           20.800         87.62                         
      0.910          6.112          109.964                18.544           20.482           20.800         88.13                         
      0.920          6.106          109.964                18.547           20.503           20.800         88.64                         
      0.930          6.100          109.963                18.548           20.522           20.800         89.15                         
      0.940          6.094          109.962                18.548           20.539           20.800         89.66                         
      0.950          6.088          109.962                18.546           20.555           20.800         90.17                         
      0.960          6.082          109.961                18.543           20.570           20.800         90.68                         
      0.970          6.076          109.960                18.539           20.583           20.800         91.20                         
      0.980          6.069          109.959                18.533           20.595           20.800         91.71                         
      0.990          6.063          109.959                18.525           20.605           20.800         92.23                         
      1.000          6.057          109.958                18.516           20.614           20.800         92.74                         
      1.010          6.051          109.957                18.506           20.621           20.800         93.26                         
      1.020          6.044          109.956                18.494           20.627           20.800         93.78                         
      1.030          6.038          109.956                18.480           20.631           20.800         94.30                         
      1.040          6.032          109.955                18.465           20.634           20.800         94.81                         
      1.050          6.026          109.954                18.449           20.635           20.800         95.33                         
      1.060          6.019          109.953                18.431           20.635           20.800         95.85                         
      1.070          6.013          109.953                18.411           20.633           20.800         96.37                         
      1.080          6.007          109.952                18.390           20.630           20.800         96.90                         
      1.090          6.000          109.951                18.367           20.625           20.800         97.42                         
      1.100          5.994          109.950                18.343           20.619           20.800         97.94                         
      1.110          5.987          109.950                18.317           20.611           20.800         98.46                         
      1.120          5.981          109.949                18.290           20.601           20.800         98.99                         
      1.130          5.975          109.948                18.261           20.590           20.800         99.51                         
      1.140          5.968          109.947                18.231           20.578           20.800        100.04                         
      1.150          5.962          109.947                18.199           20.563           20.800        100.56                         
      1.160          5.955          109.946                18.165           20.548           20.800        101.09                         
      1.170          5.949          109.945                18.130           20.530           20.800        101.62                         
      1.180          5.942          109.944                18.093           20.511           20.800        102.15                         
      1.190          5.936          109.944                18.055           20.491           20.800        102.68                         
      1.200          5.929          109.943                18.014           20.468           20.800        103.21                         
      1.210          5.923          109.942                17.973           20.444           20.800        103.74                         
      1.220          5.916          109.941                17.929           20.419           20.800        104.28                         
      1.230          5.910          109.941                17.884           20.392           20.800        104.82                         
      1.240          5.903          109.940                17.837           20.363           20.800        105.36                         
      1.250          5.896          109.939                17.789           20.332           20.800        105.90                         
      1.260          5.890          109.938                17.738           20.300           20.800        106.44                         
      1.270          5.883          109.938                17.686           20.265           20.800        106.98                         
      1.280          5.876          109.937                17.632           20.229           20.800        107.53                         
      1.290          5.870          109.936                17.577           20.192           20.800        108.08                         
      1.300          5.863          109.935                17.519           20.152           20.800        108.63                         
      1.310          5.856          109.935                17.459           20.110           20.800        109.19                         
      1.320          5.849          109.934                17.398           20.067           20.800        109.75                         
      1.330          5.842          109.933                17.334           20.022           20.800        110.31                         
      1.340          5.836          109.932                17.268           19.974           20.800        110.87                         
      1.350          5.829          109.932                17.201           19.925           20.800        111.44                         
      1.360          5.822          109.931                17.131           19.873           20.800        112.01                         
      1.370          5.815          109.930                17.059           19.819           20.800        112.59                         
      1.380          5.808          109.930                16.984           19.763           20.800        113.17                         
      1.390          5.801          109.929                16.907           19.705           20.800        113.76                         
      1.400          5.794          109.928                16.828           19.644           20.800        114.35                         
      1.410          5.786          109.927                16.746           19.581           20.800        114.94                         
      1.420          5.779          109.926                16.662           19.516           20.800        115.55                         
      1.430          5.772          109.926                16.575           19.447           20.800        116.15                         
      1.440          5.765          109.925                16.486           19.377           20.800        116.77                         
      1.450          5.757          109.924                16.393           19.303           20.800        117.38                         
      1.460          5.750          109.923                16.298           19.227           20.800        118.01                         
      1.470          5.742          109.923                16.199           19.148           20.800        118.64                         
      1.480          5.735          109.922                16.098           19.065           20.800        119.28                         
      1.490          5.727          109.921                15.993           18.980           20.800        119.93                         
      1.500          5.720          109.920                15.885           18.891           20.800        120.59                         
      1.510          5.712          109.920                15.773           18.799           20.800        121.25                         
      1.520          5.704          109.919                15.658           18.703           20.800        121.93                         
      1.530          5.696          109.918                15.538           18.604           20.800        122.61                         
      1.540          5.688          109.917                15.415           18.501           20.800        123.30                         
      1.550          5.680          109.916                15.288           18.394           20.800        124.01                         
      1.560          5.672          109.916                15.157           18.282           20.800        124.72                         
      1.570          5.664          109.915                15.021           18.167           20.800        125.45                         
      1.580          5.656          109.914                14.880           18.047           20.800        126.18                         
      1.590          5.647          109.913                14.734           17.922           20.800        126.93                         
      1.600          5.639          109.912                14.584           17.792           20.800        127.70                         
      1.610          5.630          109.911                14.428           17.657           20.800        128.47                         
      1.620          5.621          109.911                14.267           17.517           20.800        129.26                         
      1.630          5.613          109.910                14.100           17.371           20.800        130.07                         
      1.640          5.604          109.909                13.927           17.220           20.800        130.89                         
      1.650          5.595          109.908                13.747           17.062           20.800        131.72                         
      1.660          5.586          109.907                13.561           16.898           20.800        132.58                         
      1.670          5.577          109.906                13.368           16.727           20.800        133.45                         
      1.680          5.567          109.906                13.168           16.549           20.800        134.33                         
      1.690          5.558          109.905                12.961           16.363           20.800        135.24                         
      1.700          5.549          109.904                12.746           16.170           20.800        136.17                         
      1.710          5.539          109.903                12.522           15.969           20.800        137.12                         
      1.720          5.529          109.902                12.290           15.759           20.800        138.09                         
      1.730          5.520          109.901                12.049           15.540           20.800        139.08                         
      1.740          5.510          109.901                11.798           15.312           20.800        140.09                         
      1.750          5.500          109.900                11.537           15.075           20.800        141.13                         
      1.760          5.490          109.899                11.267           14.827           20.800        142.20                         
      1.770          5.480          109.898                10.985           14.568           20.800        143.29                         
      1.780          5.470          109.897                10.692           14.297           20.800        144.41                         
      1.790          5.460          109.896                10.388           14.015           20.800        145.56                         
      1.800          5.450          109.896                10.071           13.721           20.800        146.74                         
      1.810          5.439          109.895                 9.741           13.414           20.800        147.95                         
      1.820          5.429          109.894                 9.398           13.092           20.800        149.20                         
      1.830          5.419          109.893                 9.040           12.757           20.800        150.48                         
      1.840          5.409          109.892                 8.668           12.407           20.800        151.79                         
      1.850          5.398          109.892                 8.281           12.041           20.800        153.14                         
      1.860          5.388          109.891                 7.877           11.658           20.800        154.54                         
      1.870          5.378          109.890                 7.457           11.259           20.800        155.97                         
      1.880          5.368          109.890                 7.020           10.842           20.800        157.44                         
      1.890          5.358          109.889                 6.565           10.406           20.800        158.96                         
      1.900          5.349          109.888                 6.091            9.950           20.800        160.53                         
      1.910          5.340          109.888                 5.598            9.475           20.800        162.15                         
      1.920          5.330          109.887                 5.084            8.978           20.800        163.81                         
      1.930          5.322          109.887                 4.550            8.459           20.800        165.53                         
      1.940          5.313          109.887                 3.995            7.918           20.800        167.31                         
      1.950          5.306          109.886                 3.418            7.354           20.800        169.14                         
      1.960          5.298          109.886                 2.818            6.765           20.800        171.03                         
      1.970          5.292          109.886                 2.195            6.151           20.800        172.99                         
      1.980          5.286          109.886                 1.549            5.512           20.800        175.01                         
      1.990          5.281          109.886                 0.879            4.847           20.800        177.10                         
      2.000          5.276          109.886                 0.185            4.155           20.800        179.26                         

