  ¬рем€            U                U                Pij              –г               –т г             ”гол рот         ќтн угол U       
                   601              1002             1001             601              601              601              601              
                                                     1002                                                                                 
                                                     1                                                                                    

                    10.500          110.000                15.657           34.000           34.000         57.99                         
      0.010         10.500          110.000                15.657           34.000           34.000         57.99                         
      0.020         10.500          110.000                15.657           34.000           34.000         57.99                         
      0.030         10.500          110.000                15.657           34.000           34.000         57.99                         
      0.040         10.500          110.000                15.657           34.000           34.000         57.99                         
      0.050         10.500          110.000                15.657           34.000           34.000         57.99                         
      0.060         10.500          110.000                15.657           34.000           34.000         57.99                         
      0.070         10.500          110.000                15.657           34.000           34.000         57.99                         
      0.080         10.500          110.000                15.657           34.000           34.000         57.99                         
      0.090         10.500          110.000                15.657           34.000           34.000         57.99                         
      0.100         10.500          110.000                15.657           34.000           34.000         57.99                         
      0.100         10.573          110.001                27.403           29.389           34.000         57.99                         
      0.110         10.573          110.001                27.404           29.390           34.000         57.99                         
      0.120         10.573          110.001                27.409           29.396           34.000         58.01                         
      0.130         10.573          110.001                27.417           29.406           34.000         58.04                         
      0.140         10.572          110.001                27.428           29.419           34.000         58.08                         
      0.150         10.572          110.001                27.441           29.435           34.000         58.12                         
      0.160         10.571          110.001                27.458           29.456           34.000         58.18                         
      0.170         10.570          110.001                27.478           29.480           34.000         58.25                         
      0.180         10.570          110.001                27.500           29.507           34.000         58.33                         
      0.190         10.568          110.000                27.526           29.538           34.000         58.42                         
      0.200         10.567          110.000                27.554           29.572           34.000         58.52                         
      0.210         10.566          110.000                27.584           29.609           34.000         58.63                         
      0.220         10.565          110.000                27.618           29.650           34.000         58.75                         
      0.230         10.563          109.999                27.654           29.694           34.000         58.88                         
      0.240         10.562          109.999                27.692           29.741           34.000         59.01                         
      0.250         10.560          109.999                27.733           29.791           34.000         59.16                         
      0.260         10.558          109.998                27.776           29.844           34.000         59.32                         
      0.270         10.556          109.998                27.821           29.899           34.000         59.48                         
      0.280         10.554          109.998                27.869           29.958           34.000         59.66                         
      0.290         10.552          109.997                27.919           30.019           34.000         59.84                         
      0.300         10.549          109.997                27.971           30.083           34.000         60.03                         
      0.310         10.547          109.996                28.024           30.149           34.000         60.23                         
      0.320         10.545          109.996                28.080           30.217           34.000         60.44                         
      0.330         10.542          109.995                28.137           30.288           34.000         60.66                         
      0.340         10.539          109.995                28.196           30.361           34.000         60.88                         
      0.350         10.536          109.994                28.256           30.437           34.000         61.11                         
      0.360         10.534          109.994                28.318           30.514           34.000         61.35                         
      0.370         10.531          109.993                28.382           30.593           34.000         61.60                         
      0.380         10.527          109.992                28.447           30.674           34.000         61.85                         
      0.390         10.524          109.992                28.512           30.756           34.000         62.11                         
      0.400         10.521          109.991                28.579           30.840           34.000         62.38                         
      0.410         10.518          109.990                28.647           30.926           34.000         62.66                         
      0.420         10.514          109.990                28.716           31.013           34.000         62.94                         
      0.430         10.511          109.989                28.786           31.101           34.000         63.22                         
      0.440         10.507          109.988                28.856           31.190           34.000         63.52                         
      0.450         10.503          109.988                28.928           31.281           34.000         63.82                         
      0.460         10.499          109.987                28.999           31.372           34.000         64.12                         
      0.470         10.495          109.986                29.071           31.464           34.000         64.43                         
      0.480         10.491          109.985                29.143           31.557           34.000         64.74                         
      0.490         10.487          109.985                29.216           31.650           34.000         65.07                         
      0.500         10.483          109.984                29.289           31.744           34.000         65.39                         
      0.510         10.479          109.983                29.361           31.839           34.000         65.72                         
      0.520         10.475          109.982                29.434           31.933           34.000         66.05                         
      0.530         10.470          109.981                29.507           32.028           34.000         66.39                         
      0.540         10.466          109.981                29.579           32.123           34.000         66.73                         
      0.550         10.461          109.980                29.651           32.218           34.000         67.08                         
      0.560         10.457          109.979                29.723           32.313           34.000         67.43                         
      0.570         10.452          109.978                29.794           32.408           34.000         67.78                         
      0.580         10.448          109.977                29.865           32.503           34.000         68.14                         
      0.590         10.443          109.976                29.935           32.597           34.000         68.49                         
      0.600         10.438          109.975                30.005           32.691           34.000         68.85                         
      0.610         10.433          109.975                30.074           32.784           34.000         69.22                         
      0.620         10.428          109.974                30.142           32.877           34.000         69.58                         
      0.630         10.423          109.973                30.209           32.969           34.000         69.95                         
      0.640         10.418          109.972                30.275           33.060           34.000         70.32                         
      0.650         10.413          109.971                30.341           33.151           34.000         70.69                         
      0.660         10.408          109.970                30.405           33.240           34.000         71.07                         
      0.670         10.403          109.969                30.468           33.329           34.000         71.44                         
      0.680         10.398          109.968                30.530           33.417           34.000         71.82                         
      0.690         10.393          109.967                30.591           33.504           34.000         72.19                         
      0.700         10.388          109.966                30.651           33.589           34.000         72.57                         
      0.710         10.383          109.965                30.709           33.674           34.000         72.95                         
      0.720         10.377          109.964                30.766           33.757           34.000         73.32                         
      0.730         10.372          109.963                30.822           33.839           34.000         73.70                         
      0.740         10.367          109.962                30.877           33.920           34.000         74.08                         
      0.750         10.361          109.961                30.930           33.999           34.000         74.46                         
      0.760         10.356          109.960                30.981           34.077           34.000         74.84                         
      0.770         10.351          109.960                31.032           34.154           34.000         75.21                         
      0.780         10.346          109.959                31.081           34.229           34.000         75.59                         
      0.790         10.340          109.958                31.128           34.303           34.000         75.97                         
      0.800         10.335          109.957                31.174           34.375           34.000         76.34                         
      0.810         10.330          109.956                31.219           34.445           34.000         76.71                         
      0.820         10.324          109.955                31.262           34.515           34.000         77.09                         
      0.830         10.319          109.954                31.303           34.582           34.000         77.46                         
      0.840         10.314          109.953                31.343           34.648           34.000         77.83                         
      0.850         10.308          109.952                31.382           34.713           34.000         78.19                         
      0.860         10.303          109.951                31.419           34.776           34.000         78.56                         
      0.870         10.298          109.950                31.455           34.837           34.000         78.92                         
      0.880         10.292          109.949                31.489           34.897           34.000         79.29                         
      0.890         10.287          109.948                31.522           34.955           34.000         79.65                         
      0.900         10.282          109.947                31.553           35.012           34.000         80.00                         
      0.910         10.277          109.946                31.583           35.067           34.000         80.36                         
      0.920         10.272          109.946                31.611           35.120           34.000         80.71                         
      0.930         10.267          109.945                31.638           35.172           34.000         81.06                         
      0.940         10.261          109.944                31.664           35.223           34.000         81.41                         
      0.950         10.256          109.943                31.688           35.271           34.000         81.75                         
      0.960         10.251          109.942                31.711           35.319           34.000         82.09                         
      0.970         10.246          109.941                31.733           35.364           34.000         82.43                         
      0.980         10.241          109.940                31.753           35.409           34.000         82.76                         
      0.990         10.236          109.939                31.772           35.451           34.000         83.09                         
      1.000         10.231          109.939                31.790           35.493           34.000         83.42                         
      1.010         10.227          109.938                31.806           35.533           34.000         83.75                         
      1.020         10.222          109.937                31.822           35.571           34.000         84.07                         
      1.030         10.217          109.936                31.836           35.608           34.000         84.39                         
      1.040         10.212          109.935                31.849           35.644           34.000         84.70                         
      1.050         10.208          109.935                31.861           35.678           34.000         85.01                         
      1.060         10.203          109.934                31.872           35.711           34.000         85.32                         
      1.070         10.198          109.933                31.882           35.743           34.000         85.62                         
      1.080         10.194          109.932                31.891           35.773           34.000         85.92                         
      1.090         10.189          109.932                31.899           35.802           34.000         86.21                         
      1.100         10.185          109.931                31.906           35.830           34.000         86.50                         
      1.110         10.181          109.930                31.912           35.857           34.000         86.79                         
      1.120         10.176          109.929                31.917           35.882           34.000         87.07                         
      1.130         10.172          109.929                31.922           35.907           34.000         87.35                         
      1.140         10.168          109.928                31.925           35.930           34.000         87.62                         
      1.150         10.164          109.927                31.928           35.952           34.000         87.89                         
      1.160         10.160          109.927                31.930           35.973           34.000         88.16                         
      1.170         10.156          109.926                31.932           35.994           34.000         88.42                         
      1.180         10.152          109.925                31.933           36.013           34.000         88.67                         
      1.190         10.148          109.925                31.933           36.031           34.000         88.93                         
      1.200         10.144          109.924                31.932           36.048           34.000         89.17                         
      1.210         10.141          109.923                31.931           36.065           34.000         89.42                         
      1.220         10.137          109.923                31.929           36.080           34.000         89.65                         
      1.230         10.133          109.922                31.927           36.095           34.000         89.89                         
      1.240         10.130          109.922                31.925           36.109           34.000         90.12                         
      1.250         10.126          109.921                31.922           36.122           34.000         90.34                         
      1.260         10.123          109.920                31.918           36.134           34.000         90.56                         
      1.270         10.120          109.920                31.914           36.146           34.000         90.77                         
      1.280         10.116          109.919                31.910           36.157           34.000         90.98                         
      1.290         10.113          109.919                31.906           36.167           34.000         91.19                         
      1.300         10.110          109.918                31.901           36.177           34.000         91.39                         
      1.310         10.107          109.918                31.896           36.186           34.000         91.59                         
      1.320         10.104          109.917                31.890           36.194           34.000         91.78                         
      1.330         10.101          109.917                31.885           36.202           34.000         91.96                         
      1.340         10.098          109.916                31.879           36.210           34.000         92.15                         
      1.350         10.096          109.916                31.873           36.217           34.000         92.32                         
      1.360         10.093          109.916                31.867           36.223           34.000         92.49                         
      1.370         10.090          109.915                31.861           36.229           34.000         92.66                         
      1.380         10.088          109.915                31.855           36.234           34.000         92.82                         
      1.390         10.085          109.914                31.849           36.239           34.000         92.98                         
      1.400         10.083          109.914                31.843           36.244           34.000         93.13                         
      1.410         10.081          109.914                31.836           36.248           34.000         93.28                         
      1.420         10.079          109.913                31.830           36.252           34.000         93.42                         
      1.430         10.076          109.913                31.824           36.256           34.000         93.56                         
      1.440         10.074          109.913                31.818           36.259           34.000         93.69                         
      1.450         10.072          109.912                31.811           36.262           34.000         93.82                         
      1.460         10.070          109.912                31.805           36.265           34.000         93.94                         
      1.470         10.069          109.912                31.800           36.268           34.000         94.06                         
      1.480         10.067          109.911                31.794           36.270           34.000         94.18                         
      1.490         10.065          109.911                31.788           36.272           34.000         94.28                         
      1.500         10.064          109.911                31.782           36.274           34.000         94.39                         
      1.510         10.062          109.911                31.777           36.276           34.000         94.49                         
      1.520         10.061          109.910                31.772           36.277           34.000         94.58                         
      1.530         10.059          109.910                31.767           36.279           34.000         94.67                         
      1.540         10.058          109.910                31.762           36.280           34.000         94.75                         
      1.550         10.057          109.910                31.758           36.281           34.000         94.83                         
      1.560         10.056          109.909                31.753           36.282           34.000         94.90                         
      1.570         10.054          109.909                31.749           36.283           34.000         94.97                         
      1.580         10.053          109.909                31.745           36.284           34.000         95.04                         
      1.590         10.053          109.909                31.742           36.284           34.000         95.09                         
      1.600         10.052          109.909                31.739           36.285           34.000         95.15                         
      1.610         10.051          109.909                31.735           36.285           34.000         95.20                         
      1.620         10.050          109.909                31.733           36.286           34.000         95.24                         
      1.630         10.050          109.909                31.730           36.286           34.000         95.28                         
      1.640         10.049          109.908                31.728           36.286           34.000         95.31                         
      1.650         10.049          109.908                31.726           36.287           34.000         95.34                         
      1.660         10.048          109.908                31.725           36.287           34.000         95.37                         
      1.670         10.048          109.908                31.724           36.287           34.000         95.39                         
      1.680         10.048          109.908                31.723           36.287           34.000         95.40                         
      1.690         10.048          109.908                31.722           36.287           34.000         95.41                         
      1.700         10.048          109.908                31.722           36.287           34.000         95.42                         
      1.710         10.048          109.908                31.722           36.287           34.000         95.41                         
      1.720         10.048          109.908                31.722           36.287           34.000         95.41                         
      1.730         10.048          109.908                31.723           36.287           34.000         95.40                         
      1.740         10.048          109.908                31.724           36.287           34.000         95.38                         
      1.750         10.048          109.908                31.725           36.287           34.000         95.36                         
      1.760         10.049          109.908                31.727           36.287           34.000         95.34                         
      1.770         10.049          109.908                31.729           36.286           34.000         95.31                         
      1.780         10.050          109.909                31.731           36.286           34.000         95.27                         
      1.790         10.050          109.909                31.733           36.286           34.000         95.23                         
      1.800         10.051          109.909                31.736           36.285           34.000         95.19                         
      1.810         10.052          109.909                31.739           36.285           34.000         95.14                         
      1.820         10.053          109.909                31.742           36.284           34.000         95.08                         
      1.830         10.054          109.909                31.746           36.283           34.000         95.02                         
      1.840         10.055          109.909                31.750           36.283           34.000         94.96                         
      1.850         10.056          109.910                31.754           36.282           34.000         94.89                         
      1.860         10.057          109.910                31.758           36.281           34.000         94.82                         
      1.870         10.058          109.910                31.763           36.280           34.000         94.74                         
      1.880         10.059          109.910                31.768           36.278           34.000         94.65                         
      1.890         10.061          109.910                31.773           36.277           34.000         94.56                         
      1.900         10.062          109.911                31.778           36.276           34.000         94.47                         
      1.910         10.064          109.911                31.783           36.274           34.000         94.37                         
      1.920         10.065          109.911                31.789           36.272           34.000         94.27                         
      1.930         10.067          109.911                31.795           36.270           34.000         94.16                         
      1.940         10.069          109.912                31.800           36.267           34.000         94.05                         
      1.950         10.071          109.912                31.806           36.265           34.000         93.93                         
      1.960         10.073          109.912                31.812           36.262           34.000         93.80                         
      1.970         10.075          109.913                31.818           36.259           34.000         93.68                         
      1.980         10.077          109.913                31.825           36.256           34.000         93.54                         
      1.990         10.079          109.913                31.831           36.252           34.000         93.40                         
      2.000         10.081          109.914                31.837           36.248           34.000         93.26                         

