  ¬рем€            U                U                Pij              –г               –т г             ”гол рот         ќтн угол U       
                   601              1002             1001             601              601              601              601              
                                                     1002                                                                                 
                                                     1                                                                                    

                    10.500          110.000                15.332           33.200           33.200         56.25                         
      0.010         10.500          110.000                15.332           33.200           33.200         56.25                         
      0.020         10.500          110.000                15.332           33.200           33.200         56.25                         
      0.030         10.500          110.000                15.332           33.200           33.200         56.25                         
      0.040         10.500          110.000                15.332           33.200           33.200         56.25                         
      0.050         10.500          110.000                15.332           33.200           33.200         56.25                         
      0.060         10.500          110.000                15.332           33.200           33.200         56.25                         
      0.070         10.500          110.000                15.332           33.200           33.200         56.25                         
      0.080         10.500          110.000                15.332           33.200           33.200         56.25                         
      0.090         10.500          110.000                15.332           33.200           33.200         56.25                         
      0.100         10.500          110.000                15.332           33.200           33.200         56.25                         
      0.100         10.570          110.001                26.818           28.692           33.200         56.25                         
      0.110         10.570          110.001                26.820           28.694           33.200         56.26                         
      0.120         10.570          110.001                26.824           28.700           33.200         56.27                         
      0.130         10.569          110.001                26.832           28.710           33.200         56.30                         
      0.140         10.569          110.001                26.843           28.723           33.200         56.33                         
      0.150         10.568          110.001                26.857           28.740           33.200         56.38                         
      0.160         10.568          110.000                26.875           28.761           33.200         56.44                         
      0.170         10.567          110.000                26.895           28.785           33.200         56.51                         
      0.180         10.566          110.000                26.918           28.812           33.200         56.58                         
      0.190         10.565          110.000                26.944           28.844           33.200         56.67                         
      0.200         10.564          110.000                26.973           28.878           33.200         56.77                         
      0.210         10.563          109.999                27.004           28.916           33.200         56.88                         
      0.220         10.562          109.999                27.038           28.957           33.200         56.99                         
      0.230         10.560          109.999                27.075           29.002           33.200         57.12                         
      0.240         10.559          109.999                27.114           29.049           33.200         57.25                         
      0.250         10.557          109.998                27.156           29.100           33.200         57.40                         
      0.260         10.555          109.998                27.201           29.153           33.200         57.55                         
      0.270         10.553          109.997                27.247           29.210           33.200         57.71                         
      0.280         10.551          109.997                27.296           29.269           33.200         57.88                         
      0.290         10.549          109.997                27.347           29.331           33.200         58.06                         
      0.300         10.547          109.996                27.400           29.396           33.200         58.24                         
      0.310         10.545          109.996                27.456           29.463           33.200         58.44                         
      0.320         10.542          109.995                27.513           29.532           33.200         58.64                         
      0.330         10.540          109.995                27.572           29.604           33.200         58.85                         
      0.340         10.537          109.994                27.632           29.679           33.200         59.07                         
      0.350         10.535          109.994                27.695           29.755           33.200         59.30                         
      0.360         10.532          109.993                27.759           29.833           33.200         59.53                         
      0.370         10.529          109.993                27.824           29.913           33.200         59.77                         
      0.380         10.526          109.992                27.891           29.996           33.200         60.02                         
      0.390         10.523          109.992                27.959           30.079           33.200         60.27                         
      0.400         10.520          109.991                28.028           30.165           33.200         60.53                         
      0.410         10.517          109.990                28.098           30.252           33.200         60.80                         
      0.420         10.514          109.990                28.169           30.340           33.200         61.07                         
      0.430         10.510          109.989                28.241           30.430           33.200         61.35                         
      0.440         10.507          109.988                28.314           30.521           33.200         61.64                         
      0.450         10.503          109.988                28.388           30.613           33.200         61.93                         
      0.460         10.500          109.987                28.462           30.706           33.200         62.22                         
      0.470         10.496          109.986                28.537           30.800           33.200         62.52                         
      0.480         10.492          109.986                28.612           30.894           33.200         62.83                         
      0.490         10.488          109.985                28.687           30.990           33.200         63.14                         
      0.500         10.484          109.984                28.763           31.086           33.200         63.45                         
      0.510         10.480          109.983                28.839           31.182           33.200         63.77                         
      0.520         10.476          109.982                28.915           31.279           33.200         64.10                         
      0.530         10.472          109.982                28.990           31.376           33.200         64.42                         
      0.540         10.468          109.981                29.066           31.473           33.200         64.75                         
      0.550         10.464          109.980                29.141           31.570           33.200         65.09                         
      0.560         10.459          109.979                29.217           31.667           33.200         65.42                         
      0.570         10.455          109.978                29.291           31.764           33.200         65.76                         
      0.580         10.451          109.978                29.366           31.861           33.200         66.11                         
      0.590         10.446          109.977                29.440           31.958           33.200         66.45                         
      0.600         10.442          109.976                29.513           32.054           33.200         66.80                         
      0.610         10.437          109.975                29.586           32.150           33.200         67.15                         
      0.620         10.433          109.974                29.657           32.245           33.200         67.50                         
      0.630         10.428          109.973                29.729           32.340           33.200         67.85                         
      0.640         10.423          109.973                29.799           32.434           33.200         68.21                         
      0.650         10.419          109.972                29.868           32.527           33.200         68.56                         
      0.660         10.414          109.971                29.937           32.619           33.200         68.92                         
      0.670         10.409          109.970                30.004           32.711           33.200         69.28                         
      0.680         10.404          109.969                30.071           32.801           33.200         69.64                         
      0.690         10.399          109.968                30.136           32.891           33.200         70.00                         
      0.700         10.395          109.967                30.200           32.979           33.200         70.36                         
      0.710         10.390          109.966                30.263           33.067           33.200         70.72                         
      0.720         10.385          109.965                30.325           33.153           33.200         71.08                         
      0.730         10.380          109.965                30.385           33.238           33.200         71.44                         
      0.740         10.375          109.964                30.445           33.322           33.200         71.80                         
      0.750         10.370          109.963                30.503           33.404           33.200         72.16                         
      0.760         10.365          109.962                30.559           33.486           33.200         72.51                         
      0.770         10.360          109.961                30.615           33.565           33.200         72.87                         
      0.780         10.355          109.960                30.669           33.644           33.200         73.23                         
      0.790         10.350          109.959                30.721           33.721           33.200         73.58                         
      0.800         10.345          109.958                30.772           33.797           33.200         73.93                         
      0.810         10.341          109.957                30.822           33.871           33.200         74.28                         
      0.820         10.336          109.957                30.871           33.943           33.200         74.63                         
      0.830         10.331          109.956                30.918           34.014           33.200         74.98                         
      0.840         10.326          109.955                30.963           34.084           33.200         75.33                         
      0.850         10.321          109.954                31.007           34.152           33.200         75.67                         
      0.860         10.316          109.953                31.050           34.219           33.200         76.01                         
      0.870         10.311          109.952                31.092           34.284           33.200         76.35                         
      0.880         10.307          109.951                31.131           34.347           33.200         76.69                         
      0.890         10.302          109.950                31.170           34.409           33.200         77.02                         
      0.900         10.297          109.950                31.207           34.469           33.200         77.35                         
      0.910         10.292          109.949                31.243           34.528           33.200         77.68                         
      0.920         10.288          109.948                31.278           34.585           33.200         78.00                         
      0.930         10.283          109.947                31.311           34.641           33.200         78.32                         
      0.940         10.278          109.946                31.343           34.695           33.200         78.64                         
      0.950         10.274          109.946                31.373           34.748           33.200         78.95                         
      0.960         10.269          109.945                31.402           34.799           33.200         79.26                         
      0.970         10.265          109.944                31.430           34.849           33.200         79.57                         
      0.980         10.261          109.943                31.457           34.897           33.200         79.87                         
      0.990         10.256          109.942                31.483           34.944           33.200         80.17                         
      1.000         10.252          109.942                31.507           34.989           33.200         80.47                         
      1.010         10.248          109.941                31.530           35.033           33.200         80.76                         
      1.020         10.243          109.940                31.552           35.075           33.200         81.05                         
      1.030         10.239          109.940                31.573           35.116           33.200         81.33                         
      1.040         10.235          109.939                31.593           35.156           33.200         81.61                         
      1.050         10.231          109.938                31.612           35.194           33.200         81.88                         
      1.060         10.227          109.937                31.630           35.231           33.200         82.15                         
      1.070         10.223          109.937                31.647           35.267           33.200         82.41                         
      1.080         10.219          109.936                31.663           35.302           33.200         82.67                         
      1.090         10.215          109.935                31.678           35.335           33.200         82.93                         
      1.100         10.212          109.935                31.692           35.367           33.200         83.18                         
      1.110         10.208          109.934                31.705           35.398           33.200         83.43                         
      1.120         10.204          109.934                31.717           35.427           33.200         83.67                         
      1.130         10.201          109.933                31.729           35.456           33.200         83.90                         
      1.140         10.197          109.932                31.740           35.483           33.200         84.13                         
      1.150         10.194          109.932                31.750           35.509           33.200         84.36                         
      1.160         10.191          109.931                31.759           35.534           33.200         84.58                         
      1.170         10.188          109.931                31.768           35.558           33.200         84.79                         
      1.180         10.184          109.930                31.776           35.581           33.200         85.00                         
      1.190         10.181          109.930                31.783           35.604           33.200         85.21                         
      1.200         10.178          109.929                31.790           35.625           33.200         85.41                         
      1.210         10.175          109.929                31.796           35.645           33.200         85.60                         
      1.220         10.172          109.928                31.802           35.664           33.200         85.79                         
      1.230         10.170          109.928                31.807           35.683           33.200         85.98                         
      1.240         10.167          109.927                31.812           35.700           33.200         86.15                         
      1.250         10.164          109.927                31.817           35.717           33.200         86.33                         
      1.260         10.162          109.926                31.821           35.733           33.200         86.49                         
      1.270         10.159          109.926                31.824           35.748           33.200         86.65                         
      1.280         10.157          109.926                31.827           35.762           33.200         86.81                         
      1.290         10.155          109.925                31.830           35.776           33.200         86.96                         
      1.300         10.153          109.925                31.833           35.789           33.200         87.10                         
      1.310         10.150          109.924                31.835           35.801           33.200         87.24                         
      1.320         10.148          109.924                31.837           35.813           33.200         87.38                         
      1.330         10.146          109.924                31.839           35.824           33.200         87.50                         
      1.340         10.145          109.924                31.840           35.834           33.200         87.63                         
      1.350         10.143          109.923                31.841           35.843           33.200         87.74                         
      1.360         10.141          109.923                31.843           35.852           33.200         87.85                         
      1.370         10.140          109.923                31.843           35.861           33.200         87.96                         
      1.380         10.138          109.922                31.844           35.869           33.200         88.05                         
      1.390         10.137          109.922                31.845           35.876           33.200         88.15                         
      1.400         10.135          109.922                31.846           35.883           33.200         88.23                         
      1.410         10.134          109.922                31.846           35.889           33.200         88.32                         
      1.420         10.133          109.922                31.846           35.895           33.200         88.39                         
      1.430         10.132          109.921                31.847           35.900           33.200         88.46                         
      1.440         10.131          109.921                31.847           35.905           33.200         88.52                         
      1.450         10.130          109.921                31.847           35.909           33.200         88.58                         
      1.460         10.129          109.921                31.847           35.913           33.200         88.63                         
      1.470         10.129          109.921                31.847           35.917           33.200         88.68                         
      1.480         10.128          109.921                31.847           35.919           33.200         88.72                         
      1.490         10.127          109.921                31.847           35.922           33.200         88.75                         
      1.500         10.127          109.921                31.847           35.924           33.200         88.78                         
      1.510         10.127          109.921                31.847           35.926           33.200         88.80                         
      1.520         10.126          109.920                31.847           35.927           33.200         88.82                         
      1.530         10.126          109.920                31.847           35.928           33.200         88.83                         
      1.540         10.126          109.920                31.847           35.928           33.200         88.84                         
      1.550         10.126          109.920                31.847           35.928           33.200         88.83                         
      1.560         10.126          109.920                31.847           35.927           33.200         88.83                         
      1.570         10.126          109.920                31.847           35.926           33.200         88.81                         
      1.580         10.127          109.921                31.847           35.925           33.200         88.79                         
      1.590         10.127          109.921                31.847           35.923           33.200         88.77                         
      1.600         10.128          109.921                31.847           35.921           33.200         88.74                         
      1.610         10.128          109.921                31.847           35.918           33.200         88.70                         
      1.620         10.129          109.921                31.847           35.915           33.200         88.66                         
      1.630         10.130          109.921                31.847           35.912           33.200         88.61                         
      1.640         10.130          109.921                31.847           35.908           33.200         88.56                         
      1.650         10.131          109.921                31.847           35.903           33.200         88.50                         
      1.660         10.132          109.921                31.846           35.898           33.200         88.43                         
      1.670         10.133          109.922                31.846           35.893           33.200         88.36                         
      1.680         10.135          109.922                31.846           35.887           33.200         88.28                         
      1.690         10.136          109.922                31.845           35.880           33.200         88.20                         
      1.700         10.137          109.922                31.845           35.873           33.200         88.11                         
      1.710         10.139          109.923                31.844           35.866           33.200         88.02                         
      1.720         10.140          109.923                31.843           35.858           33.200         87.92                         
      1.730         10.142          109.923                31.842           35.849           33.200         87.81                         
      1.740         10.144          109.923                31.841           35.840           33.200         87.70                         
      1.750         10.145          109.924                31.840           35.830           33.200         87.58                         
      1.760         10.147          109.924                31.838           35.820           33.200         87.46                         
      1.770         10.149          109.924                31.836           35.808           33.200         87.33                         
      1.780         10.151          109.925                31.834           35.797           33.200         87.19                         
      1.790         10.153          109.925                31.832           35.784           33.200         87.05                         
      1.800         10.156          109.925                31.829           35.771           33.200         86.91                         
      1.810         10.158          109.926                31.826           35.758           33.200         86.76                         
      1.820         10.160          109.926                31.823           35.743           33.200         86.60                         
      1.830         10.163          109.927                31.819           35.728           33.200         86.44                         
      1.840         10.165          109.927                31.815           35.712           33.200         86.27                         
      1.850         10.168          109.927                31.811           35.695           33.200         86.10                         
      1.860         10.171          109.928                31.806           35.677           33.200         85.92                         
      1.870         10.173          109.928                31.801           35.659           33.200         85.74                         
      1.880         10.176          109.929                31.795           35.639           33.200         85.55                         
      1.890         10.179          109.929                31.788           35.619           33.200         85.36                         
      1.900         10.182          109.930                31.781           35.598           33.200         85.16                         
      1.910         10.185          109.930                31.774           35.576           33.200         84.95                         
      1.920         10.188          109.931                31.766           35.553           33.200         84.74                         
      1.930         10.192          109.931                31.757           35.529           33.200         84.53                         
      1.940         10.195          109.932                31.748           35.504           33.200         84.31                         
      1.950         10.198          109.933                31.737           35.477           33.200         84.09                         
      1.960         10.202          109.933                31.727           35.450           33.200         83.86                         
      1.970         10.205          109.934                31.715           35.422           33.200         83.62                         
      1.980         10.209          109.934                31.703           35.393           33.200         83.39                         
      1.990         10.212          109.935                31.690           35.362           33.200         83.14                         
      2.000         10.216          109.936                31.676           35.331           33.200         82.90                         

