  ¬рем€            U                U                Pij              –г               –т г             ”гол рот         ќтн угол U       
                   601              1002             1001             601              601              601              601              
                                                     1002                                                                                 
                                                     1                                                                                    

                    10.500          110.000                15.086           32.600           32.600         54.97                         
      0.010         10.500          110.000                15.086           32.600           32.600         54.97                         
      0.020         10.500          110.000                15.086           32.600           32.600         54.97                         
      0.030         10.500          110.000                15.086           32.600           32.600         54.97                         
      0.040         10.500          110.000                15.086           32.600           32.600         54.97                         
      0.050         10.500          110.000                15.086           32.600           32.600         54.97                         
      0.060         10.500          110.000                15.086           32.600           32.600         54.97                         
      0.070         10.500          110.000                15.086           32.600           32.600         54.97                         
      0.080         10.500          110.000                15.086           32.600           32.600         54.97                         
      0.090         10.500          110.000                15.086           32.600           32.600         54.97                         
      0.100         10.500          110.000                15.086           32.600           32.600         54.97                         
      0.100         10.567          110.000                26.376           28.171           32.600         54.97                         
      0.110         10.567          110.000                26.378           28.173           32.600         54.98                         
      0.120         10.567          110.000                26.383           28.178           32.600         54.99                         
      0.130         10.567          110.000                26.391           28.188           32.600         55.02                         
      0.140         10.566          110.000                26.402           28.201           32.600         55.06                         
      0.150         10.566          110.000                26.416           28.218           32.600         55.10                         
      0.160         10.565          110.000                26.434           28.239           32.600         55.16                         
      0.170         10.565          110.000                26.454           28.264           32.600         55.23                         
      0.180         10.564          110.000                26.477           28.291           32.600         55.30                         
      0.190         10.563          109.999                26.504           28.323           32.600         55.39                         
      0.200         10.562          109.999                26.533           28.358           32.600         55.48                         
      0.210         10.561          109.999                26.565           28.396           32.600         55.59                         
      0.220         10.559          109.999                26.600           28.437           32.600         55.70                         
      0.230         10.558          109.998                26.637           28.482           32.600         55.83                         
      0.240         10.556          109.998                26.677           28.530           32.600         55.96                         
      0.250         10.555          109.998                26.720           28.581           32.600         56.10                         
      0.260         10.553          109.998                26.765           28.635           32.600         56.25                         
      0.270         10.551          109.997                26.812           28.692           32.600         56.41                         
      0.280         10.549          109.997                26.862           28.752           32.600         56.57                         
      0.290         10.547          109.996                26.914           28.814           32.600         56.75                         
      0.300         10.545          109.996                26.968           28.879           32.600         56.93                         
      0.310         10.543          109.996                27.024           28.947           32.600         57.12                         
      0.320         10.541          109.995                27.082           29.017           32.600         57.32                         
      0.330         10.539          109.995                27.142           29.089           32.600         57.53                         
      0.340         10.536          109.994                27.204           29.164           32.600         57.74                         
      0.350         10.534          109.994                27.267           29.241           32.600         57.97                         
      0.360         10.531          109.993                27.332           29.320           32.600         58.19                         
      0.370         10.528          109.993                27.399           29.401           32.600         58.43                         
      0.380         10.525          109.992                27.467           29.484           32.600         58.67                         
      0.390         10.522          109.991                27.536           29.569           32.600         58.92                         
      0.400         10.519          109.991                27.607           29.655           32.600         59.18                         
      0.410         10.516          109.990                27.679           29.743           32.600         59.44                         
      0.420         10.513          109.990                27.751           29.832           32.600         59.70                         
      0.430         10.510          109.989                27.825           29.923           32.600         59.98                         
      0.440         10.507          109.988                27.899           30.015           32.600         60.26                         
      0.450         10.503          109.988                27.975           30.108           32.600         60.54                         
      0.460         10.500          109.987                28.051           30.201           32.600         60.83                         
      0.470         10.496          109.986                28.127           30.296           32.600         61.12                         
      0.480         10.493          109.986                28.204           30.392           32.600         61.42                         
      0.490         10.489          109.985                28.281           30.488           32.600         61.72                         
      0.500         10.485          109.984                28.359           30.585           32.600         62.03                         
      0.510         10.481          109.983                28.436           30.683           32.600         62.34                         
      0.520         10.477          109.983                28.514           30.781           32.600         62.66                         
      0.530         10.473          109.982                28.592           30.879           32.600         62.98                         
      0.540         10.469          109.981                28.670           30.977           32.600         63.30                         
      0.550         10.465          109.980                28.747           31.076           32.600         63.62                         
      0.560         10.461          109.980                28.825           31.174           32.600         63.95                         
      0.570         10.457          109.979                28.902           31.273           32.600         64.28                         
      0.580         10.453          109.978                28.978           31.371           32.600         64.62                         
      0.590         10.449          109.977                29.055           31.469           32.600         64.95                         
      0.600         10.444          109.976                29.130           31.567           32.600         65.29                         
      0.610         10.440          109.976                29.205           31.664           32.600         65.63                         
      0.620         10.436          109.975                29.280           31.761           32.600         65.97                         
      0.630         10.431          109.974                29.353           31.857           32.600         66.31                         
      0.640         10.427          109.973                29.426           31.952           32.600         66.66                         
      0.650         10.422          109.972                29.498           32.047           32.600         67.00                         
      0.660         10.418          109.971                29.569           32.141           32.600         67.35                         
      0.670         10.413          109.971                29.639           32.234           32.600         67.70                         
      0.680         10.409          109.970                29.709           32.327           32.600         68.04                         
      0.690         10.404          109.969                29.777           32.418           32.600         68.39                         
      0.700         10.399          109.968                29.844           32.508           32.600         68.74                         
      0.710         10.395          109.967                29.909           32.597           32.600         69.08                         
      0.720         10.390          109.966                29.974           32.685           32.600         69.43                         
      0.730         10.386          109.965                30.038           32.772           32.600         69.78                         
      0.740         10.381          109.965                30.100           32.858           32.600         70.12                         
      0.750         10.376          109.964                30.161           32.942           32.600         70.47                         
      0.760         10.372          109.963                30.221           33.025           32.600         70.81                         
      0.770         10.367          109.962                30.279           33.107           32.600         71.15                         
      0.780         10.362          109.961                30.336           33.187           32.600         71.50                         
      0.790         10.358          109.960                30.392           33.266           32.600         71.83                         
      0.800         10.353          109.959                30.446           33.343           32.600         72.17                         
      0.810         10.348          109.959                30.500           33.419           32.600         72.51                         
      0.820         10.344          109.958                30.551           33.494           32.600         72.84                         
      0.830         10.339          109.957                30.602           33.567           32.600         73.17                         
      0.840         10.335          109.956                30.650           33.639           32.600         73.50                         
      0.850         10.330          109.955                30.698           33.709           32.600         73.83                         
      0.860         10.326          109.955                30.744           33.777           32.600         74.15                         
      0.870         10.321          109.954                30.789           33.844           32.600         74.47                         
      0.880         10.317          109.953                30.832           33.910           32.600         74.79                         
      0.890         10.312          109.952                30.875           33.974           32.600         75.11                         
      0.900         10.308          109.951                30.915           34.036           32.600         75.42                         
      0.910         10.304          109.951                30.955           34.097           32.600         75.72                         
      0.920         10.299          109.950                30.993           34.156           32.600         76.03                         
      0.930         10.295          109.949                31.029           34.214           32.600         76.33                         
      0.940         10.291          109.948                31.065           34.270           32.600         76.63                         
      0.950         10.286          109.948                31.099           34.324           32.600         76.92                         
      0.960         10.282          109.947                31.132           34.377           32.600         77.21                         
      0.970         10.278          109.946                31.163           34.429           32.600         77.50                         
      0.980         10.274          109.945                31.194           34.479           32.600         77.78                         
      0.990         10.270          109.945                31.223           34.528           32.600         78.05                         
      1.000         10.266          109.944                31.251           34.575           32.600         78.33                         
      1.010         10.262          109.943                31.278           34.621           32.600         78.59                         
      1.020         10.259          109.943                31.304           34.665           32.600         78.86                         
      1.030         10.255          109.942                31.328           34.708           32.600         79.12                         
      1.040         10.251          109.941                31.352           34.749           32.600         79.37                         
      1.050         10.248          109.941                31.374           34.789           32.600         79.62                         
      1.060         10.244          109.940                31.396           34.828           32.600         79.86                         
      1.070         10.240          109.939                31.416           34.866           32.600         80.10                         
      1.080         10.237          109.939                31.436           34.902           32.600         80.34                         
      1.090         10.234          109.938                31.454           34.936           32.600         80.57                         
      1.100         10.230          109.938                31.472           34.970           32.600         80.79                         
      1.110         10.227          109.937                31.489           35.002           32.600         81.01                         
      1.120         10.224          109.937                31.505           35.033           32.600         81.22                         
      1.130         10.221          109.936                31.520           35.063           32.600         81.43                         
      1.140         10.218          109.936                31.534           35.092           32.600         81.63                         
      1.150         10.215          109.935                31.548           35.119           32.600         81.83                         
      1.160         10.212          109.935                31.561           35.146           32.600         82.02                         
      1.170         10.209          109.934                31.573           35.171           32.600         82.20                         
      1.180         10.207          109.934                31.584           35.195           32.600         82.38                         
      1.190         10.204          109.933                31.595           35.218           32.600         82.56                         
      1.200         10.202          109.933                31.605           35.240           32.600         82.73                         
      1.210         10.199          109.932                31.614           35.262           32.600         82.89                         
      1.220         10.197          109.932                31.623           35.282           32.600         83.05                         
      1.230         10.195          109.932                31.632           35.301           32.600         83.20                         
      1.240         10.193          109.931                31.640           35.319           32.600         83.34                         
      1.250         10.191          109.931                31.647           35.336           32.600         83.48                         
      1.260         10.189          109.931                31.654           35.352           32.600         83.61                         
      1.270         10.187          109.930                31.660           35.368           32.600         83.74                         
      1.280         10.185          109.930                31.666           35.382           32.600         83.86                         
      1.290         10.183          109.930                31.671           35.396           32.600         83.97                         
      1.300         10.181          109.929                31.676           35.409           32.600         84.08                         
      1.310         10.180          109.929                31.681           35.421           32.600         84.18                         
      1.320         10.179          109.929                31.685           35.432           32.600         84.28                         
      1.330         10.177          109.929                31.689           35.442           32.600         84.37                         
      1.340         10.176          109.928                31.693           35.452           32.600         84.45                         
      1.350         10.175          109.928                31.696           35.461           32.600         84.53                         
      1.360         10.174          109.928                31.699           35.469           32.600         84.60                         
      1.370         10.173          109.928                31.702           35.476           32.600         84.67                         
      1.380         10.172          109.928                31.704           35.482           32.600         84.73                         
      1.390         10.171          109.928                31.706           35.488           32.600         84.78                         
      1.400         10.170          109.927                31.708           35.493           32.600         84.83                         
      1.410         10.170          109.927                31.710           35.498           32.600         84.87                         
      1.420         10.169          109.927                31.711           35.501           32.600         84.90                         
      1.430         10.169          109.927                31.712           35.504           32.600         84.93                         
      1.440         10.168          109.927                31.713           35.507           32.600         84.95                         
      1.450         10.168          109.927                31.713           35.508           32.600         84.96                         
      1.460         10.168          109.927                31.714           35.509           32.600         84.97                         
      1.470         10.168          109.927                31.714           35.510           32.600         84.97                         
      1.480         10.168          109.927                31.714           35.509           32.600         84.97                         
      1.490         10.168          109.927                31.713           35.508           32.600         84.96                         
      1.500         10.169          109.927                31.713           35.506           32.600         84.94                         
      1.510         10.169          109.927                31.712           35.504           32.600         84.92                         
      1.520         10.169          109.927                31.711           35.500           32.600         84.89                         
      1.530         10.170          109.927                31.709           35.496           32.600         84.85                         
      1.540         10.171          109.928                31.708           35.492           32.600         84.81                         
      1.550         10.171          109.928                31.706           35.487           32.600         84.76                         
      1.560         10.172          109.928                31.704           35.480           32.600         84.71                         
      1.570         10.173          109.928                31.701           35.474           32.600         84.65                         
      1.580         10.174          109.928                31.698           35.466           32.600         84.58                         
      1.590         10.175          109.928                31.695           35.458           32.600         84.51                         
      1.600         10.176          109.928                31.692           35.449           32.600         84.43                         
      1.610         10.178          109.929                31.688           35.439           32.600         84.35                         
      1.620         10.179          109.929                31.684           35.429           32.600         84.25                         
      1.630         10.180          109.929                31.680           35.417           32.600         84.16                         
      1.640         10.182          109.929                31.675           35.405           32.600         84.05                         
      1.650         10.184          109.930                31.670           35.392           32.600         83.94                         
      1.660         10.185          109.930                31.664           35.379           32.600         83.83                         
      1.670         10.187          109.930                31.658           35.364           32.600         83.71                         
      1.680         10.189          109.931                31.652           35.348           32.600         83.58                         
      1.690         10.191          109.931                31.645           35.332           32.600         83.45                         
      1.700         10.193          109.931                31.638           35.315           32.600         83.31                         
      1.710         10.195          109.932                31.630           35.297           32.600         83.16                         
      1.720         10.197          109.932                31.622           35.277           32.600         83.01                         
      1.730         10.200          109.932                31.613           35.257           32.600         82.86                         
      1.740         10.202          109.933                31.603           35.236           32.600         82.69                         
      1.750         10.205          109.933                31.593           35.214           32.600         82.53                         
      1.760         10.207          109.934                31.582           35.191           32.600         82.35                         
      1.770         10.210          109.934                31.571           35.167           32.600         82.18                         
      1.780         10.213          109.935                31.559           35.142           32.600         81.99                         
      1.790         10.215          109.935                31.546           35.116           32.600         81.80                         
      1.800         10.218          109.936                31.533           35.088           32.600         81.61                         
      1.810         10.221          109.936                31.518           35.060           32.600         81.41                         
      1.820         10.224          109.937                31.503           35.030           32.600         81.20                         
      1.830         10.227          109.937                31.488           35.000           32.600         80.99                         
      1.840         10.231          109.938                31.471           34.968           32.600         80.78                         
      1.850         10.234          109.938                31.453           34.935           32.600         80.55                         
      1.860         10.237          109.939                31.435           34.900           32.600         80.33                         
      1.870         10.241          109.939                31.416           34.865           32.600         80.10                         
      1.880         10.244          109.940                31.396           34.828           32.600         79.86                         
      1.890         10.247          109.941                31.375           34.790           32.600         79.62                         
      1.900         10.251          109.941                31.353           34.751           32.600         79.38                         
      1.910         10.255          109.942                31.330           34.710           32.600         79.13                         
      1.920         10.258          109.943                31.305           34.668           32.600         78.88                         
      1.930         10.262          109.943                31.280           34.625           32.600         78.62                         
      1.940         10.266          109.944                31.254           34.580           32.600         78.36                         
      1.950         10.270          109.945                31.227           34.534           32.600         78.09                         
      1.960         10.274          109.945                31.198           34.487           32.600         77.82                         
      1.970         10.278          109.946                31.169           34.438           32.600         77.55                         
      1.980         10.281          109.947                31.138           34.388           32.600         77.27                         
      1.990         10.286          109.947                31.106           34.337           32.600         76.99                         
      2.000         10.290          109.948                31.073           34.284           32.600         76.70                         

