  ¬рем€            U                U                Pij              –г               –т г             ”гол рот         ќтн угол U       
                   601              1002             1001             601              601              601              601              
                                                     1002                                                                                 
                                                     1                                                                                    

                    10.500          110.000                16.097           35.100           35.100         60.46                         
      0.010         10.500          110.000                16.097           35.100           35.100         60.46                         
      0.020         10.500          110.000                16.097           35.100           35.100         60.46                         
      0.030         10.500          110.000                16.097           35.100           35.100         60.46                         
      0.040         10.500          110.000                16.097           35.100           35.100         60.46                         
      0.050         10.500          110.000                16.097           35.100           35.100         60.46                         
      0.060         10.500          110.000                16.097           35.100           35.100         60.46                         
      0.070         10.500          110.000                16.097           35.100           35.100         60.46                         
      0.080         10.500          110.000                16.097           35.100           35.100         60.46                         
      0.090         10.500          110.000                16.097           35.100           35.100         60.46                         
      0.100         10.500          110.000                16.097           35.100           35.100         60.46                         
      0.100         10.579          110.002                28.198           30.347           35.100         60.46                         
      0.110         10.579          110.002                28.199           30.348           35.100         60.47                         
      0.120         10.578          110.002                28.204           30.354           35.100         60.48                         
      0.130         10.578          110.002                28.211           30.363           35.100         60.51                         
      0.140         10.578          110.002                28.222           30.376           35.100         60.55                         
      0.150         10.577          110.002                28.235           30.392           35.100         60.60                         
      0.160         10.576          110.002                28.251           30.412           35.100         60.66                         
      0.170         10.575          110.002                28.270           30.436           35.100         60.73                         
      0.180         10.574          110.001                28.291           30.462           35.100         60.81                         
      0.190         10.573          110.001                28.316           30.492           35.100         60.91                         
      0.200         10.572          110.001                28.343           30.526           35.100         61.01                         
      0.210         10.571          110.001                28.372           30.562           35.100         61.12                         
      0.220         10.569          110.000                28.404           30.602           35.100         61.24                         
      0.230         10.568          110.000                28.438           30.645           35.100         61.38                         
      0.240         10.566          110.000                28.475           30.691           35.100         61.52                         
      0.250         10.564          109.999                28.514           30.739           35.100         61.67                         
      0.260         10.562          109.999                28.555           30.791           35.100         61.83                         
      0.270         10.560          109.999                28.599           30.845           35.100         62.00                         
      0.280         10.558          109.998                28.644           30.902           35.100         62.18                         
      0.290         10.555          109.998                28.691           30.962           35.100         62.37                         
      0.300         10.553          109.997                28.741           31.024           35.100         62.57                         
      0.310         10.550          109.997                28.792           31.088           35.100         62.78                         
      0.320         10.548          109.996                28.845           31.155           35.100         62.99                         
      0.330         10.545          109.996                28.899           31.224           35.100         63.21                         
      0.340         10.542          109.995                28.955           31.295           35.100         63.45                         
      0.350         10.539          109.995                29.013           31.368           35.100         63.69                         
      0.360         10.536          109.994                29.072           31.443           35.100         63.94                         
      0.370         10.533          109.993                29.132           31.520           35.100         64.19                         
      0.380         10.529          109.993                29.193           31.598           35.100         64.45                         
      0.390         10.526          109.992                29.255           31.678           35.100         64.73                         
      0.400         10.523          109.991                29.319           31.760           35.100         65.00                         
      0.410         10.519          109.991                29.383           31.843           35.100         65.29                         
      0.420         10.515          109.990                29.448           31.927           35.100         65.58                         
      0.430         10.511          109.989                29.514           32.012           35.100         65.88                         
      0.440         10.507          109.989                29.580           32.099           35.100         66.18                         
      0.450         10.503          109.988                29.647           32.186           35.100         66.49                         
      0.460         10.499          109.987                29.714           32.274           35.100         66.81                         
      0.470         10.495          109.986                29.781           32.363           35.100         67.13                         
      0.480         10.491          109.985                29.849           32.453           35.100         67.46                         
      0.490         10.486          109.985                29.917           32.543           35.100         67.80                         
      0.500         10.482          109.984                29.984           32.633           35.100         68.14                         
      0.510         10.477          109.983                30.052           32.724           35.100         68.48                         
      0.520         10.473          109.982                30.120           32.815           35.100         68.83                         
      0.530         10.468          109.981                30.187           32.907           35.100         69.18                         
      0.540         10.463          109.980                30.254           32.998           35.100         69.54                         
      0.550         10.458          109.979                30.320           33.089           35.100         69.90                         
      0.560         10.453          109.978                30.386           33.180           35.100         70.27                         
      0.570         10.448          109.978                30.452           33.271           35.100         70.64                         
      0.580         10.443          109.977                30.517           33.361           35.100         71.01                         
      0.590         10.438          109.976                30.581           33.451           35.100         71.39                         
      0.600         10.433          109.975                30.644           33.540           35.100         71.77                         
      0.610         10.428          109.974                30.706           33.629           35.100         72.16                         
      0.620         10.422          109.973                30.768           33.717           35.100         72.54                         
      0.630         10.417          109.972                30.828           33.805           35.100         72.93                         
      0.640         10.412          109.971                30.888           33.891           35.100         73.32                         
      0.650         10.406          109.970                30.946           33.977           35.100         73.72                         
      0.660         10.401          109.969                31.003           34.062           35.100         74.11                         
      0.670         10.395          109.968                31.059           34.145           35.100         74.51                         
      0.680         10.389          109.967                31.114           34.228           35.100         74.91                         
      0.690         10.384          109.966                31.167           34.309           35.100         75.31                         
      0.700         10.378          109.965                31.219           34.389           35.100         75.71                         
      0.710         10.372          109.964                31.270           34.468           35.100         76.12                         
      0.720         10.367          109.963                31.319           34.546           35.100         76.52                         
      0.730         10.361          109.962                31.367           34.622           35.100         76.93                         
      0.740         10.355          109.961                31.413           34.697           35.100         77.33                         
      0.750         10.349          109.960                31.458           34.771           35.100         77.74                         
      0.760         10.343          109.959                31.501           34.843           35.100         78.15                         
      0.770         10.337          109.958                31.543           34.913           35.100         78.55                         
      0.780         10.331          109.956                31.583           34.982           35.100         78.96                         
      0.790         10.326          109.955                31.621           35.049           35.100         79.37                         
      0.800         10.320          109.954                31.658           35.115           35.100         79.78                         
      0.810         10.314          109.953                31.693           35.179           35.100         80.18                         
      0.820         10.308          109.952                31.726           35.242           35.100         80.59                         
      0.830         10.302          109.951                31.758           35.303           35.100         81.00                         
      0.840         10.296          109.950                31.788           35.362           35.100         81.40                         
      0.850         10.290          109.949                31.817           35.419           35.100         81.81                         
      0.860         10.284          109.948                31.844           35.475           35.100         82.21                         
      0.870         10.278          109.947                31.869           35.529           35.100         82.61                         
      0.880         10.272          109.946                31.893           35.581           35.100         83.01                         
      0.890         10.266          109.945                31.915           35.632           35.100         83.41                         
      0.900         10.260          109.944                31.935           35.681           35.100         83.81                         
      0.910         10.254          109.943                31.954           35.728           35.100         84.21                         
      0.920         10.248          109.942                31.971           35.774           35.100         84.60                         
      0.930         10.242          109.941                31.986           35.818           35.100         85.00                         
      0.940         10.236          109.940                32.000           35.860           35.100         85.39                         
      0.950         10.230          109.939                32.013           35.901           35.100         85.78                         
      0.960         10.224          109.938                32.024           35.939           35.100         86.17                         
      0.970         10.219          109.937                32.033           35.977           35.100         86.55                         
      0.980         10.213          109.936                32.041           36.012           35.100         86.94                         
      0.990         10.207          109.935                32.047           36.046           35.100         87.32                         
      1.000         10.201          109.934                32.052           36.079           35.100         87.70                         
      1.010         10.195          109.933                32.056           36.109           35.100         88.07                         
      1.020         10.190          109.932                32.058           36.139           35.100         88.45                         
      1.030         10.184          109.931                32.058           36.166           35.100         88.82                         
      1.040         10.178          109.930                32.058           36.192           35.100         89.19                         
      1.050         10.173          109.929                32.056           36.217           35.100         89.56                         
      1.060         10.167          109.928                32.053           36.240           35.100         89.92                         
      1.070         10.161          109.927                32.048           36.262           35.100         90.29                         
      1.080         10.156          109.927                32.042           36.282           35.100         90.65                         
      1.090         10.150          109.926                32.035           36.301           35.100         91.00                         
      1.100         10.145          109.925                32.027           36.318           35.100         91.36                         
      1.110         10.139          109.924                32.018           36.334           35.100         91.71                         
      1.120         10.134          109.923                32.008           36.349           35.100         92.06                         
      1.130         10.129          109.922                31.996           36.363           35.100         92.40                         
      1.140         10.123          109.921                31.984           36.375           35.100         92.75                         
      1.150         10.118          109.920                31.970           36.386           35.100         93.09                         
      1.160         10.113          109.920                31.955           36.396           35.100         93.42                         
      1.170         10.108          109.919                31.940           36.404           35.100         93.76                         
      1.180         10.103          109.918                31.923           36.412           35.100         94.09                         
      1.190         10.097          109.917                31.906           36.418           35.100         94.42                         
      1.200         10.092          109.916                31.888           36.423           35.100         94.74                         
      1.210         10.087          109.915                31.869           36.427           35.100         95.06                         
      1.220         10.082          109.915                31.849           36.430           35.100         95.38                         
      1.230         10.077          109.914                31.828           36.432           35.100         95.70                         
      1.240         10.072          109.913                31.806           36.433           35.100         96.01                         
      1.250         10.068          109.912                31.784           36.434           35.100         96.33                         
      1.260         10.063          109.911                31.761           36.433           35.100         96.63                         
      1.270         10.058          109.911                31.737           36.431           35.100         96.94                         
      1.280         10.053          109.910                31.713           36.428           35.100         97.24                         
      1.290         10.049          109.909                31.688           36.425           35.100         97.54                         
      1.300         10.044          109.908                31.663           36.420           35.100         97.84                         
      1.310         10.039          109.908                31.636           36.415           35.100         98.13                         
      1.320         10.035          109.907                31.610           36.409           35.100         98.42                         
      1.330         10.030          109.906                31.582           36.403           35.100         98.71                         
      1.340         10.026          109.906                31.555           36.395           35.100         98.99                         
      1.350         10.021          109.905                31.526           36.387           35.100         99.27                         
      1.360         10.017          109.904                31.498           36.378           35.100         99.55                         
      1.370         10.013          109.904                31.468           36.369           35.100         99.83                         
      1.380         10.008          109.903                31.439           36.358           35.100        100.10                         
      1.390         10.004          109.902                31.409           36.348           35.100        100.37                         
      1.400         10.000          109.902                31.378           36.336           35.100        100.64                         
      1.410          9.996          109.901                31.348           36.324           35.100        100.91                         
      1.420          9.991          109.900                31.316           36.312           35.100        101.17                         
      1.430          9.987          109.900                31.285           36.299           35.100        101.43                         
      1.440          9.983          109.899                31.253           36.285           35.100        101.69                         
      1.450          9.979          109.898                31.221           36.271           35.100        101.94                         
      1.460          9.975          109.898                31.188           36.257           35.100        102.20                         
      1.470          9.971          109.897                31.156           36.241           35.100        102.45                         
      1.480          9.967          109.897                31.123           36.226           35.100        102.69                         
      1.490          9.964          109.896                31.090           36.210           35.100        102.94                         
      1.500          9.960          109.895                31.056           36.194           35.100        103.18                         
      1.510          9.956          109.895                31.022           36.177           35.100        103.42                         
      1.520          9.952          109.894                30.988           36.160           35.100        103.66                         
      1.530          9.949          109.894                30.954           36.142           35.100        103.90                         
      1.540          9.945          109.893                30.920           36.124           35.100        104.13                         
      1.550          9.941          109.893                30.886           36.106           35.100        104.36                         
      1.560          9.938          109.892                30.851           36.087           35.100        104.59                         
      1.570          9.934          109.891                30.816           36.068           35.100        104.82                         
      1.580          9.931          109.891                30.781           36.049           35.100        105.04                         
      1.590          9.927          109.890                30.746           36.029           35.100        105.27                         
      1.600          9.924          109.890                30.710           36.009           35.100        105.49                         
      1.610          9.920          109.889                30.675           35.989           35.100        105.71                         
      1.620          9.917          109.889                30.639           35.969           35.100        105.92                         
      1.630          9.913          109.888                30.604           35.948           35.100        106.14                         
      1.640          9.910          109.888                30.568           35.927           35.100        106.35                         
      1.650          9.907          109.887                30.532           35.906           35.100        106.57                         
      1.660          9.903          109.887                30.496           35.884           35.100        106.78                         
      1.670          9.900          109.886                30.459           35.862           35.100        106.98                         
      1.680          9.897          109.886                30.423           35.840           35.100        107.19                         
      1.690          9.894          109.885                30.386           35.818           35.100        107.40                         
      1.700          9.890          109.885                30.350           35.795           35.100        107.60                         
      1.710          9.887          109.884                30.313           35.772           35.100        107.80                         
      1.720          9.884          109.884                30.276           35.749           35.100        108.01                         
      1.730          9.881          109.883                30.239           35.726           35.100        108.21                         
      1.740          9.878          109.883                30.202           35.703           35.100        108.40                         
      1.750          9.875          109.882                30.165           35.679           35.100        108.60                         
      1.760          9.872          109.882                30.127           35.655           35.100        108.80                         
      1.770          9.869          109.882                30.090           35.631           35.100        108.99                         
      1.780          9.866          109.881                30.052           35.606           35.100        109.19                         
      1.790          9.863          109.881                30.014           35.582           35.100        109.38                         
      1.800          9.860          109.880                29.976           35.557           35.100        109.57                         
      1.810          9.857          109.880                29.938           35.532           35.100        109.76                         
      1.820          9.854          109.879                29.900           35.506           35.100        109.95                         
      1.830          9.851          109.879                29.861           35.481           35.100        110.14                         
      1.840          9.848          109.878                29.823           35.455           35.100        110.33                         
      1.850          9.845          109.878                29.784           35.429           35.100        110.52                         
      1.860          9.842          109.878                29.745           35.402           35.100        110.71                         
      1.870          9.839          109.877                29.706           35.376           35.100        110.89                         
      1.880          9.836          109.877                29.666           35.349           35.100        111.08                         
      1.890          9.833          109.876                29.627           35.322           35.100        111.27                         
      1.900          9.830          109.876                29.587           35.295           35.100        111.45                         
      1.910          9.827          109.876                29.547           35.267           35.100        111.64                         
      1.920          9.825          109.875                29.507           35.239           35.100        111.82                         
      1.930          9.822          109.875                29.466           35.211           35.100        112.00                         
      1.940          9.819          109.874                29.425           35.182           35.100        112.19                         
      1.950          9.816          109.874                29.384           35.154           35.100        112.37                         
      1.960          9.813          109.873                29.343           35.124           35.100        112.56                         
      1.970          9.810          109.873                29.301           35.095           35.100        112.74                         
      1.980          9.807          109.873                29.259           35.065           35.100        112.93                         
      1.990          9.805          109.872                29.217           35.035           35.100        113.11                         
      2.000          9.802          109.872                29.174           35.005           35.100        113.30                         

