  ¬рем€            U                U                Pij              –г               –т г             ”гол рот         ќтн угол U       
                   601              1002             1001             601              601              601              601              
                                                     1002                                                                                 
                                                     1                                                                                    

                    10.500          110.000                14.921           32.200           32.200         54.14                         
      0.010         10.500          110.000                14.921           32.200           32.200         54.14                         
      0.020         10.500          110.000                14.921           32.200           32.200         54.14                         
      0.030         10.500          110.000                14.921           32.200           32.200         54.14                         
      0.040         10.500          110.000                14.921           32.200           32.200         54.14                         
      0.050         10.500          110.000                14.921           32.200           32.200         54.14                         
      0.060         10.500          110.000                14.921           32.200           32.200         54.14                         
      0.070         10.500          110.000                14.921           32.200           32.200         54.14                         
      0.080         10.500          110.000                14.921           32.200           32.200         54.14                         
      0.090         10.500          110.000                14.921           32.200           32.200         54.14                         
      0.100         10.500          110.000                14.921           32.200           32.200         54.14                         
      0.100         10.566          110.000                26.080           27.823           32.200         54.14                         
      0.110         10.566          110.000                26.082           27.825           32.200         54.14                         
      0.120         10.565          110.000                26.087           27.831           32.200         54.16                         
      0.130         10.565          110.000                26.095           27.840           32.200         54.18                         
      0.140         10.565          110.000                26.106           27.854           32.200         54.22                         
      0.150         10.564          110.000                26.120           27.871           32.200         54.26                         
      0.160         10.564          110.000                26.138           27.892           32.200         54.32                         
      0.170         10.563          110.000                26.159           27.916           32.200         54.39                         
      0.180         10.562          109.999                26.182           27.944           32.200         54.46                         
      0.190         10.561          109.999                26.209           27.976           32.200         54.54                         
      0.200         10.560          109.999                26.238           28.011           32.200         54.64                         
      0.210         10.559          109.999                26.271           28.049           32.200         54.74                         
      0.220         10.558          109.999                26.306           28.091           32.200         54.86                         
      0.230         10.556          109.998                26.343           28.136           32.200         54.98                         
      0.240         10.555          109.998                26.384           28.184           32.200         55.11                         
      0.250         10.553          109.998                26.427           28.235           32.200         55.25                         
      0.260         10.552          109.997                26.472           28.289           32.200         55.39                         
      0.270         10.550          109.997                26.520           28.346           32.200         55.55                         
      0.280         10.548          109.997                26.570           28.406           32.200         55.72                         
      0.290         10.546          109.996                26.623           28.469           32.200         55.89                         
      0.300         10.544          109.996                26.677           28.534           32.200         56.07                         
      0.310         10.542          109.995                26.734           28.602           32.200         56.26                         
      0.320         10.540          109.995                26.793           28.673           32.200         56.46                         
      0.330         10.538          109.994                26.853           28.745           32.200         56.66                         
      0.340         10.535          109.994                26.916           28.821           32.200         56.87                         
      0.350         10.533          109.993                26.980           28.898           32.200         57.09                         
      0.360         10.530          109.993                27.046           28.977           32.200         57.32                         
      0.370         10.528          109.992                27.113           29.059           32.200         57.55                         
      0.380         10.525          109.992                27.182           29.142           32.200         57.79                         
      0.390         10.522          109.991                27.252           29.227           32.200         58.03                         
      0.400         10.519          109.991                27.323           29.314           32.200         58.28                         
      0.410         10.516          109.990                27.396           29.402           32.200         58.54                         
      0.420         10.513          109.990                27.469           29.492           32.200         58.80                         
      0.430         10.510          109.989                27.544           29.583           32.200         59.07                         
      0.440         10.507          109.988                27.619           29.675           32.200         59.35                         
      0.450         10.503          109.988                27.695           29.769           32.200         59.63                         
      0.460         10.500          109.987                27.772           29.863           32.200         59.91                         
      0.470         10.496          109.986                27.850           29.959           32.200         60.20                         
      0.480         10.493          109.986                27.928           30.055           32.200         60.50                         
      0.490         10.489          109.985                28.006           30.152           32.200         60.79                         
      0.500         10.486          109.984                28.085           30.249           32.200         61.10                         
      0.510         10.482          109.984                28.164           30.348           32.200         61.40                         
      0.520         10.478          109.983                28.243           30.446           32.200         61.71                         
      0.530         10.474          109.982                28.322           30.545           32.200         62.03                         
      0.540         10.470          109.981                28.401           30.644           32.200         62.34                         
      0.550         10.467          109.981                28.479           30.743           32.200         62.66                         
      0.560         10.463          109.980                28.558           30.842           32.200         62.98                         
      0.570         10.459          109.979                28.636           30.942           32.200         63.31                         
      0.580         10.454          109.978                28.714           31.041           32.200         63.64                         
      0.590         10.450          109.977                28.792           31.139           32.200         63.97                         
      0.600         10.446          109.977                28.869           31.238           32.200         64.30                         
      0.610         10.442          109.976                28.945           31.336           32.200         64.63                         
      0.620         10.438          109.975                29.021           31.433           32.200         64.97                         
      0.630         10.433          109.974                29.096           31.530           32.200         65.30                         
      0.640         10.429          109.973                29.171           31.627           32.200         65.64                         
      0.650         10.425          109.973                29.244           31.722           32.200         65.98                         
      0.660         10.420          109.972                29.317           31.817           32.200         66.32                         
      0.670         10.416          109.971                29.389           31.911           32.200         66.65                         
      0.680         10.412          109.970                29.459           32.004           32.200         66.99                         
      0.690         10.407          109.969                29.529           32.097           32.200         67.33                         
      0.700         10.403          109.968                29.598           32.188           32.200         67.67                         
      0.710         10.398          109.968                29.665           32.278           32.200         68.01                         
      0.720         10.394          109.967                29.732           32.367           32.200         68.35                         
      0.730         10.389          109.966                29.797           32.455           32.200         68.69                         
      0.740         10.385          109.965                29.861           32.541           32.200         69.03                         
      0.750         10.380          109.964                29.924           32.626           32.200         69.36                         
      0.760         10.376          109.964                29.985           32.710           32.200         69.70                         
      0.770         10.371          109.963                30.046           32.793           32.200         70.03                         
      0.780         10.367          109.962                30.104           32.874           32.200         70.36                         
      0.790         10.362          109.961                30.162           32.954           32.200         70.69                         
      0.800         10.358          109.960                30.218           33.033           32.200         71.02                         
      0.810         10.354          109.959                30.273           33.110           32.200         71.34                         
      0.820         10.349          109.959                30.327           33.185           32.200         71.67                         
      0.830         10.345          109.958                30.379           33.260           32.200         71.99                         
      0.840         10.340          109.957                30.430           33.332           32.200         72.31                         
      0.850         10.336          109.956                30.479           33.403           32.200         72.62                         
      0.860         10.332          109.955                30.527           33.473           32.200         72.93                         
      0.870         10.327          109.955                30.574           33.541           32.200         73.24                         
      0.880         10.323          109.954                30.620           33.607           32.200         73.55                         
      0.890         10.319          109.953                30.664           33.672           32.200         73.85                         
      0.900         10.315          109.952                30.706           33.735           32.200         74.15                         
      0.910         10.311          109.952                30.748           33.797           32.200         74.45                         
      0.920         10.307          109.951                30.788           33.857           32.200         74.74                         
      0.930         10.303          109.950                30.826           33.916           32.200         75.03                         
      0.940         10.298          109.950                30.864           33.973           32.200         75.31                         
      0.950         10.295          109.949                30.900           34.029           32.200         75.60                         
      0.960         10.291          109.948                30.935           34.083           32.200         75.87                         
      0.970         10.287          109.947                30.968           34.135           32.200         76.14                         
      0.980         10.283          109.947                31.000           34.186           32.200         76.41                         
      0.990         10.279          109.946                31.032           34.236           32.200         76.67                         
      1.000         10.276          109.945                31.062           34.284           32.200         76.93                         
      1.010         10.272          109.945                31.090           34.330           32.200         77.19                         
      1.020         10.268          109.944                31.118           34.375           32.200         77.43                         
      1.030         10.265          109.944                31.144           34.419           32.200         77.68                         
      1.040         10.261          109.943                31.170           34.461           32.200         77.92                         
      1.050         10.258          109.942                31.194           34.502           32.200         78.15                         
      1.060         10.255          109.942                31.218           34.541           32.200         78.38                         
      1.070         10.251          109.941                31.240           34.579           32.200         78.60                         
      1.080         10.248          109.941                31.261           34.616           32.200         78.82                         
      1.090         10.245          109.940                31.282           34.651           32.200         79.03                         
      1.100         10.242          109.940                31.301           34.685           32.200         79.24                         
      1.110         10.239          109.939                31.320           34.718           32.200         79.44                         
      1.120         10.236          109.939                31.337           34.749           32.200         79.64                         
      1.130         10.234          109.938                31.354           34.779           32.200         79.83                         
      1.140         10.231          109.938                31.370           34.808           32.200         80.01                         
      1.150         10.228          109.937                31.385           34.836           32.200         80.19                         
      1.160         10.226          109.937                31.399           34.863           32.200         80.37                         
      1.170         10.223          109.936                31.413           34.888           32.200         80.53                         
      1.180         10.221          109.936                31.426           34.912           32.200         80.69                         
      1.190         10.219          109.936                31.438           34.935           32.200         80.85                         
      1.200         10.216          109.935                31.449           34.957           32.200         81.00                         
      1.210         10.214          109.935                31.460           34.978           32.200         81.14                         
      1.220         10.212          109.934                31.470           34.998           32.200         81.28                         
      1.230         10.210          109.934                31.479           35.017           32.200         81.41                         
      1.240         10.209          109.934                31.488           35.034           32.200         81.53                         
      1.250         10.207          109.933                31.497           35.051           32.200         81.65                         
      1.260         10.205          109.933                31.504           35.067           32.200         81.76                         
      1.270         10.204          109.933                31.512           35.082           32.200         81.87                         
      1.280         10.202          109.933                31.518           35.095           32.200         81.97                         
      1.290         10.201          109.932                31.524           35.108           32.200         82.06                         
      1.300         10.199          109.932                31.530           35.120           32.200         82.15                         
      1.310         10.198          109.932                31.535           35.131           32.200         82.23                         
      1.320         10.197          109.932                31.540           35.141           32.200         82.30                         
      1.330         10.196          109.932                31.544           35.150           32.200         82.37                         
      1.340         10.195          109.931                31.548           35.158           32.200         82.43                         
      1.350         10.194          109.931                31.551           35.165           32.200         82.49                         
      1.360         10.194          109.931                31.554           35.172           32.200         82.54                         
      1.370         10.193          109.931                31.557           35.177           32.200         82.58                         
      1.380         10.193          109.931                31.559           35.182           32.200         82.61                         
      1.390         10.192          109.931                31.561           35.186           32.200         82.64                         
      1.400         10.192          109.931                31.562           35.189           32.200         82.67                         
      1.410         10.192          109.931                31.563           35.191           32.200         82.68                         
      1.420         10.191          109.931                31.564           35.192           32.200         82.69                         
      1.430         10.191          109.931                31.564           35.192           32.200         82.69                         
      1.440         10.191          109.931                31.564           35.192           32.200         82.69                         
      1.450         10.192          109.931                31.563           35.191           32.200         82.68                         
      1.460         10.192          109.931                31.562           35.189           32.200         82.66                         
      1.470         10.192          109.931                31.561           35.186           32.200         82.64                         
      1.480         10.193          109.931                31.559           35.182           32.200         82.61                         
      1.490         10.193          109.931                31.557           35.177           32.200         82.58                         
      1.500         10.194          109.931                31.554           35.171           32.200         82.53                         
      1.510         10.195          109.931                31.551           35.165           32.200         82.49                         
      1.520         10.195          109.931                31.548           35.158           32.200         82.43                         
      1.530         10.196          109.932                31.544           35.149           32.200         82.37                         
      1.540         10.197          109.932                31.540           35.140           32.200         82.30                         
      1.550         10.198          109.932                31.535           35.130           32.200         82.23                         
      1.560         10.200          109.932                31.530           35.120           32.200         82.15                         
      1.570         10.201          109.932                31.524           35.108           32.200         82.06                         
      1.580         10.202          109.933                31.518           35.095           32.200         81.97                         
      1.590         10.204          109.933                31.511           35.081           32.200         81.87                         
      1.600         10.205          109.933                31.504           35.067           32.200         81.76                         
      1.610         10.207          109.933                31.497           35.051           32.200         81.65                         
      1.620         10.209          109.934                31.488           35.035           32.200         81.53                         
      1.630         10.210          109.934                31.480           35.017           32.200         81.41                         
      1.640         10.212          109.934                31.470           34.998           32.200         81.28                         
      1.650         10.214          109.935                31.460           34.979           32.200         81.15                         
      1.660         10.216          109.935                31.450           34.958           32.200         81.00                         
      1.670         10.219          109.935                31.438           34.936           32.200         80.86                         
      1.680         10.221          109.936                31.426           34.914           32.200         80.70                         
      1.690         10.223          109.936                31.414           34.890           32.200         80.54                         
      1.700         10.226          109.937                31.400           34.865           32.200         80.38                         
      1.710         10.228          109.937                31.386           34.838           32.200         80.21                         
      1.720         10.231          109.938                31.371           34.811           32.200         80.03                         
      1.730         10.233          109.938                31.356           34.783           32.200         79.85                         
      1.740         10.236          109.939                31.339           34.753           32.200         79.66                         
      1.750         10.239          109.939                31.322           34.722           32.200         79.47                         
      1.760         10.242          109.940                31.304           34.690           32.200         79.27                         
      1.770         10.245          109.940                31.285           34.657           32.200         79.07                         
      1.780         10.248          109.941                31.265           34.622           32.200         78.86                         
      1.790         10.251          109.941                31.244           34.587           32.200         78.65                         
      1.800         10.254          109.942                31.223           34.550           32.200         78.43                         
      1.810         10.257          109.942                31.200           34.511           32.200         78.21                         
      1.820         10.261          109.943                31.176           34.471           32.200         77.98                         
      1.830         10.264          109.943                31.152           34.430           32.200         77.74                         
      1.840         10.267          109.944                31.126           34.388           32.200         77.51                         
      1.850         10.271          109.945                31.099           34.344           32.200         77.26                         
      1.860         10.274          109.945                31.071           34.299           32.200         77.02                         
      1.870         10.278          109.946                31.042           34.253           32.200         76.77                         
      1.880         10.282          109.946                31.012           34.205           32.200         76.51                         
      1.890         10.285          109.947                30.981           34.156           32.200         76.25                         
      1.900         10.289          109.948                30.949           34.105           32.200         75.99                         
      1.910         10.293          109.948                30.915           34.053           32.200         75.72                         
      1.920         10.297          109.949                30.881           33.999           32.200         75.45                         
      1.930         10.301          109.950                30.845           33.944           32.200         75.17                         
      1.940         10.304          109.951                30.808           33.888           32.200         74.89                         
      1.950         10.308          109.951                30.770           33.830           32.200         74.61                         
      1.960         10.312          109.952                30.730           33.771           32.200         74.32                         
      1.970         10.316          109.953                30.690           33.711           32.200         74.04                         
      1.980         10.321          109.953                30.648           33.649           32.200         73.74                         
      1.990         10.325          109.954                30.605           33.585           32.200         73.45                         
      2.000         10.329          109.955                30.560           33.520           32.200         73.15                         

