  ¬рем€            U                U                Pij              –г               –т г             ”гол рот         ќтн угол U       
                   601              1002             1001             601              601              601              601              
                                                     1002                                                                                 
                                                     1                                                                                    

                    10.500          110.000                14.839           32.000           32.000         53.72                         
      0.010         10.500          110.000                14.839           32.000           32.000         53.72                         
      0.020         10.500          110.000                14.839           32.000           32.000         53.72                         
      0.030         10.500          110.000                14.839           32.000           32.000         53.72                         
      0.040         10.500          110.000                14.839           32.000           32.000         53.72                         
      0.050         10.500          110.000                14.839           32.000           32.000         53.72                         
      0.060         10.500          110.000                14.839           32.000           32.000         53.72                         
      0.070         10.500          110.000                14.839           32.000           32.000         53.72                         
      0.080         10.500          110.000                14.839           32.000           32.000         53.72                         
      0.090         10.500          110.000                14.839           32.000           32.000         53.72                         
      0.100         10.500          110.000                14.839           32.000           32.000         53.72                         
      0.100         10.565          110.000                25.932           27.649           32.000         53.72                         
      0.110         10.565          110.000                25.933           27.651           32.000         53.73                         
      0.120         10.565          110.000                25.938           27.657           32.000         53.74                         
      0.130         10.564          110.000                25.946           27.667           32.000         53.77                         
      0.140         10.564          110.000                25.958           27.680           32.000         53.80                         
      0.150         10.564          110.000                25.972           27.697           32.000         53.85                         
      0.160         10.563          110.000                25.990           27.718           32.000         53.90                         
      0.170         10.562          109.999                26.011           27.743           32.000         53.97                         
      0.180         10.561          109.999                26.034           27.771           32.000         54.04                         
      0.190         10.560          109.999                26.061           27.802           32.000         54.13                         
      0.200         10.559          109.999                26.090           27.837           32.000         54.22                         
      0.210         10.558          109.999                26.123           27.876           32.000         54.32                         
      0.220         10.557          109.998                26.158           27.917           32.000         54.44                         
      0.230         10.556          109.998                26.196           27.962           32.000         54.56                         
      0.240         10.554          109.998                26.237           28.010           32.000         54.69                         
      0.250         10.553          109.998                26.280           28.062           32.000         54.82                         
      0.260         10.551          109.997                26.325           28.116           32.000         54.97                         
      0.270         10.550          109.997                26.373           28.173           32.000         55.13                         
      0.280         10.548          109.996                26.424           28.233           32.000         55.29                         
      0.290         10.546          109.996                26.476           28.296           32.000         55.46                         
      0.300         10.544          109.996                26.531           28.361           32.000         55.64                         
      0.310         10.542          109.995                26.588           28.430           32.000         55.83                         
      0.320         10.540          109.995                26.647           28.500           32.000         56.03                         
      0.330         10.537          109.994                26.708           28.573           32.000         56.23                         
      0.340         10.535          109.994                26.771           28.648           32.000         56.44                         
      0.350         10.532          109.993                26.835           28.726           32.000         56.66                         
      0.360         10.530          109.993                26.901           28.805           32.000         56.88                         
      0.370         10.527          109.992                26.969           28.887           32.000         57.11                         
      0.380         10.525          109.992                27.038           28.970           32.000         57.35                         
      0.390         10.522          109.991                27.109           29.056           32.000         57.59                         
      0.400         10.519          109.991                27.180           29.142           32.000         57.84                         
      0.410         10.516          109.990                27.253           29.231           32.000         58.10                         
      0.420         10.513          109.990                27.327           29.321           32.000         58.36                         
      0.430         10.510          109.989                27.402           29.412           32.000         58.63                         
      0.440         10.507          109.988                27.478           29.505           32.000         58.90                         
      0.450         10.503          109.988                27.555           29.598           32.000         59.18                         
      0.460         10.500          109.987                27.632           29.693           32.000         59.46                         
      0.470         10.497          109.986                27.710           29.789           32.000         59.74                         
      0.480         10.493          109.986                27.788           29.885           32.000         60.04                         
      0.490         10.490          109.985                27.867           29.983           32.000         60.33                         
      0.500         10.486          109.984                27.946           30.081           32.000         60.63                         
      0.510         10.482          109.984                28.026           30.179           32.000         60.94                         
      0.520         10.479          109.983                28.105           30.278           32.000         61.24                         
      0.530         10.475          109.982                28.185           30.377           32.000         61.55                         
      0.540         10.471          109.981                28.264           30.476           32.000         61.87                         
      0.550         10.467          109.981                28.344           30.576           32.000         62.18                         
      0.560         10.463          109.980                28.423           30.675           32.000         62.50                         
      0.570         10.459          109.979                28.502           30.775           32.000         62.83                         
      0.580         10.455          109.978                28.581           30.874           32.000         63.15                         
      0.590         10.451          109.978                28.659           30.973           32.000         63.48                         
      0.600         10.447          109.977                28.737           31.072           32.000         63.81                         
      0.610         10.443          109.976                28.814           31.170           32.000         64.14                         
      0.620         10.439          109.975                28.890           31.268           32.000         64.47                         
      0.630         10.434          109.974                28.966           31.366           32.000         64.80                         
      0.640         10.430          109.974                29.041           31.462           32.000         65.13                         
      0.650         10.426          109.973                29.115           31.559           32.000         65.47                         
      0.660         10.422          109.972                29.189           31.654           32.000         65.80                         
      0.670         10.417          109.971                29.261           31.748           32.000         66.14                         
      0.680         10.413          109.970                29.333           31.842           32.000         66.47                         
      0.690         10.409          109.970                29.403           31.934           32.000         66.81                         
      0.700         10.404          109.969                29.473           32.026           32.000         67.15                         
      0.710         10.400          109.968                29.541           32.116           32.000         67.48                         
      0.720         10.396          109.967                29.608           32.206           32.000         67.82                         
      0.730         10.391          109.966                29.674           32.294           32.000         68.15                         
      0.740         10.387          109.965                29.739           32.381           32.000         68.48                         
      0.750         10.382          109.965                29.802           32.467           32.000         68.81                         
      0.760         10.378          109.964                29.865           32.551           32.000         69.14                         
      0.770         10.374          109.963                29.926           32.634           32.000         69.47                         
      0.780         10.369          109.962                29.986           32.716           32.000         69.80                         
      0.790         10.365          109.961                30.044           32.796           32.000         70.12                         
      0.800         10.360          109.961                30.101           32.875           32.000         70.45                         
      0.810         10.356          109.960                30.157           32.953           32.000         70.77                         
      0.820         10.352          109.959                30.211           33.029           32.000         71.09                         
      0.830         10.348          109.958                30.264           33.103           32.000         71.40                         
      0.840         10.343          109.957                30.316           33.176           32.000         71.72                         
      0.850         10.339          109.957                30.366           33.248           32.000         72.03                         
      0.860         10.335          109.956                30.415           33.318           32.000         72.33                         
      0.870         10.331          109.955                30.463           33.386           32.000         72.64                         
      0.880         10.326          109.954                30.509           33.453           32.000         72.94                         
      0.890         10.322          109.954                30.554           33.518           32.000         73.24                         
      0.900         10.318          109.953                30.598           33.582           32.000         73.53                         
      0.910         10.314          109.952                30.640           33.644           32.000         73.82                         
      0.920         10.310          109.952                30.681           33.705           32.000         74.11                         
      0.930         10.306          109.951                30.720           33.764           32.000         74.39                         
      0.940         10.302          109.950                30.759           33.821           32.000         74.67                         
      0.950         10.298          109.949                30.795           33.877           32.000         74.94                         
      0.960         10.295          109.949                30.831           33.931           32.000         75.21                         
      0.970         10.291          109.948                30.866           33.984           32.000         75.48                         
      0.980         10.287          109.947                30.899           34.035           32.000         75.74                         
      0.990         10.284          109.947                30.931           34.085           32.000         75.99                         
      1.000         10.280          109.946                30.962           34.134           32.000         76.24                         
      1.010         10.277          109.946                30.991           34.180           32.000         76.49                         
      1.020         10.273          109.945                31.020           34.226           32.000         76.73                         
      1.030         10.270          109.944                31.047           34.270           32.000         76.97                         
      1.040         10.266          109.944                31.073           34.312           32.000         77.20                         
      1.050         10.263          109.943                31.098           34.353           32.000         77.43                         
      1.060         10.260          109.943                31.122           34.392           32.000         77.65                         
      1.070         10.257          109.942                31.145           34.431           32.000         77.87                         
      1.080         10.254          109.942                31.167           34.467           32.000         78.08                         
      1.090         10.251          109.941                31.189           34.503           32.000         78.28                         
      1.100         10.248          109.940                31.209           34.537           32.000         78.48                         
      1.110         10.245          109.940                31.228           34.570           32.000         78.67                         
      1.120         10.242          109.940                31.246           34.601           32.000         78.86                         
      1.130         10.240          109.939                31.263           34.631           32.000         79.04                         
      1.140         10.237          109.939                31.280           34.660           32.000         79.22                         
      1.150         10.235          109.938                31.296           34.688           32.000         79.39                         
      1.160         10.232          109.938                31.311           34.714           32.000         79.55                         
      1.170         10.230          109.937                31.325           34.740           32.000         79.71                         
      1.180         10.228          109.937                31.338           34.764           32.000         79.87                         
      1.190         10.226          109.937                31.351           34.787           32.000         80.01                         
      1.200         10.224          109.936                31.362           34.808           32.000         80.15                         
      1.210         10.222          109.936                31.374           34.829           32.000         80.29                         
      1.220         10.220          109.936                31.384           34.849           32.000         80.41                         
      1.230         10.218          109.935                31.394           34.867           32.000         80.54                         
      1.240         10.216          109.935                31.403           34.884           32.000         80.65                         
      1.250         10.215          109.935                31.412           34.901           32.000         80.76                         
      1.260         10.213          109.934                31.420           34.916           32.000         80.86                         
      1.270         10.212          109.934                31.427           34.930           32.000         80.96                         
      1.280         10.210          109.934                31.434           34.943           32.000         81.05                         
      1.290         10.209          109.934                31.440           34.955           32.000         81.13                         
      1.300         10.208          109.934                31.446           34.966           32.000         81.21                         
      1.310         10.207          109.933                31.451           34.977           32.000         81.28                         
      1.320         10.206          109.933                31.455           34.986           32.000         81.34                         
      1.330         10.205          109.933                31.460           34.994           32.000         81.40                         
      1.340         10.205          109.933                31.463           35.001           32.000         81.45                         
      1.350         10.204          109.933                31.466           35.007           32.000         81.49                         
      1.360         10.203          109.933                31.469           35.013           32.000         81.53                         
      1.370         10.203          109.933                31.471           35.017           32.000         81.56                         
      1.380         10.203          109.933                31.473           35.021           32.000         81.59                         
      1.390         10.202          109.933                31.474           35.023           32.000         81.61                         
      1.400         10.202          109.933                31.475           35.025           32.000         81.62                         
      1.410         10.202          109.933                31.475           35.026           32.000         81.62                         
      1.420         10.202          109.933                31.475           35.025           32.000         81.62                         
      1.430         10.202          109.933                31.475           35.024           32.000         81.61                         
      1.440         10.202          109.933                31.474           35.022           32.000         81.60                         
      1.450         10.203          109.933                31.472           35.019           32.000         81.58                         
      1.460         10.203          109.933                31.470           35.015           32.000         81.55                         
      1.470         10.204          109.933                31.468           35.010           32.000         81.51                         
      1.480         10.204          109.933                31.465           35.005           32.000         81.47                         
      1.490         10.205          109.933                31.462           34.998           32.000         81.43                         
      1.500         10.206          109.933                31.458           34.990           32.000         81.37                         
      1.510         10.207          109.933                31.453           34.982           32.000         81.31                         
      1.520         10.208          109.933                31.448           34.972           32.000         81.25                         
      1.530         10.209          109.934                31.443           34.961           32.000         81.17                         
      1.540         10.210          109.934                31.437           34.950           32.000         81.09                         
      1.550         10.211          109.934                31.431           34.937           32.000         81.01                         
      1.560         10.212          109.934                31.424           34.924           32.000         80.92                         
      1.570         10.214          109.935                31.416           34.909           32.000         80.82                         
      1.580         10.215          109.935                31.408           34.894           32.000         80.71                         
      1.590         10.217          109.935                31.399           34.877           32.000         80.60                         
      1.600         10.219          109.935                31.390           34.860           32.000         80.49                         
      1.610         10.221          109.936                31.380           34.841           32.000         80.36                         
      1.620         10.222          109.936                31.369           34.821           32.000         80.23                         
      1.630         10.224          109.936                31.358           34.800           32.000         80.10                         
      1.640         10.226          109.937                31.346           34.778           32.000         79.96                         
      1.650         10.229          109.937                31.333           34.755           32.000         79.81                         
      1.660         10.231          109.938                31.320           34.731           32.000         79.66                         
      1.670         10.233          109.938                31.305           34.705           32.000         79.50                         
      1.680         10.236          109.938                31.291           34.679           32.000         79.33                         
      1.690         10.238          109.939                31.275           34.651           32.000         79.16                         
      1.700         10.241          109.939                31.258           34.622           32.000         78.99                         
      1.710         10.243          109.940                31.241           34.592           32.000         78.81                         
      1.720         10.246          109.940                31.222           34.561           32.000         78.62                         
      1.730         10.249          109.941                31.203           34.528           32.000         78.43                         
      1.740         10.252          109.941                31.183           34.494           32.000         78.23                         
      1.750         10.255          109.942                31.162           34.459           32.000         78.03                         
      1.760         10.258          109.942                31.140           34.422           32.000         77.82                         
      1.770         10.261          109.943                31.118           34.385           32.000         77.60                         
      1.780         10.264          109.943                31.094           34.345           32.000         77.39                         
      1.790         10.267          109.944                31.069           34.305           32.000         77.16                         
      1.800         10.270          109.944                31.043           34.263           32.000         76.93                         
      1.810         10.274          109.945                31.016           34.220           32.000         76.70                         
      1.820         10.277          109.946                30.988           34.175           32.000         76.46                         
      1.830         10.280          109.946                30.959           34.129           32.000         76.22                         
      1.840         10.284          109.947                30.929           34.082           32.000         75.98                         
      1.850         10.287          109.947                30.897           34.033           32.000         75.72                         
      1.860         10.291          109.948                30.865           33.983           32.000         75.47                         
      1.870         10.295          109.949                30.831           33.931           32.000         75.21                         
      1.880         10.298          109.949                30.796           33.878           32.000         74.95                         
      1.890         10.302          109.950                30.760           33.824           32.000         74.68                         
      1.900         10.306          109.951                30.723           33.768           32.000         74.41                         
      1.910         10.310          109.951                30.685           33.711           32.000         74.13                         
      1.920         10.314          109.952                30.645           33.652           32.000         73.86                         
      1.930         10.318          109.953                30.604           33.592           32.000         73.58                         
      1.940         10.322          109.954                30.562           33.530           32.000         73.29                         
      1.950         10.326          109.954                30.519           33.467           32.000         73.00                         
      1.960         10.330          109.955                30.475           33.403           32.000         72.71                         
      1.970         10.334          109.956                30.429           33.337           32.000         72.42                         
      1.980         10.338          109.956                30.382           33.270           32.000         72.12                         
      1.990         10.342          109.957                30.334           33.201           32.000         71.82                         
      2.000         10.346          109.958                30.285           33.131           32.000         71.52                         

