  ¬рем€            U                U                Pij              –г               –т г             ”гол рот         ќтн угол U       
                   601              1002             1001             601              601              601              601              
                                                     1002                                                                                 
                                                     1                                                                                    

                    10.500          110.000                14.755           31.800           31.800         53.31                         
      0.010         10.500          110.000                14.755           31.800           31.800         53.31                         
      0.020         10.500          110.000                14.755           31.800           31.800         53.31                         
      0.030         10.500          110.000                14.755           31.800           31.800         53.31                         
      0.040         10.500          110.000                14.755           31.800           31.800         53.31                         
      0.050         10.500          110.000                14.755           31.800           31.800         53.31                         
      0.060         10.500          110.000                14.755           31.800           31.800         53.31                         
      0.070         10.500          110.000                14.755           31.800           31.800         53.31                         
      0.080         10.500          110.000                14.755           31.800           31.800         53.31                         
      0.090         10.500          110.000                14.755           31.800           31.800         53.31                         
      0.100         10.500          110.000                14.755           31.800           31.800         53.31                         
      0.100         10.564          110.000                25.783           27.475           31.800         53.31                         
      0.110         10.564          110.000                25.784           27.477           31.800         53.31                         
      0.120         10.564          110.000                25.789           27.483           31.800         53.33                         
      0.130         10.564          110.000                25.798           27.493           31.800         53.35                         
      0.140         10.563          110.000                25.809           27.506           31.800         53.39                         
      0.150         10.563          110.000                25.824           27.523           31.800         53.43                         
      0.160         10.562          109.999                25.841           27.544           31.800         53.49                         
      0.170         10.561          109.999                25.862           27.569           31.800         53.55                         
      0.180         10.561          109.999                25.886           27.597           31.800         53.63                         
      0.190         10.560          109.999                25.913           27.629           31.800         53.71                         
      0.200         10.559          109.999                25.942           27.664           31.800         53.80                         
      0.210         10.558          109.999                25.975           27.702           31.800         53.91                         
      0.220         10.556          109.998                26.010           27.744           31.800         54.02                         
      0.230         10.555          109.998                26.048           27.789           31.800         54.14                         
      0.240         10.554          109.998                26.089           27.837           31.800         54.27                         
      0.250         10.552          109.997                26.132           27.888           31.800         54.40                         
      0.260         10.551          109.997                26.178           27.943           31.800         54.55                         
      0.270         10.549          109.997                26.226           28.000           31.800         54.71                         
      0.280         10.547          109.996                26.277           28.060           31.800         54.87                         
      0.290         10.545          109.996                26.330           28.123           31.800         55.04                         
      0.300         10.543          109.996                26.385           28.189           31.800         55.22                         
      0.310         10.541          109.995                26.442           28.257           31.800         55.40                         
      0.320         10.539          109.995                26.501           28.328           31.800         55.60                         
      0.330         10.537          109.994                26.562           28.401           31.800         55.80                         
      0.340         10.534          109.994                26.625           28.476           31.800         56.01                         
      0.350         10.532          109.993                26.690           28.554           31.800         56.22                         
      0.360         10.530          109.993                26.757           28.633           31.800         56.45                         
      0.370         10.527          109.992                26.825           28.715           31.800         56.68                         
      0.380         10.524          109.992                26.894           28.799           31.800         56.91                         
      0.390         10.522          109.991                26.965           28.884           31.800         57.15                         
      0.400         10.519          109.991                27.037           28.971           31.800         57.40                         
      0.410         10.516          109.990                27.110           29.060           31.800         57.65                         
      0.420         10.513          109.990                27.185           29.150           31.800         57.91                         
      0.430         10.510          109.989                27.260           29.241           31.800         58.18                         
      0.440         10.507          109.988                27.336           29.334           31.800         58.45                         
      0.450         10.503          109.988                27.413           29.428           31.800         58.73                         
      0.460         10.500          109.987                27.491           29.523           31.800         59.01                         
      0.470         10.497          109.986                27.569           29.619           31.800         59.29                         
      0.480         10.493          109.986                27.648           29.716           31.800         59.58                         
      0.490         10.490          109.985                27.728           29.813           31.800         59.87                         
      0.500         10.486          109.984                27.807           29.911           31.800         60.17                         
      0.510         10.483          109.984                27.887           30.010           31.800         60.47                         
      0.520         10.479          109.983                27.967           30.109           31.800         60.78                         
      0.530         10.475          109.982                28.047           30.208           31.800         61.08                         
      0.540         10.472          109.981                28.127           30.308           31.800         61.40                         
      0.550         10.468          109.981                28.207           30.408           31.800         61.71                         
      0.560         10.464          109.980                28.287           30.508           31.800         62.03                         
      0.570         10.460          109.979                28.367           30.607           31.800         62.35                         
      0.580         10.456          109.978                28.446           30.707           31.800         62.67                         
      0.590         10.452          109.978                28.525           30.806           31.800         62.99                         
      0.600         10.448          109.977                28.603           30.906           31.800         63.32                         
      0.610         10.444          109.976                28.681           31.004           31.800         63.64                         
      0.620         10.440          109.975                28.758           31.103           31.800         63.97                         
      0.630         10.436          109.975                28.834           31.200           31.800         64.30                         
      0.640         10.431          109.974                28.910           31.297           31.800         64.63                         
      0.650         10.427          109.973                28.985           31.394           31.800         64.96                         
      0.660         10.423          109.972                29.059           31.489           31.800         65.29                         
      0.670         10.419          109.971                29.132           31.584           31.800         65.63                         
      0.680         10.414          109.971                29.204           31.678           31.800         65.96                         
      0.690         10.410          109.970                29.276           31.771           31.800         66.29                         
      0.700         10.406          109.969                29.346           31.863           31.800         66.62                         
      0.710         10.402          109.968                29.415           31.954           31.800         66.95                         
      0.720         10.397          109.967                29.483           32.043           31.800         67.28                         
      0.730         10.393          109.967                29.549           32.132           31.800         67.61                         
      0.740         10.389          109.966                29.615           32.219           31.800         67.94                         
      0.750         10.384          109.965                29.679           32.306           31.800         68.27                         
      0.760         10.380          109.964                29.743           32.390           31.800         68.59                         
      0.770         10.376          109.963                29.804           32.474           31.800         68.92                         
      0.780         10.371          109.963                29.865           32.556           31.800         69.24                         
      0.790         10.367          109.962                29.924           32.637           31.800         69.56                         
      0.800         10.363          109.961                29.982           32.716           31.800         69.88                         
      0.810         10.359          109.960                30.039           32.794           31.800         70.20                         
      0.820         10.354          109.959                30.094           32.870           31.800         70.51                         
      0.830         10.350          109.959                30.148           32.945           31.800         70.82                         
      0.840         10.346          109.958                30.200           33.018           31.800         71.13                         
      0.850         10.342          109.957                30.251           33.090           31.800         71.43                         
      0.860         10.338          109.956                30.301           33.161           31.800         71.73                         
      0.870         10.334          109.956                30.349           33.229           31.800         72.03                         
      0.880         10.330          109.955                30.397           33.297           31.800         72.33                         
      0.890         10.326          109.954                30.442           33.362           31.800         72.62                         
      0.900         10.322          109.953                30.487           33.426           31.800         72.91                         
      0.910         10.318          109.953                30.530           33.489           31.800         73.19                         
      0.920         10.314          109.952                30.571           33.550           31.800         73.47                         
      0.930         10.310          109.951                30.612           33.609           31.800         73.75                         
      0.940         10.306          109.951                30.651           33.667           31.800         74.02                         
      0.950         10.302          109.950                30.688           33.723           31.800         74.29                         
      0.960         10.299          109.949                30.725           33.778           31.800         74.56                         
      0.970         10.295          109.949                30.760           33.831           31.800         74.81                         
      0.980         10.291          109.948                30.794           33.882           31.800         75.07                         
      0.990         10.288          109.947                30.827           33.932           31.800         75.32                         
      1.000         10.284          109.947                30.858           33.981           31.800         75.56                         
      1.010         10.281          109.946                30.888           34.028           31.800         75.80                         
      1.020         10.278          109.946                30.918           34.073           31.800         76.04                         
      1.030         10.274          109.945                30.946           34.117           31.800         76.27                         
      1.040         10.271          109.945                30.973           34.160           31.800         76.49                         
      1.050         10.268          109.944                30.998           34.201           31.800         76.71                         
      1.060         10.265          109.943                31.023           34.241           31.800         76.93                         
      1.070         10.262          109.943                31.047           34.279           31.800         77.13                         
      1.080         10.259          109.942                31.070           34.316           31.800         77.34                         
      1.090         10.256          109.942                31.091           34.351           31.800         77.53                         
      1.100         10.254          109.941                31.112           34.385           31.800         77.73                         
      1.110         10.251          109.941                31.132           34.418           31.800         77.91                         
      1.120         10.248          109.940                31.150           34.449           31.800         78.09                         
      1.130         10.246          109.940                31.168           34.480           31.800         78.27                         
      1.140         10.243          109.940                31.185           34.508           31.800         78.43                         
      1.150         10.241          109.939                31.201           34.536           31.800         78.60                         
      1.160         10.239          109.939                31.217           34.562           31.800         78.75                         
      1.170         10.237          109.938                31.231           34.587           31.800         78.90                         
      1.180         10.235          109.938                31.245           34.611           31.800         79.05                         
      1.190         10.233          109.938                31.258           34.634           31.800         79.18                         
      1.200         10.231          109.937                31.270           34.655           31.800         79.32                         
      1.210         10.229          109.937                31.282           34.675           31.800         79.44                         
      1.220         10.227          109.937                31.292           34.694           31.800         79.56                         
      1.230         10.225          109.936                31.302           34.712           31.800         79.67                         
      1.240         10.224          109.936                31.312           34.729           31.800         79.78                         
      1.250         10.222          109.936                31.320           34.745           31.800         79.88                         
      1.260         10.221          109.936                31.328           34.759           31.800         79.97                         
      1.270         10.220          109.935                31.336           34.773           31.800         80.06                         
      1.280         10.219          109.935                31.342           34.785           31.800         80.14                         
      1.290         10.218          109.935                31.349           34.797           31.800         80.21                         
      1.300         10.217          109.935                31.354           34.807           31.800         80.28                         
      1.310         10.216          109.935                31.359           34.816           31.800         80.34                         
      1.320         10.215          109.935                31.364           34.825           31.800         80.39                         
      1.330         10.214          109.935                31.367           34.832           31.800         80.44                         
      1.340         10.214          109.934                31.371           34.838           31.800         80.48                         
      1.350         10.213          109.934                31.374           34.843           31.800         80.52                         
      1.360         10.213          109.934                31.376           34.847           31.800         80.54                         
      1.370         10.212          109.934                31.377           34.851           31.800         80.57                         
      1.380         10.212          109.934                31.379           34.853           31.800         80.58                         
      1.390         10.212          109.934                31.379           34.854           31.800         80.59                         
      1.400         10.212          109.934                31.379           34.854           31.800         80.59                         
      1.410         10.212          109.934                31.379           34.853           31.800         80.58                         
      1.420         10.212          109.934                31.378           34.851           31.800         80.57                         
      1.430         10.213          109.934                31.376           34.849           31.800         80.55                         
      1.440         10.213          109.934                31.374           34.845           31.800         80.53                         
      1.450         10.213          109.934                31.372           34.840           31.800         80.50                         
      1.460         10.214          109.934                31.369           34.834           31.800         80.46                         
      1.470         10.215          109.935                31.365           34.827           31.800         80.41                         
      1.480         10.215          109.935                31.361           34.820           31.800         80.36                         
      1.490         10.216          109.935                31.356           34.811           31.800         80.30                         
      1.500         10.217          109.935                31.351           34.801           31.800         80.24                         
      1.510         10.218          109.935                31.345           34.790           31.800         80.17                         
      1.520         10.219          109.935                31.338           34.778           31.800         80.09                         
      1.530         10.221          109.936                31.331           34.765           31.800         80.01                         
      1.540         10.222          109.936                31.323           34.751           31.800         79.92                         
      1.550         10.223          109.936                31.315           34.736           31.800         79.82                         
      1.560         10.225          109.936                31.306           34.719           31.800         79.72                         
      1.570         10.226          109.937                31.296           34.702           31.800         79.61                         
      1.580         10.228          109.937                31.286           34.684           31.800         79.49                         
      1.590         10.230          109.937                31.275           34.664           31.800         79.37                         
      1.600         10.232          109.938                31.263           34.643           31.800         79.24                         
      1.610         10.234          109.938                31.251           34.621           31.800         79.11                         
      1.620         10.236          109.938                31.238           34.598           31.800         78.97                         
      1.630         10.238          109.939                31.224           34.574           31.800         78.82                         
      1.640         10.240          109.939                31.209           34.549           31.800         78.67                         
      1.650         10.242          109.939                31.193           34.522           31.800         78.51                         
      1.660         10.245          109.940                31.177           34.494           31.800         78.35                         
      1.670         10.247          109.940                31.160           34.465           31.800         78.18                         
      1.680         10.250          109.941                31.142           34.435           31.800         78.01                         
      1.690         10.252          109.941                31.123           34.403           31.800         77.83                         
      1.700         10.255          109.942                31.103           34.370           31.800         77.64                         
      1.710         10.258          109.942                31.082           34.336           31.800         77.45                         
      1.720         10.260          109.943                31.060           34.301           31.800         77.25                         
      1.730         10.263          109.943                31.038           34.264           31.800         77.05                         
      1.740         10.266          109.944                31.014           34.226           31.800         76.85                         
      1.750         10.269          109.944                30.989           34.186           31.800         76.63                         
      1.760         10.272          109.945                30.963           34.145           31.800         76.42                         
      1.770         10.276          109.945                30.937           34.103           31.800         76.19                         
      1.780         10.279          109.946                30.909           34.059           31.800         75.97                         
      1.790         10.282          109.946                30.880           34.014           31.800         75.73                         
      1.800         10.285          109.947                30.850           33.968           31.800         75.50                         
      1.810         10.289          109.948                30.819           33.920           31.800         75.26                         
      1.820         10.292          109.948                30.786           33.871           31.800         75.01                         
      1.830         10.296          109.949                30.753           33.820           31.800         74.76                         
      1.840         10.299          109.949                30.718           33.768           31.800         74.51                         
      1.850         10.303          109.950                30.683           33.714           31.800         74.25                         
      1.860         10.307          109.951                30.646           33.659           31.800         73.99                         
      1.870         10.310          109.951                30.607           33.603           31.800         73.72                         
      1.880         10.314          109.952                30.568           33.545           31.800         73.45                         
      1.890         10.318          109.953                30.528           33.486           31.800         73.18                         
      1.900         10.322          109.953                30.486           33.425           31.800         72.90                         
      1.910         10.326          109.954                30.443           33.363           31.800         72.62                         
      1.920         10.329          109.955                30.398           33.299           31.800         72.34                         
      1.930         10.333          109.956                30.353           33.234           31.800         72.06                         
      1.940         10.337          109.956                30.306           33.168           31.800         71.77                         
      1.950         10.341          109.957                30.258           33.100           31.800         71.47                         
      1.960         10.345          109.958                30.209           33.031           31.800         71.18                         
      1.970         10.349          109.959                30.159           32.961           31.800         70.88                         
      1.980         10.353          109.959                30.107           32.889           31.800         70.59                         
      1.990         10.357          109.960                30.054           32.816           31.800         70.28                         
      2.000         10.362          109.961                30.000           32.741           31.800         69.98                         

