  ¬рем€            U                U                Pij              –г               –т г             ”гол рот         ќтн угол U       
                   601              1002             1001             601              601              601              601              
                                                     1002                                                                                 
                                                     1                                                                                    

                    10.500          110.000                14.463           31.100           31.100         51.88                         
      0.010         10.500          110.000                14.463           31.100           31.100         51.88                         
      0.020         10.500          110.000                14.463           31.100           31.100         51.88                         
      0.030         10.500          110.000                14.463           31.100           31.100         51.88                         
      0.040         10.500          110.000                14.463           31.100           31.100         51.88                         
      0.050         10.500          110.000                14.463           31.100           31.100         51.88                         
      0.060         10.500          110.000                14.463           31.100           31.100         51.88                         
      0.070         10.500          110.000                14.463           31.100           31.100         51.88                         
      0.080         10.500          110.000                14.463           31.100           31.100         51.88                         
      0.090         10.500          110.000                14.463           31.100           31.100         51.88                         
      0.100         10.500          110.000                14.463           31.100           31.100         51.88                         
      0.100         10.561          109.999                25.260           26.867           31.100         51.88                         
      0.110         10.561          109.999                25.262           26.869           31.100         51.88                         
      0.120         10.561          109.999                25.267           26.875           31.100         51.90                         
      0.130         10.561          109.999                25.275           26.885           31.100         51.92                         
      0.140         10.561          109.999                25.287           26.898           31.100         51.96                         
      0.150         10.560          109.999                25.301           26.916           31.100         52.00                         
      0.160         10.559          109.999                25.319           26.936           31.100         52.06                         
      0.170         10.559          109.999                25.340           26.961           31.100         52.12                         
      0.180         10.558          109.999                25.364           26.989           31.100         52.19                         
      0.190         10.557          109.999                25.391           27.021           31.100         52.27                         
      0.200         10.556          109.998                25.421           27.056           31.100         52.36                         
      0.210         10.555          109.998                25.454           27.095           31.100         52.46                         
      0.220         10.554          109.998                25.490           27.137           31.100         52.57                         
      0.230         10.553          109.998                25.529           27.182           31.100         52.69                         
      0.240         10.551          109.997                25.570           27.230           31.100         52.82                         
      0.250         10.550          109.997                25.614           27.282           31.100         52.95                         
      0.260         10.549          109.997                25.660           27.336           31.100         53.09                         
      0.270         10.547          109.996                25.709           27.394           31.100         53.25                         
      0.280         10.545          109.996                25.760           27.454           31.100         53.40                         
      0.290         10.543          109.996                25.814           27.517           31.100         53.57                         
      0.300         10.542          109.995                25.869           27.583           31.100         53.75                         
      0.310         10.540          109.995                25.927           27.652           31.100         53.93                         
      0.320         10.537          109.994                25.987           27.722           31.100         54.12                         
      0.330         10.535          109.994                26.049           27.796           31.100         54.31                         
      0.340         10.533          109.994                26.113           27.872           31.100         54.52                         
      0.350         10.531          109.993                26.179           27.950           31.100         54.73                         
      0.360         10.528          109.993                26.246           28.030           31.100         54.95                         
      0.370         10.526          109.992                26.315           28.112           31.100         55.17                         
      0.380         10.523          109.992                26.385           28.196           31.100         55.40                         
      0.390         10.521          109.991                26.457           28.281           31.100         55.64                         
      0.400         10.518          109.991                26.531           28.369           31.100         55.88                         
      0.410         10.515          109.990                26.605           28.458           31.100         56.12                         
      0.420         10.512          109.989                26.680           28.549           31.100         56.38                         
      0.430         10.510          109.989                26.757           28.641           31.100         56.64                         
      0.440         10.507          109.988                26.835           28.734           31.100         56.90                         
      0.450         10.504          109.988                26.913           28.828           31.100         57.17                         
      0.460         10.500          109.987                26.992           28.924           31.100         57.44                         
      0.470         10.497          109.986                27.072           29.020           31.100         57.72                         
      0.480         10.494          109.986                27.152           29.118           31.100         58.00                         
      0.490         10.491          109.985                27.233           29.216           31.100         58.28                         
      0.500         10.487          109.984                27.314           29.315           31.100         58.57                         
      0.510         10.484          109.984                27.395           29.414           31.100         58.87                         
      0.520         10.480          109.983                27.477           29.514           31.100         59.16                         
      0.530         10.477          109.982                27.559           29.614           31.100         59.46                         
      0.540         10.473          109.982                27.641           29.714           31.100         59.76                         
      0.550         10.470          109.981                27.722           29.815           31.100         60.07                         
      0.560         10.466          109.980                27.804           29.916           31.100         60.38                         
      0.570         10.462          109.980                27.885           30.016           31.100         60.68                         
      0.580         10.459          109.979                27.966           30.117           31.100         61.00                         
      0.590         10.455          109.978                28.047           30.217           31.100         61.31                         
      0.600         10.451          109.977                28.127           30.317           31.100         61.62                         
      0.610         10.447          109.977                28.207           30.417           31.100         61.94                         
      0.620         10.443          109.976                28.286           30.516           31.100         62.26                         
      0.630         10.439          109.975                28.364           30.614           31.100         62.57                         
      0.640         10.435          109.974                28.442           30.712           31.100         62.89                         
      0.650         10.431          109.974                28.519           30.810           31.100         63.21                         
      0.660         10.427          109.973                28.595           30.906           31.100         63.53                         
      0.670         10.423          109.972                28.670           31.002           31.100         63.85                         
      0.680         10.419          109.971                28.745           31.097           31.100         64.17                         
      0.690         10.415          109.971                28.818           31.191           31.100         64.49                         
      0.700         10.411          109.970                28.891           31.284           31.100         64.81                         
      0.710         10.407          109.969                28.962           31.376           31.100         65.13                         
      0.720         10.403          109.968                29.032           31.466           31.100         65.44                         
      0.730         10.399          109.968                29.101           31.556           31.100         65.76                         
      0.740         10.395          109.967                29.169           31.644           31.100         66.07                         
      0.750         10.391          109.966                29.236           31.732           31.100         66.39                         
      0.760         10.387          109.965                29.301           31.817           31.100         66.70                         
      0.770         10.383          109.965                29.365           31.902           31.100         67.01                         
      0.780         10.379          109.964                29.428           31.985           31.100         67.31                         
      0.790         10.375          109.963                29.490           32.067           31.100         67.62                         
      0.800         10.371          109.962                29.550           32.147           31.100         67.92                         
      0.810         10.367          109.962                29.609           32.226           31.100         68.22                         
      0.820         10.363          109.961                29.667           32.303           31.100         68.52                         
      0.830         10.359          109.960                29.723           32.379           31.100         68.81                         
      0.840         10.355          109.959                29.778           32.454           31.100         69.10                         
      0.850         10.352          109.959                29.831           32.526           31.100         69.39                         
      0.860         10.348          109.958                29.883           32.598           31.100         69.67                         
      0.870         10.344          109.957                29.934           32.667           31.100         69.96                         
      0.880         10.340          109.957                29.983           32.735           31.100         70.23                         
      0.890         10.337          109.956                30.032           32.802           31.100         70.51                         
      0.900         10.333          109.955                30.078           32.866           31.100         70.78                         
      0.910         10.329          109.955                30.123           32.930           31.100         71.04                         
      0.920         10.326          109.954                30.167           32.991           31.100         71.30                         
      0.930         10.322          109.953                30.210           33.051           31.100         71.56                         
      0.940         10.319          109.953                30.251           33.110           31.100         71.81                         
      0.950         10.315          109.952                30.291           33.166           31.100         72.06                         
      0.960         10.312          109.952                30.330           33.222           31.100         72.30                         
      0.970         10.309          109.951                30.367           33.275           31.100         72.54                         
      0.980         10.306          109.950                30.403           33.327           31.100         72.77                         
      0.990         10.303          109.950                30.438           33.378           31.100         73.00                         
      1.000         10.299          109.949                30.471           33.426           31.100         73.22                         
      1.010         10.296          109.949                30.504           33.473           31.100         73.44                         
      1.020         10.293          109.948                30.535           33.519           31.100         73.65                         
      1.030         10.291          109.948                30.565           33.563           31.100         73.86                         
      1.040         10.288          109.947                30.593           33.606           31.100         74.06                         
      1.050         10.285          109.947                30.621           33.647           31.100         74.26                         
      1.060         10.282          109.946                30.647           33.686           31.100         74.45                         
      1.070         10.280          109.946                30.672           33.724           31.100         74.63                         
      1.080         10.277          109.945                30.697           33.761           31.100         74.81                         
      1.090         10.275          109.945                30.720           33.796           31.100         74.98                         
      1.100         10.272          109.944                30.742           33.829           31.100         75.15                         
      1.110         10.270          109.944                30.763           33.861           31.100         75.31                         
      1.120         10.268          109.944                30.783           33.892           31.100         75.47                         
      1.130         10.266          109.943                30.801           33.921           31.100         75.61                         
      1.140         10.264          109.943                30.819           33.949           31.100         75.76                         
      1.150         10.262          109.943                30.836           33.975           31.100         75.89                         
      1.160         10.260          109.942                30.852           34.000           31.100         76.02                         
      1.170         10.258          109.942                30.867           34.023           31.100         76.14                         
      1.180         10.257          109.942                30.881           34.046           31.100         76.26                         
      1.190         10.255          109.941                30.895           34.067           31.100         76.37                         
      1.200         10.254          109.941                30.907           34.086           31.100         76.47                         
      1.210         10.252          109.941                30.918           34.104           31.100         76.57                         
      1.220         10.251          109.941                30.929           34.121           31.100         76.66                         
      1.230         10.250          109.940                30.939           34.137           31.100         76.75                         
      1.240         10.249          109.940                30.948           34.151           31.100         76.82                         
      1.250         10.248          109.940                30.956           34.164           31.100         76.89                         
      1.260         10.247          109.940                30.963           34.176           31.100         76.96                         
      1.270         10.246          109.940                30.970           34.186           31.100         77.01                         
      1.280         10.245          109.940                30.975           34.195           31.100         77.06                         
      1.290         10.245          109.939                30.980           34.203           31.100         77.11                         
      1.300         10.244          109.939                30.984           34.210           31.100         77.14                         
      1.310         10.244          109.939                30.988           34.215           31.100         77.17                         
      1.320         10.243          109.939                30.990           34.220           31.100         77.20                         
      1.330         10.243          109.939                30.992           34.223           31.100         77.21                         
      1.340         10.243          109.939                30.993           34.224           31.100         77.22                         
      1.350         10.243          109.939                30.994           34.225           31.100         77.23                         
      1.360         10.243          109.939                30.993           34.224           31.100         77.22                         
      1.370         10.243          109.939                30.992           34.222           31.100         77.21                         
      1.380         10.243          109.939                30.990           34.219           31.100         77.19                         
      1.390         10.244          109.939                30.987           34.215           31.100         77.17                         
      1.400         10.244          109.939                30.984           34.209           31.100         77.14                         
      1.410         10.245          109.940                30.979           34.202           31.100         77.10                         
      1.420         10.245          109.940                30.974           34.194           31.100         77.06                         
      1.430         10.246          109.940                30.969           34.185           31.100         77.00                         
      1.440         10.247          109.940                30.962           34.174           31.100         76.95                         
      1.450         10.248          109.940                30.955           34.162           31.100         76.88                         
      1.460         10.249          109.940                30.947           34.149           31.100         76.81                         
      1.470         10.250          109.940                30.938           34.135           31.100         76.73                         
      1.480         10.251          109.941                30.928           34.119           31.100         76.65                         
      1.490         10.253          109.941                30.917           34.102           31.100         76.56                         
      1.500         10.254          109.941                30.906           34.084           31.100         76.46                         
      1.510         10.255          109.941                30.893           34.064           31.100         76.36                         
      1.520         10.257          109.942                30.880           34.043           31.100         76.25                         
      1.530         10.259          109.942                30.866           34.021           31.100         76.13                         
      1.540         10.260          109.942                30.851           33.998           31.100         76.01                         
      1.550         10.262          109.943                30.835           33.973           31.100         75.88                         
      1.560         10.264          109.943                30.818           33.947           31.100         75.75                         
      1.570         10.266          109.943                30.800           33.919           31.100         75.61                         
      1.580         10.268          109.944                30.782           33.891           31.100         75.46                         
      1.590         10.270          109.944                30.762           33.860           31.100         75.31                         
      1.600         10.273          109.944                30.741           33.829           31.100         75.15                         
      1.610         10.275          109.945                30.720           33.796           31.100         74.98                         
      1.620         10.277          109.945                30.697           33.761           31.100         74.81                         
      1.630         10.280          109.946                30.673           33.725           31.100         74.64                         
      1.640         10.282          109.946                30.648           33.688           31.100         74.46                         
      1.650         10.285          109.947                30.623           33.649           31.100         74.27                         
      1.660         10.288          109.947                30.596           33.609           31.100         74.08                         
      1.670         10.290          109.948                30.567           33.567           31.100         73.88                         
      1.680         10.293          109.948                30.538           33.524           31.100         73.68                         
      1.690         10.296          109.949                30.508           33.480           31.100         73.47                         
      1.700         10.299          109.949                30.476           33.434           31.100         73.26                         
      1.710         10.302          109.950                30.444           33.386           31.100         73.04                         
      1.720         10.305          109.950                30.410           33.337           31.100         72.82                         
      1.730         10.308          109.951                30.375           33.287           31.100         72.59                         
      1.740         10.311          109.951                30.339           33.235           31.100         72.36                         
      1.750         10.315          109.952                30.301           33.181           31.100         72.12                         
      1.760         10.318          109.953                30.263           33.126           31.100         71.88                         
      1.770         10.321          109.953                30.223           33.070           31.100         71.64                         
      1.780         10.325          109.954                30.182           33.012           31.100         71.39                         
      1.790         10.328          109.954                30.140           32.952           31.100         71.14                         
      1.800         10.332          109.955                30.096           32.891           31.100         70.88                         
      1.810         10.335          109.956                30.051           32.829           31.100         70.62                         
      1.820         10.339          109.956                30.005           32.765           31.100         70.36                         
      1.830         10.342          109.957                29.958           32.700           31.100         70.09                         
      1.840         10.346          109.958                29.910           32.633           31.100         69.82                         
      1.850         10.350          109.958                29.860           32.565           31.100         69.55                         
      1.860         10.353          109.959                29.809           32.496           31.100         69.27                         
      1.870         10.357          109.960                29.757           32.425           31.100         68.99                         
      1.880         10.361          109.960                29.703           32.353           31.100         68.71                         
      1.890         10.364          109.961                29.649           32.279           31.100         68.42                         
      1.900         10.368          109.962                29.593           32.205           31.100         68.14                         
      1.910         10.372          109.962                29.536           32.128           31.100         67.85                         
      1.920         10.376          109.963                29.478           32.051           31.100         67.56                         
      1.930         10.380          109.964                29.419           31.973           31.100         67.27                         
      1.940         10.384          109.965                29.358           31.893           31.100         66.97                         
      1.950         10.387          109.965                29.297           31.812           31.100         66.68                         
      1.960         10.391          109.966                29.234           31.730           31.100         66.38                         
      1.970         10.395          109.967                29.171           31.647           31.100         66.08                         
      1.980         10.399          109.967                29.106           31.563           31.100         65.78                         
      1.990         10.403          109.968                29.041           31.478           31.100         65.48                         
      2.000         10.407          109.969                28.975           31.392           31.100         65.18                         

