  ¬рем€            U                U                Pij              –г               –т г             ”гол рот         ќтн угол U       
                   601              1002             1001             601              601              601              601              
                                                     1002                                                                                 
                                                     1                                                                                    

                    10.500          110.000                14.421           31.000           31.000         51.68                         
      0.010         10.500          110.000                14.421           31.000           31.000         51.68                         
      0.020         10.500          110.000                14.421           31.000           31.000         51.68                         
      0.030         10.500          110.000                14.421           31.000           31.000         51.68                         
      0.040         10.500          110.000                14.421           31.000           31.000         51.68                         
      0.050         10.500          110.000                14.421           31.000           31.000         51.68                         
      0.060         10.500          110.000                14.421           31.000           31.000         51.68                         
      0.070         10.500          110.000                14.421           31.000           31.000         51.68                         
      0.080         10.500          110.000                14.421           31.000           31.000         51.68                         
      0.090         10.500          110.000                14.421           31.000           31.000         51.68                         
      0.100         10.500          110.000                14.421           31.000           31.000         51.68                         
      0.100         10.561          109.999                25.185           26.780           31.000         51.68                         
      0.110         10.561          109.999                25.187           26.782           31.000         51.68                         
      0.120         10.561          109.999                25.192           26.788           31.000         51.70                         
      0.130         10.561          109.999                25.200           26.798           31.000         51.72                         
      0.140         10.560          109.999                25.212           26.811           31.000         51.75                         
      0.150         10.560          109.999                25.226           26.829           31.000         51.80                         
      0.160         10.559          109.999                25.244           26.850           31.000         51.85                         
      0.170         10.558          109.999                25.265           26.874           31.000         51.92                         
      0.180         10.558          109.999                25.290           26.902           31.000         51.99                         
      0.190         10.557          109.998                25.317           26.934           31.000         52.07                         
      0.200         10.556          109.998                25.347           26.969           31.000         52.16                         
      0.210         10.555          109.998                25.380           27.008           31.000         52.26                         
      0.220         10.554          109.998                25.415           27.050           31.000         52.37                         
      0.230         10.552          109.998                25.454           27.095           31.000         52.49                         
      0.240         10.551          109.997                25.495           27.143           31.000         52.61                         
      0.250         10.550          109.997                25.539           27.195           31.000         52.75                         
      0.260         10.548          109.997                25.586           27.249           31.000         52.89                         
      0.270         10.547          109.996                25.634           27.307           31.000         53.04                         
      0.280         10.545          109.996                25.686           27.367           31.000         53.20                         
      0.290         10.543          109.996                25.739           27.431           31.000         53.36                         
      0.300         10.541          109.995                25.795           27.496           31.000         53.54                         
      0.310         10.539          109.995                25.853           27.565           31.000         53.72                         
      0.320         10.537          109.994                25.913           27.636           31.000         53.91                         
      0.330         10.535          109.994                25.975           27.709           31.000         54.10                         
      0.340         10.533          109.994                26.039           27.785           31.000         54.31                         
      0.350         10.531          109.993                26.105           27.863           31.000         54.52                         
      0.360         10.528          109.993                26.173           27.943           31.000         54.73                         
      0.370         10.526          109.992                26.242           28.025           31.000         54.96                         
      0.380         10.523          109.992                26.312           28.109           31.000         55.19                         
      0.390         10.521          109.991                26.384           28.195           31.000         55.42                         
      0.400         10.518          109.991                26.458           28.283           31.000         55.66                         
      0.410         10.515          109.990                26.532           28.372           31.000         55.91                         
      0.420         10.512          109.989                26.608           28.463           31.000         56.16                         
      0.430         10.510          109.989                26.685           28.555           31.000         56.42                         
      0.440         10.507          109.988                26.762           28.648           31.000         56.68                         
      0.450         10.504          109.988                26.841           28.742           31.000         56.95                         
      0.460         10.500          109.987                26.920           28.838           31.000         57.22                         
      0.470         10.497          109.986                27.000           28.935           31.000         57.50                         
      0.480         10.494          109.986                27.081           29.032           31.000         57.78                         
      0.490         10.491          109.985                27.161           29.130           31.000         58.06                         
      0.500         10.487          109.984                27.243           29.229           31.000         58.35                         
      0.510         10.484          109.984                27.324           29.328           31.000         58.64                         
      0.520         10.481          109.983                27.406           29.428           31.000         58.93                         
      0.530         10.477          109.982                27.488           29.529           31.000         59.23                         
      0.540         10.474          109.982                27.570           29.629           31.000         59.53                         
      0.550         10.470          109.981                27.652           29.730           31.000         59.84                         
      0.560         10.466          109.980                27.734           29.830           31.000         60.14                         
      0.570         10.463          109.980                27.815           29.931           31.000         60.45                         
      0.580         10.459          109.979                27.897           30.032           31.000         60.76                         
      0.590         10.455          109.978                27.978           30.132           31.000         61.07                         
      0.600         10.451          109.977                28.058           30.232           31.000         61.38                         
      0.610         10.448          109.977                28.138           30.332           31.000         61.70                         
      0.620         10.444          109.976                28.217           30.431           31.000         62.01                         
      0.630         10.440          109.975                28.296           30.530           31.000         62.33                         
      0.640         10.436          109.974                28.374           30.628           31.000         62.65                         
      0.650         10.432          109.974                28.451           30.725           31.000         62.97                         
      0.660         10.428          109.973                28.528           30.822           31.000         63.28                         
      0.670         10.424          109.972                28.603           30.918           31.000         63.60                         
      0.680         10.420          109.971                28.678           31.013           31.000         63.92                         
      0.690         10.416          109.971                28.751           31.107           31.000         64.24                         
      0.700         10.412          109.970                28.824           31.200           31.000         64.55                         
      0.710         10.408          109.969                28.896           31.292           31.000         64.87                         
      0.720         10.404          109.968                28.966           31.383           31.000         65.18                         
      0.730         10.400          109.968                29.035           31.473           31.000         65.50                         
      0.740         10.396          109.967                29.104           31.561           31.000         65.81                         
      0.750         10.392          109.966                29.171           31.648           31.000         66.12                         
      0.760         10.388          109.965                29.236           31.734           31.000         66.43                         
      0.770         10.384          109.965                29.301           31.819           31.000         66.74                         
      0.780         10.380          109.964                29.364           31.902           31.000         67.04                         
      0.790         10.376          109.963                29.426           31.984           31.000         67.34                         
      0.800         10.372          109.962                29.486           32.064           31.000         67.64                         
      0.810         10.368          109.962                29.546           32.143           31.000         67.94                         
      0.820         10.364          109.961                29.604           32.221           31.000         68.24                         
      0.830         10.361          109.960                29.660           32.297           31.000         68.53                         
      0.840         10.357          109.960                29.715           32.371           31.000         68.82                         
      0.850         10.353          109.959                29.769           32.444           31.000         69.10                         
      0.860         10.349          109.958                29.822           32.515           31.000         69.38                         
      0.870         10.345          109.958                29.873           32.585           31.000         69.66                         
      0.880         10.342          109.957                29.922           32.653           31.000         69.94                         
      0.890         10.338          109.956                29.971           32.720           31.000         70.21                         
      0.900         10.335          109.956                30.017           32.785           31.000         70.48                         
      0.910         10.331          109.955                30.063           32.848           31.000         70.74                         
      0.920         10.328          109.954                30.107           32.910           31.000         71.00                         
      0.930         10.324          109.954                30.150           32.970           31.000         71.25                         
      0.940         10.321          109.953                30.192           33.028           31.000         71.50                         
      0.950         10.317          109.952                30.232           33.085           31.000         71.74                         
      0.960         10.314          109.952                30.271           33.140           31.000         71.99                         
      0.970         10.311          109.951                30.308           33.194           31.000         72.22                         
      0.980         10.308          109.951                30.345           33.246           31.000         72.45                         
      0.990         10.305          109.950                30.380           33.296           31.000         72.68                         
      1.000         10.301          109.950                30.413           33.345           31.000         72.90                         
      1.010         10.299          109.949                30.446           33.392           31.000         73.11                         
      1.020         10.296          109.948                30.477           33.437           31.000         73.32                         
      1.030         10.293          109.948                30.507           33.481           31.000         73.52                         
      1.040         10.290          109.947                30.536           33.524           31.000         73.72                         
      1.050         10.287          109.947                30.564           33.565           31.000         73.91                         
      1.060         10.285          109.947                30.590           33.604           31.000         74.10                         
      1.070         10.282          109.946                30.615           33.642           31.000         74.28                         
      1.080         10.280          109.946                30.640           33.678           31.000         74.46                         
      1.090         10.277          109.945                30.663           33.713           31.000         74.63                         
      1.100         10.275          109.945                30.685           33.747           31.000         74.79                         
      1.110         10.273          109.944                30.706           33.778           31.000         74.95                         
      1.120         10.271          109.944                30.726           33.809           31.000         75.10                         
      1.130         10.269          109.944                30.745           33.838           31.000         75.24                         
      1.140         10.267          109.943                30.763           33.865           31.000         75.38                         
      1.150         10.265          109.943                30.780           33.891           31.000         75.51                         
      1.160         10.263          109.943                30.796           33.916           31.000         75.64                         
      1.170         10.261          109.942                30.811           33.939           31.000         75.76                         
      1.180         10.260          109.942                30.825           33.961           31.000         75.87                         
      1.190         10.258          109.942                30.838           33.982           31.000         75.98                         
      1.200         10.257          109.942                30.850           34.001           31.000         76.08                         
      1.210         10.256          109.941                30.862           34.019           31.000         76.17                         
      1.220         10.254          109.941                30.872           34.035           31.000         76.26                         
      1.230         10.253          109.941                30.882           34.051           31.000         76.34                         
      1.240         10.252          109.941                30.891           34.064           31.000         76.41                         
      1.250         10.251          109.941                30.899           34.077           31.000         76.48                         
      1.260         10.250          109.940                30.906           34.088           31.000         76.54                         
      1.270         10.250          109.940                30.912           34.098           31.000         76.59                         
      1.280         10.249          109.940                30.917           34.107           31.000         76.64                         
      1.290         10.248          109.940                30.922           34.114           31.000         76.68                         
      1.300         10.248          109.940                30.926           34.120           31.000         76.71                         
      1.310         10.248          109.940                30.929           34.125           31.000         76.73                         
      1.320         10.247          109.940                30.931           34.129           31.000         76.75                         
      1.330         10.247          109.940                30.932           34.131           31.000         76.77                         
      1.340         10.247          109.940                30.933           34.132           31.000         76.77                         
      1.350         10.247          109.940                30.933           34.132           31.000         76.77                         
      1.360         10.247          109.940                30.932           34.130           31.000         76.76                         
      1.370         10.247          109.940                30.930           34.127           31.000         76.75                         
      1.380         10.248          109.940                30.928           34.123           31.000         76.73                         
      1.390         10.248          109.940                30.924           34.118           31.000         76.70                         
      1.400         10.249          109.940                30.920           34.112           31.000         76.66                         
      1.410         10.249          109.940                30.915           34.104           31.000         76.62                         
      1.420         10.250          109.940                30.910           34.095           31.000         76.57                         
      1.430         10.251          109.940                30.903           34.084           31.000         76.52                         
      1.440         10.252          109.941                30.896           34.073           31.000         76.46                         
      1.450         10.252          109.941                30.888           34.060           31.000         76.39                         
      1.460         10.254          109.941                30.879           34.046           31.000         76.31                         
      1.470         10.255          109.941                30.869           34.030           31.000         76.23                         
      1.480         10.256          109.941                30.858           34.013           31.000         76.14                         
      1.490         10.257          109.942                30.847           33.995           31.000         76.05                         
      1.500         10.259          109.942                30.834           33.976           31.000         75.95                         
      1.510         10.260          109.942                30.821           33.955           31.000         75.84                         
      1.520         10.262          109.942                30.807           33.933           31.000         75.72                         
      1.530         10.264          109.943                30.791           33.909           31.000         75.60                         
      1.540         10.265          109.943                30.775           33.884           31.000         75.48                         
      1.550         10.267          109.943                30.758           33.858           31.000         75.35                         
      1.560         10.269          109.944                30.740           33.831           31.000         75.21                         
      1.570         10.271          109.944                30.721           33.802           31.000         75.06                         
      1.580         10.273          109.945                30.701           33.771           31.000         74.91                         
      1.590         10.276          109.945                30.680           33.740           31.000         74.76                         
      1.600         10.278          109.945                30.658           33.706           31.000         74.59                         
      1.610         10.280          109.946                30.635           33.672           31.000         74.43                         
      1.620         10.283          109.946                30.611           33.636           31.000         74.25                         
      1.630         10.285          109.947                30.586           33.598           31.000         74.07                         
      1.640         10.288          109.947                30.560           33.559           31.000         73.89                         
      1.650         10.290          109.948                30.532           33.519           31.000         73.70                         
      1.660         10.293          109.948                30.504           33.477           31.000         73.50                         
      1.670         10.296          109.949                30.474           33.434           31.000         73.30                         
      1.680         10.299          109.949                30.444           33.389           31.000         73.10                         
      1.690         10.302          109.950                30.412           33.342           31.000         72.89                         
      1.700         10.305          109.950                30.379           33.295           31.000         72.67                         
      1.710         10.308          109.951                30.344           33.245           31.000         72.45                         
      1.720         10.311          109.951                30.309           33.194           31.000         72.22                         
      1.730         10.314          109.952                30.272           33.142           31.000         71.99                         
      1.740         10.317          109.952                30.234           33.088           31.000         71.76                         
      1.750         10.320          109.953                30.195           33.033           31.000         71.52                         
      1.760         10.324          109.954                30.155           32.976           31.000         71.28                         
      1.770         10.327          109.954                30.113           32.918           31.000         71.03                         
      1.780         10.330          109.955                30.070           32.858           31.000         70.78                         
      1.790         10.334          109.955                30.026           32.797           31.000         70.53                         
      1.800         10.337          109.956                29.981           32.734           31.000         70.27                         
      1.810         10.341          109.957                29.935           32.670           31.000         70.01                         
      1.820         10.344          109.957                29.887           32.605           31.000         69.74                         
      1.830         10.348          109.958                29.838           32.537           31.000         69.47                         
      1.840         10.352          109.959                29.787           32.469           31.000         69.20                         
      1.850         10.355          109.959                29.736           32.399           31.000         68.93                         
      1.860         10.359          109.960                29.683           32.328           31.000         68.65                         
      1.870         10.363          109.961                29.629           32.255           31.000         68.37                         
      1.880         10.366          109.961                29.574           32.181           31.000         68.09                         
      1.890         10.370          109.962                29.518           32.106           31.000         67.80                         
      1.900         10.374          109.963                29.460           32.030           31.000         67.51                         
      1.910         10.378          109.964                29.402           31.952           31.000         67.23                         
      1.920         10.382          109.964                29.342           31.873           31.000         66.93                         
      1.930         10.385          109.965                29.281           31.793           31.000         66.64                         
      1.940         10.389          109.966                29.219           31.712           31.000         66.35                         
      1.950         10.393          109.966                29.156           31.630           31.000         66.05                         
      1.960         10.397          109.967                29.092           31.546           31.000         65.76                         
      1.970         10.401          109.968                29.027           31.462           31.000         65.46                         
      1.980         10.404          109.968                28.961           31.377           31.000         65.16                         
      1.990         10.408          109.969                28.895           31.291           31.000         64.86                         
      2.000         10.412          109.970                28.827           31.204           31.000         64.56                         

