  ¬рем€            U                U                Pij              –г               –т г             ”гол рот         ќтн угол U       
                   601              1002             1001             601              601              601              601              
                                                     1002                                                                                 
                                                     1                                                                                    

                    10.500          110.000                14.337           30.800           30.800         51.27                         
      0.010         10.500          110.000                14.337           30.800           30.800         51.27                         
      0.020         10.500          110.000                14.337           30.800           30.800         51.27                         
      0.030         10.500          110.000                14.337           30.800           30.800         51.27                         
      0.040         10.500          110.000                14.337           30.800           30.800         51.27                         
      0.050         10.500          110.000                14.337           30.800           30.800         51.27                         
      0.060         10.500          110.000                14.337           30.800           30.800         51.27                         
      0.070         10.500          110.000                14.337           30.800           30.800         51.27                         
      0.080         10.500          110.000                14.337           30.800           30.800         51.27                         
      0.090         10.500          110.000                14.337           30.800           30.800         51.27                         
      0.100         10.500          110.000                14.337           30.800           30.800         51.27                         
      0.100         10.560          109.999                25.035           26.607           30.800         51.27                         
      0.110         10.560          109.999                25.037           26.609           30.800         51.28                         
      0.120         10.560          109.999                25.042           26.615           30.800         51.29                         
      0.130         10.560          109.999                25.050           26.624           30.800         51.32                         
      0.140         10.559          109.999                25.062           26.638           30.800         51.35                         
      0.150         10.559          109.999                25.077           26.655           30.800         51.40                         
      0.160         10.558          109.999                25.095           26.676           30.800         51.45                         
      0.170         10.558          109.999                25.116           26.701           30.800         51.51                         
      0.180         10.557          109.999                25.140           26.729           30.800         51.58                         
      0.190         10.556          109.998                25.167           26.761           30.800         51.66                         
      0.200         10.555          109.998                25.197           26.796           30.800         51.75                         
      0.210         10.554          109.998                25.230           26.834           30.800         51.85                         
      0.220         10.553          109.998                25.266           26.876           30.800         51.96                         
      0.230         10.552          109.997                25.305           26.921           30.800         52.08                         
      0.240         10.551          109.997                25.346           26.970           30.800         52.20                         
      0.250         10.549          109.997                25.390           27.021           30.800         52.34                         
      0.260         10.548          109.997                25.437           27.076           30.800         52.48                         
      0.270         10.546          109.996                25.486           27.134           30.800         52.63                         
      0.280         10.544          109.996                25.537           27.194           30.800         52.78                         
      0.290         10.543          109.996                25.591           27.257           30.800         52.95                         
      0.300         10.541          109.995                25.647           27.323           30.800         53.12                         
      0.310         10.539          109.995                25.705           27.392           30.800         53.30                         
      0.320         10.537          109.994                25.765           27.463           30.800         53.49                         
      0.330         10.535          109.994                25.828           27.536           30.800         53.69                         
      0.340         10.533          109.994                25.892           27.612           30.800         53.89                         
      0.350         10.530          109.993                25.958           27.690           30.800         54.10                         
      0.360         10.528          109.993                26.025           27.770           30.800         54.31                         
      0.370         10.526          109.992                26.095           27.852           30.800         54.53                         
      0.380         10.523          109.992                26.165           27.936           30.800         54.76                         
      0.390         10.521          109.991                26.238           28.022           30.800         54.99                         
      0.400         10.518          109.991                26.311           28.110           30.800         55.23                         
      0.410         10.515          109.990                26.386           28.199           30.800         55.48                         
      0.420         10.512          109.989                26.462           28.290           30.800         55.73                         
      0.430         10.510          109.989                26.539           28.382           30.800         55.98                         
      0.440         10.507          109.988                26.617           28.476           30.800         56.24                         
      0.450         10.504          109.988                26.696           28.570           30.800         56.51                         
      0.460         10.501          109.987                26.776           28.666           30.800         56.78                         
      0.470         10.497          109.986                26.856           28.763           30.800         57.05                         
      0.480         10.494          109.986                26.937           28.860           30.800         57.33                         
      0.490         10.491          109.985                27.018           28.958           30.800         57.61                         
      0.500         10.488          109.985                27.100           29.057           30.800         57.90                         
      0.510         10.484          109.984                27.182           29.157           30.800         58.19                         
      0.520         10.481          109.983                27.264           29.257           30.800         58.48                         
      0.530         10.478          109.983                27.346           29.357           30.800         58.77                         
      0.540         10.474          109.982                27.429           29.458           30.800         59.07                         
      0.550         10.471          109.981                27.511           29.559           30.800         59.37                         
      0.560         10.467          109.980                27.593           29.660           30.800         59.68                         
      0.570         10.463          109.980                27.675           29.760           30.800         59.98                         
      0.580         10.460          109.979                27.757           29.861           30.800         60.29                         
      0.590         10.456          109.978                27.838           29.962           30.800         60.60                         
      0.600         10.452          109.978                27.919           30.062           30.800         60.91                         
      0.610         10.448          109.977                27.999           30.162           30.800         61.22                         
      0.620         10.445          109.976                28.079           30.261           30.800         61.53                         
      0.630         10.441          109.975                28.159           30.360           30.800         61.84                         
      0.640         10.437          109.975                28.237           30.459           30.800         62.16                         
      0.650         10.433          109.974                28.315           30.556           30.800         62.47                         
      0.660         10.429          109.973                28.392           30.653           30.800         62.79                         
      0.670         10.425          109.972                28.468           30.749           30.800         63.10                         
      0.680         10.421          109.972                28.543           30.844           30.800         63.42                         
      0.690         10.418          109.971                28.617           30.939           30.800         63.73                         
      0.700         10.414          109.970                28.690           31.032           30.800         64.04                         
      0.710         10.410          109.969                28.762           31.124           30.800         64.35                         
      0.720         10.406          109.969                28.833           31.215           30.800         64.67                         
      0.730         10.402          109.968                28.903           31.305           30.800         64.98                         
      0.740         10.398          109.967                28.972           31.394           30.800         65.28                         
      0.750         10.394          109.966                29.039           31.481           30.800         65.59                         
      0.760         10.390          109.966                29.106           31.567           30.800         65.90                         
      0.770         10.386          109.965                29.171           31.652           30.800         66.20                         
      0.780         10.382          109.964                29.234           31.736           30.800         66.50                         
      0.790         10.378          109.964                29.297           31.818           30.800         66.80                         
      0.800         10.375          109.963                29.358           31.898           30.800         67.09                         
      0.810         10.371          109.962                29.418           31.977           30.800         67.39                         
      0.820         10.367          109.961                29.476           32.055           30.800         67.68                         
      0.830         10.363          109.961                29.533           32.131           30.800         67.96                         
      0.840         10.359          109.960                29.589           32.206           30.800         68.25                         
      0.850         10.356          109.959                29.643           32.279           30.800         68.53                         
      0.860         10.352          109.959                29.696           32.350           30.800         68.81                         
      0.870         10.348          109.958                29.748           32.420           30.800         69.08                         
      0.880         10.345          109.957                29.798           32.488           30.800         69.35                         
      0.890         10.341          109.957                29.847           32.555           30.800         69.62                         
      0.900         10.338          109.956                29.894           32.620           30.800         69.88                         
      0.910         10.334          109.955                29.940           32.683           30.800         70.13                         
      0.920         10.331          109.955                29.985           32.745           30.800         70.39                         
      0.930         10.327          109.954                30.029           32.805           30.800         70.64                         
      0.940         10.324          109.954                30.071           32.863           30.800         70.88                         
      0.950         10.321          109.953                30.111           32.920           30.800         71.12                         
      0.960         10.318          109.952                30.150           32.975           30.800         71.36                         
      0.970         10.315          109.952                30.188           33.029           30.800         71.58                         
      0.980         10.312          109.951                30.225           33.081           30.800         71.81                         
      0.990         10.309          109.951                30.261           33.131           30.800         72.03                         
      1.000         10.306          109.950                30.295           33.180           30.800         72.24                         
      1.010         10.303          109.950                30.327           33.227           30.800         72.45                         
      1.020         10.300          109.949                30.359           33.272           30.800         72.66                         
      1.030         10.297          109.949                30.389           33.316           30.800         72.85                         
      1.040         10.295          109.948                30.419           33.358           30.800         73.05                         
      1.050         10.292          109.948                30.447           33.399           30.800         73.23                         
      1.060         10.289          109.947                30.473           33.438           30.800         73.41                         
      1.070         10.287          109.947                30.499           33.476           30.800         73.59                         
      1.080         10.285          109.946                30.523           33.512           30.800         73.76                         
      1.090         10.282          109.946                30.547           33.546           30.800         73.92                         
      1.100         10.280          109.946                30.569           33.579           30.800         74.08                         
      1.110         10.278          109.945                30.590           33.611           30.800         74.23                         
      1.120         10.276          109.945                30.610           33.641           30.800         74.37                         
      1.130         10.274          109.945                30.629           33.669           30.800         74.51                         
      1.140         10.272          109.944                30.647           33.696           30.800         74.64                         
      1.150         10.271          109.944                30.664           33.722           30.800         74.76                         
      1.160         10.269          109.944                30.680           33.746           30.800         74.88                         
      1.170         10.267          109.943                30.695           33.769           30.800         75.00                         
      1.180         10.266          109.943                30.709           33.790           30.800         75.10                         
      1.190         10.264          109.943                30.722           33.810           30.800         75.20                         
      1.200         10.263          109.943                30.734           33.828           30.800         75.29                         
      1.210         10.262          109.942                30.745           33.845           30.800         75.38                         
      1.220         10.261          109.942                30.755           33.861           30.800         75.46                         
      1.230         10.260          109.942                30.765           33.875           30.800         75.53                         
      1.240         10.259          109.942                30.773           33.888           30.800         75.60                         
      1.250         10.258          109.942                30.780           33.900           30.800         75.66                         
      1.260         10.257          109.942                30.787           33.910           30.800         75.71                         
      1.270         10.257          109.941                30.793           33.919           30.800         75.75                         
      1.280         10.256          109.941                30.798           33.927           30.800         75.79                         
      1.290         10.256          109.941                30.802           33.933           30.800         75.82                         
      1.300         10.255          109.941                30.805           33.938           30.800         75.85                         
      1.310         10.255          109.941                30.807           33.941           30.800         75.87                         
      1.320         10.255          109.941                30.808           33.943           30.800         75.88                         
      1.330         10.255          109.941                30.809           33.944           30.800         75.88                         
      1.340         10.255          109.941                30.809           33.944           30.800         75.88                         
      1.350         10.255          109.941                30.808           33.942           30.800         75.87                         
      1.360         10.255          109.941                30.806           33.939           30.800         75.86                         
      1.370         10.255          109.941                30.803           33.934           30.800         75.83                         
      1.380         10.256          109.941                30.799           33.929           30.800         75.80                         
      1.390         10.256          109.941                30.794           33.922           30.800         75.77                         
      1.400         10.257          109.942                30.789           33.913           30.800         75.72                         
      1.410         10.258          109.942                30.783           33.904           30.800         75.67                         
      1.420         10.258          109.942                30.776           33.893           30.800         75.62                         
      1.430         10.259          109.942                30.768           33.880           30.800         75.56                         
      1.440         10.260          109.942                30.759           33.866           30.800         75.49                         
      1.450         10.261          109.942                30.749           33.851           30.800         75.41                         
      1.460         10.263          109.943                30.738           33.835           30.800         75.33                         
      1.470         10.264          109.943                30.727           33.817           30.800         75.24                         
      1.480         10.265          109.943                30.714           33.798           30.800         75.14                         
      1.490         10.267          109.943                30.701           33.778           30.800         75.04                         
      1.500         10.268          109.944                30.686           33.756           30.800         74.93                         
      1.510         10.270          109.944                30.671           33.732           30.800         74.82                         
      1.520         10.272          109.944                30.655           33.708           30.800         74.69                         
      1.530         10.273          109.944                30.637           33.681           30.800         74.57                         
      1.540         10.275          109.945                30.619           33.654           30.800         74.43                         
      1.550         10.277          109.945                30.599           33.625           30.800         74.29                         
      1.560         10.279          109.945                30.579           33.595           30.800         74.15                         
      1.570         10.281          109.946                30.558           33.563           30.800         74.00                         
      1.580         10.283          109.946                30.535           33.529           30.800         73.84                         
      1.590         10.286          109.947                30.512           33.495           30.800         73.67                         
      1.600         10.288          109.947                30.487           33.458           30.800         73.51                         
      1.610         10.291          109.948                30.461           33.421           30.800         73.33                         
      1.620         10.293          109.948                30.434           33.381           30.800         73.15                         
      1.630         10.296          109.948                30.406           33.341           30.800         72.96                         
      1.640         10.298          109.949                30.377           33.299           30.800         72.77                         
      1.650         10.301          109.949                30.347           33.255           30.800         72.58                         
      1.660         10.304          109.950                30.316           33.210           30.800         72.38                         
      1.670         10.307          109.950                30.283           33.163           30.800         72.17                         
      1.680         10.309          109.951                30.249           33.115           30.800         71.96                         
      1.690         10.312          109.951                30.214           33.065           30.800         71.74                         
      1.700         10.315          109.952                30.178           33.014           30.800         71.52                         
      1.710         10.319          109.953                30.140           32.961           30.800         71.29                         
      1.720         10.322          109.953                30.102           32.907           30.800         71.06                         
      1.730         10.325          109.954                30.062           32.851           30.800         70.83                         
      1.740         10.328          109.954                30.020           32.794           30.800         70.59                         
      1.750         10.331          109.955                29.978           32.735           30.800         70.35                         
      1.760         10.335          109.956                29.934           32.675           30.800         70.10                         
      1.770         10.338          109.956                29.889           32.613           30.800         69.85                         
      1.780         10.341          109.957                29.843           32.549           30.800         69.59                         
      1.790         10.345          109.957                29.796           32.485           30.800         69.34                         
      1.800         10.348          109.958                29.747           32.419           30.800         69.07                         
      1.810         10.352          109.959                29.697           32.351           30.800         68.81                         
      1.820         10.356          109.959                29.646           32.282           30.800         68.54                         
      1.830         10.359          109.960                29.593           32.212           30.800         68.27                         
      1.840         10.363          109.961                29.540           32.140           30.800         68.00                         
      1.850         10.366          109.961                29.485           32.067           30.800         67.72                         
      1.860         10.370          109.962                29.429           31.992           30.800         67.44                         
      1.870         10.374          109.963                29.372           31.916           30.800         67.16                         
      1.880         10.377          109.963                29.313           31.839           30.800         66.88                         
      1.890         10.381          109.964                29.254           31.761           30.800         66.59                         
      1.900         10.385          109.965                29.193           31.682           30.800         66.30                         
      1.910         10.388          109.965                29.132           31.601           30.800         66.02                         
      1.920         10.392          109.966                29.069           31.519           30.800         65.72                         
      1.930         10.396          109.967                29.005           31.436           30.800         65.43                         
      1.940         10.400          109.968                28.940           31.353           30.800         65.14                         
      1.950         10.403          109.968                28.874           31.268           30.800         64.85                         
      1.960         10.407          109.969                28.808           31.182           30.800         64.55                         
      1.970         10.411          109.970                28.740           31.095           30.800         64.26                         
      1.980         10.415          109.970                28.672           31.008           30.800         63.96                         
      1.990         10.418          109.971                28.602           30.920           30.800         63.67                         
      2.000         10.422          109.972                28.532           30.831           30.800         63.37                         

