  ¬рем€            U                U                Pij              –г               –т г             ”гол рот         ќтн угол U       
                   601              1002             1001             601              601              601              601              
                                                     1002                                                                                 
                                                     1                                                                                    

                    10.500          110.000                15.978           34.800           34.800         59.78                         
      0.010         10.500          110.000                15.978           34.800           34.800         59.78                         
      0.020         10.500          110.000                15.978           34.800           34.800         59.78                         
      0.030         10.500          110.000                15.978           34.800           34.800         59.78                         
      0.040         10.500          110.000                15.978           34.800           34.800         59.78                         
      0.050         10.500          110.000                15.978           34.800           34.800         59.78                         
      0.060         10.500          110.000                15.978           34.800           34.800         59.78                         
      0.070         10.500          110.000                15.978           34.800           34.800         59.78                         
      0.080         10.500          110.000                15.978           34.800           34.800         59.78                         
      0.090         10.500          110.000                15.978           34.800           34.800         59.78                         
      0.100         10.500          110.000                15.978           34.800           34.800         59.78                         
      0.100         10.577          110.002                27.982           30.085           34.800         59.78                         
      0.110         10.577          110.002                27.984           30.087           34.800         59.78                         
      0.120         10.577          110.002                27.988           30.093           34.800         59.80                         
      0.130         10.577          110.002                27.996           30.102           34.800         59.83                         
      0.140         10.576          110.002                28.006           30.115           34.800         59.87                         
      0.150         10.576          110.002                28.020           30.131           34.800         59.91                         
      0.160         10.575          110.002                28.036           30.151           34.800         59.97                         
      0.170         10.574          110.001                28.055           30.175           34.800         60.05                         
      0.180         10.573          110.001                28.077           30.202           34.800         60.13                         
      0.190         10.572          110.001                28.101           30.232           34.800         60.22                         
      0.200         10.571          110.001                28.129           30.266           34.800         60.32                         
      0.210         10.569          110.000                28.158           30.302           34.800         60.43                         
      0.220         10.568          110.000                28.191           30.342           34.800         60.55                         
      0.230         10.566          110.000                28.226           30.386           34.800         60.68                         
      0.240         10.565          110.000                28.263           30.432           34.800         60.82                         
      0.250         10.563          109.999                28.302           30.481           34.800         60.98                         
      0.260         10.561          109.999                28.344           30.533           34.800         61.14                         
      0.270         10.559          109.998                28.388           30.587           34.800         61.31                         
      0.280         10.557          109.998                28.434           30.645           34.800         61.48                         
      0.290         10.554          109.998                28.482           30.705           34.800         61.67                         
      0.300         10.552          109.997                28.532           30.767           34.800         61.87                         
      0.310         10.550          109.997                28.584           30.832           34.800         62.07                         
      0.320         10.547          109.996                28.638           30.900           34.800         62.29                         
      0.330         10.544          109.996                28.693           30.969           34.800         62.51                         
      0.340         10.541          109.995                28.750           31.041           34.800         62.74                         
      0.350         10.538          109.994                28.808           31.115           34.800         62.98                         
      0.360         10.535          109.994                28.868           31.190           34.800         63.22                         
      0.370         10.532          109.993                28.929           31.268           34.800         63.47                         
      0.380         10.529          109.993                28.992           31.347           34.800         63.73                         
      0.390         10.526          109.992                29.055           31.428           34.800         64.00                         
      0.400         10.522          109.991                29.119           31.510           34.800         64.28                         
      0.410         10.519          109.991                29.185           31.594           34.800         64.56                         
      0.420         10.515          109.990                29.251           31.679           34.800         64.85                         
      0.430         10.511          109.989                29.318           31.765           34.800         65.14                         
      0.440         10.507          109.988                29.385           31.852           34.800         65.45                         
      0.450         10.503          109.988                29.453           31.941           34.800         65.75                         
      0.460         10.499          109.987                29.522           32.030           34.800         66.07                         
      0.470         10.495          109.986                29.590           32.120           34.800         66.39                         
      0.480         10.491          109.985                29.660           32.210           34.800         66.71                         
      0.490         10.487          109.985                29.729           32.301           34.800         67.04                         
      0.500         10.482          109.984                29.798           32.393           34.800         67.38                         
      0.510         10.478          109.983                29.867           32.485           34.800         67.72                         
      0.520         10.473          109.982                29.936           32.577           34.800         68.06                         
      0.530         10.469          109.981                30.005           32.669           34.800         68.41                         
      0.540         10.464          109.980                30.074           32.762           34.800         68.76                         
      0.550         10.459          109.979                30.142           32.854           34.800         69.12                         
      0.560         10.454          109.979                30.210           32.946           34.800         69.48                         
      0.570         10.449          109.978                30.277           33.038           34.800         69.85                         
      0.580         10.445          109.977                30.343           33.130           34.800         70.22                         
      0.590         10.439          109.976                30.409           33.221           34.800         70.59                         
      0.600         10.434          109.975                30.474           33.312           34.800         70.96                         
      0.610         10.429          109.974                30.539           33.402           34.800         71.34                         
      0.620         10.424          109.973                30.602           33.492           34.800         71.72                         
      0.630         10.419          109.972                30.665           33.580           34.800         72.11                         
      0.640         10.414          109.971                30.726           33.668           34.800         72.49                         
      0.650         10.408          109.970                30.786           33.756           34.800         72.88                         
      0.660         10.403          109.969                30.846           33.842           34.800         73.27                         
      0.670         10.397          109.968                30.904           33.927           34.800         73.66                         
      0.680         10.392          109.967                30.961           34.011           34.800         74.05                         
      0.690         10.386          109.966                31.016           34.094           34.800         74.45                         
      0.700         10.381          109.965                31.071           34.176           34.800         74.84                         
      0.710         10.375          109.964                31.124           34.257           34.800         75.24                         
      0.720         10.370          109.963                31.175           34.336           34.800         75.64                         
      0.730         10.364          109.962                31.225           34.414           34.800         76.03                         
      0.740         10.358          109.961                31.274           34.491           34.800         76.43                         
      0.750         10.353          109.960                31.321           34.566           34.800         76.83                         
      0.760         10.347          109.959                31.367           34.640           34.800         77.23                         
      0.770         10.341          109.958                31.411           34.712           34.800         77.63                         
      0.780         10.335          109.957                31.454           34.783           34.800         78.03                         
      0.790         10.330          109.956                31.495           34.852           34.800         78.43                         
      0.800         10.324          109.955                31.534           34.920           34.800         78.82                         
      0.810         10.318          109.954                31.572           34.986           34.800         79.22                         
      0.820         10.312          109.953                31.609           35.051           34.800         79.62                         
      0.830         10.307          109.952                31.643           35.114           34.800         80.01                         
      0.840         10.301          109.951                31.677           35.175           34.800         80.41                         
      0.850         10.295          109.950                31.708           35.235           34.800         80.80                         
      0.860         10.289          109.949                31.738           35.293           34.800         81.20                         
      0.870         10.283          109.948                31.767           35.349           34.800         81.59                         
      0.880         10.278          109.947                31.793           35.404           34.800         81.98                         
      0.890         10.272          109.946                31.819           35.457           34.800         82.37                         
      0.900         10.266          109.945                31.842           35.508           34.800         82.75                         
      0.910         10.260          109.944                31.865           35.558           34.800         83.14                         
      0.920         10.255          109.943                31.885           35.606           34.800         83.52                         
      0.930         10.249          109.942                31.904           35.652           34.800         83.90                         
      0.940         10.243          109.941                31.922           35.697           34.800         84.28                         
      0.950         10.238          109.940                31.938           35.740           34.800         84.66                         
      0.960         10.232          109.939                31.952           35.782           34.800         85.03                         
      0.970         10.226          109.938                31.966           35.822           34.800         85.40                         
      0.980         10.221          109.937                31.977           35.860           34.800         85.77                         
      0.990         10.215          109.936                31.988           35.897           34.800         86.14                         
      1.000         10.210          109.935                31.997           35.932           34.800         86.51                         
      1.010         10.204          109.934                32.004           35.966           34.800         86.87                         
      1.020         10.199          109.934                32.010           35.998           34.800         87.23                         
      1.030         10.193          109.933                32.015           36.029           34.800         87.58                         
      1.040         10.188          109.932                32.019           36.058           34.800         87.94                         
      1.050         10.183          109.931                32.022           36.086           34.800         88.29                         
      1.060         10.177          109.930                32.023           36.113           34.800         88.64                         
      1.070         10.172          109.929                32.023           36.138           34.800         88.98                         
      1.080         10.167          109.928                32.022           36.161           34.800         89.32                         
      1.090         10.161          109.927                32.020           36.183           34.800         89.66                         
      1.100         10.156          109.926                32.016           36.204           34.800         90.00                         
      1.110         10.151          109.926                32.012           36.224           34.800         90.33                         
      1.120         10.146          109.925                32.007           36.243           34.800         90.66                         
      1.130         10.141          109.924                32.000           36.260           34.800         90.99                         
      1.140         10.136          109.923                31.993           36.276           34.800         91.31                         
      1.150         10.131          109.922                31.985           36.291           34.800         91.63                         
      1.160         10.126          109.922                31.976           36.304           34.800         91.94                         
      1.170         10.121          109.921                31.966           36.317           34.800         92.26                         
      1.180         10.117          109.920                31.955           36.328           34.800         92.57                         
      1.190         10.112          109.919                31.943           36.339           34.800         92.87                         
      1.200         10.107          109.918                31.931           36.348           34.800         93.17                         
      1.210         10.102          109.918                31.918           36.357           34.800         93.47                         
      1.220         10.098          109.917                31.904           36.364           34.800         93.77                         
      1.230         10.093          109.916                31.890           36.371           34.800         94.06                         
      1.240         10.089          109.915                31.874           36.377           34.800         94.35                         
      1.250         10.084          109.915                31.859           36.381           34.800         94.63                         
      1.260         10.080          109.914                31.842           36.385           34.800         94.92                         
      1.270         10.076          109.913                31.825           36.388           34.800         95.19                         
      1.280         10.071          109.913                31.808           36.391           34.800         95.47                         
      1.290         10.067          109.912                31.790           36.392           34.800         95.74                         
      1.300         10.063          109.911                31.772           36.393           34.800         96.01                         
      1.310         10.059          109.911                31.753           36.393           34.800         96.27                         
      1.320         10.055          109.910                31.734           36.393           34.800         96.53                         
      1.330         10.051          109.909                31.714           36.392           34.800         96.79                         
      1.340         10.047          109.909                31.694           36.390           34.800         97.04                         
      1.350         10.043          109.908                31.674           36.387           34.800         97.30                         
      1.360         10.039          109.907                31.653           36.384           34.800         97.54                         
      1.370         10.035          109.907                31.632           36.381           34.800         97.79                         
      1.380         10.031          109.906                31.611           36.377           34.800         98.03                         
      1.390         10.028          109.906                31.589           36.372           34.800         98.26                         
      1.400         10.024          109.905                31.568           36.367           34.800         98.50                         
      1.410         10.020          109.905                31.546           36.362           34.800         98.73                         
      1.420         10.017          109.904                31.524           36.356           34.800         98.95                         
      1.430         10.013          109.903                31.502           36.350           34.800         99.17                         
      1.440         10.010          109.903                31.479           36.343           34.800         99.39                         
      1.450         10.006          109.902                31.457           36.336           34.800         99.61                         
      1.460         10.003          109.902                31.434           36.329           34.800         99.82                         
      1.470         10.000          109.901                31.412           36.321           34.800        100.03                         
      1.480          9.996          109.901                31.389           36.313           34.800        100.24                         
      1.490          9.993          109.900                31.366           36.305           34.800        100.44                         
      1.500          9.990          109.900                31.344           36.296           34.800        100.64                         
      1.510          9.987          109.899                31.321           36.287           34.800        100.84                         
      1.520          9.984          109.899                31.298           36.278           34.800        101.03                         
      1.530          9.981          109.898                31.276           36.269           34.800        101.22                         
      1.540          9.978          109.898                31.253           36.260           34.800        101.41                         
      1.550          9.975          109.897                31.230           36.250           34.800        101.59                         
      1.560          9.972          109.897                31.208           36.240           34.800        101.77                         
      1.570          9.970          109.897                31.185           36.230           34.800        101.95                         
      1.580          9.967          109.896                31.163           36.220           34.800        102.13                         
      1.590          9.964          109.896                31.141           36.210           34.800        102.30                         
      1.600          9.961          109.895                31.119           36.200           34.800        102.47                         
      1.610          9.959          109.895                31.097           36.190           34.800        102.63                         
      1.620          9.956          109.895                31.075           36.179           34.800        102.80                         
      1.630          9.954          109.894                31.053           36.169           34.800        102.95                         
      1.640          9.951          109.894                31.031           36.158           34.800        103.11                         
      1.650          9.949          109.893                31.010           36.148           34.800        103.27                         
      1.660          9.946          109.893                30.989           36.137           34.800        103.42                         
      1.670          9.944          109.893                30.968           36.127           34.800        103.56                         
      1.680          9.942          109.892                30.947           36.116           34.800        103.71                         
      1.690          9.940          109.892                30.927           36.105           34.800        103.85                         
      1.700          9.937          109.892                30.906           36.095           34.800        103.99                         
      1.710          9.935          109.891                30.886           36.084           34.800        104.13                         
      1.720          9.933          109.891                30.866           36.074           34.800        104.26                         
      1.730          9.931          109.891                30.847           36.063           34.800        104.39                         
      1.740          9.929          109.890                30.827           36.053           34.800        104.52                         
      1.750          9.927          109.890                30.808           36.043           34.800        104.65                         
      1.760          9.925          109.890                30.789           36.032           34.800        104.77                         
      1.770          9.923          109.889                30.770           36.022           34.800        104.89                         
      1.780          9.921          109.889                30.752           36.012           34.800        105.01                         
      1.790          9.920          109.889                30.734           36.002           34.800        105.13                         
      1.800          9.918          109.889                30.716           35.992           34.800        105.24                         
      1.810          9.916          109.888                30.699           35.982           34.800        105.35                         
      1.820          9.914          109.888                30.681           35.972           34.800        105.46                         
      1.830          9.913          109.888                30.664           35.963           34.800        105.56                         
      1.840          9.911          109.888                30.648           35.953           34.800        105.67                         
      1.850          9.910          109.887                30.631           35.944           34.800        105.77                         
      1.860          9.908          109.887                30.615           35.935           34.800        105.86                         
      1.870          9.907          109.887                30.600           35.926           34.800        105.96                         
      1.880          9.905          109.887                30.584           35.917           34.800        106.05                         
      1.890          9.904          109.887                30.569           35.908           34.800        106.14                         
      1.900          9.902          109.886                30.554           35.899           34.800        106.23                         
      1.910          9.901          109.886                30.540           35.891           34.800        106.32                         
      1.920          9.900          109.886                30.526           35.882           34.800        106.40                         
      1.930          9.898          109.886                30.512           35.874           34.800        106.48                         
      1.940          9.897          109.886                30.499           35.866           34.800        106.56                         
      1.950          9.896          109.885                30.485           35.858           34.800        106.64                         
      1.960          9.895          109.885                30.473           35.851           34.800        106.71                         
      1.970          9.894          109.885                30.460           35.843           34.800        106.79                         
      1.980          9.892          109.885                30.448           35.836           34.800        106.86                         
      1.990          9.891          109.885                30.436           35.829           34.800        106.92                         
      2.000          9.890          109.885                30.425           35.822           34.800        106.99                         

