  ¬рем€            U                U                Pij              –г               –т г             ”гол рот         ќтн угол U       
                   601              1002             1001             601              601              601              601              
                                                     1002                                                                                 
                                                     1                                                                                    

                    10.500          110.000                 9.658           20.900           20.900         61.06                         
      0.010         10.500          110.000                 9.658           20.900           20.900         61.06                         
      0.020         10.500          110.000                 9.658           20.900           20.900         61.06                         
      0.030         10.500          110.000                 9.658           20.900           20.900         61.06                         
      0.040         10.500          110.000                 9.658           20.900           20.900         61.06                         
      0.050         10.500          110.000                 9.658           20.900           20.900         61.06                         
      0.060         10.500          110.000                 9.658           20.900           20.900         61.06                         
      0.070         10.500          110.000                 9.658           20.900           20.900         61.06                         
      0.080         10.500          110.000                 9.658           20.900           20.900         61.06                         
      0.090         10.500          110.000                 9.658           20.900           20.900         61.06                         
      0.100         10.500          110.000                 9.658           20.900           20.900         61.06                         
      0.110         10.500          110.000                 9.658           20.900           20.900         61.06                         
      0.120         10.500          110.000                 9.658           20.900           20.900         61.06                         
      0.130         10.500          110.000                 9.658           20.900           20.900         61.06                         
      0.140         10.500          110.000                 9.658           20.900           20.900         61.06                         
      0.150         10.500          110.000                 9.658           20.900           20.900         61.06                         
      0.160         10.500          110.000                 9.658           20.900           20.900         61.06                         
      0.170         10.500          110.000                 9.658           20.900           20.900         61.06                         
      0.180         10.500          110.000                 9.658           20.900           20.900         61.06                         
      0.190         10.500          110.000                 9.658           20.900           20.900         61.06                         
      0.200         10.500          110.000                 9.658           20.900           20.900         61.06                         
      0.200         10.553          109.999                16.718           17.861           20.900         61.06                         
      0.210         10.553          109.999                16.719           17.862           20.900         61.06                         
      0.220         10.553          109.999                16.721           17.864           20.900         61.08                         
      0.230         10.553          109.999                16.723           17.868           20.900         61.09                         
      0.240         10.553          109.999                16.727           17.872           20.900         61.12                         
      0.250         10.552          109.999                16.732           17.878           20.900         61.15                         
      0.260         10.552          109.999                16.738           17.886           20.900         61.19                         
      0.270         10.552          109.999                16.745           17.894           20.900         61.23                         
      0.280         10.551          109.999                16.753           17.904           20.900         61.29                         
      0.290         10.551          109.999                16.763           17.915           20.900         61.35                         
      0.300         10.550          109.999                16.773           17.928           20.900         61.41                         
      0.310         10.550          109.998                16.784           17.941           20.900         61.48                         
      0.320         10.549          109.998                16.796           17.956           20.900         61.56                         
      0.330         10.549          109.998                16.809           17.972           20.900         61.65                         
      0.340         10.548          109.998                16.823           17.989           20.900         61.74                         
      0.350         10.547          109.998                16.838           18.008           20.900         61.84                         
      0.360         10.546          109.998                16.854           18.027           20.900         61.94                         
      0.370         10.546          109.998                16.871           18.047           20.900         62.05                         
      0.380         10.545          109.997                16.889           18.069           20.900         62.17                         
      0.390         10.544          109.997                16.907           18.092           20.900         62.29                         
      0.400         10.543          109.997                16.927           18.116           20.900         62.42                         
      0.410         10.542          109.997                16.947           18.140           20.900         62.56                         
      0.420         10.541          109.997                16.968           18.166           20.900         62.70                         
      0.430         10.540          109.997                16.990           18.193           20.900         62.85                         
      0.440         10.538          109.996                17.012           18.220           20.900         63.00                         
      0.450         10.537          109.996                17.035           18.249           20.900         63.16                         
      0.460         10.536          109.996                17.059           18.278           20.900         63.32                         
      0.470         10.535          109.996                17.084           18.309           20.900         63.49                         
      0.480         10.533          109.995                17.109           18.340           20.900         63.67                         
      0.490         10.532          109.995                17.135           18.372           20.900         63.85                         
      0.500         10.530          109.995                17.161           18.405           20.900         64.04                         
      0.510         10.529          109.995                17.188           18.438           20.900         64.23                         
      0.520         10.527          109.994                17.215           18.472           20.900         64.43                         
      0.530         10.526          109.994                17.243           18.507           20.900         64.63                         
      0.540         10.524          109.994                17.272           18.543           20.900         64.84                         
      0.550         10.523          109.993                17.301           18.579           20.900         65.05                         
      0.560         10.521          109.993                17.330           18.616           20.900         65.27                         
      0.570         10.519          109.993                17.360           18.654           20.900         65.49                         
      0.580         10.517          109.992                17.390           18.692           20.900         65.71                         
      0.590         10.515          109.992                17.421           18.730           20.900         65.95                         
      0.600         10.514          109.992                17.451           18.769           20.900         66.18                         
      0.610         10.512          109.991                17.482           18.808           20.900         66.42                         
      0.620         10.510          109.991                17.514           18.848           20.900         66.67                         
      0.630         10.508          109.991                17.545           18.889           20.900         66.92                         
      0.640         10.506          109.990                17.577           18.929           20.900         67.17                         
      0.650         10.504          109.990                17.609           18.970           20.900         67.43                         
      0.660         10.502          109.990                17.641           19.011           20.900         67.69                         
      0.670         10.499          109.989                17.673           19.053           20.900         67.95                         
      0.680         10.497          109.989                17.705           19.094           20.900         68.22                         
      0.690         10.495          109.988                17.737           19.136           20.900         68.50                         
      0.700         10.493          109.988                17.770           19.178           20.900         68.77                         
      0.710         10.490          109.988                17.802           19.221           20.900         69.05                         
      0.720         10.488          109.987                17.834           19.263           20.900         69.34                         
      0.730         10.486          109.987                17.866           19.305           20.900         69.62                         
      0.740         10.483          109.986                17.898           19.348           20.900         69.91                         
      0.750         10.481          109.986                17.930           19.390           20.900         70.21                         
      0.760         10.478          109.986                17.962           19.433           20.900         70.51                         
      0.770         10.476          109.985                17.994           19.475           20.900         70.80                         
      0.780         10.473          109.985                18.026           19.518           20.900         71.11                         
      0.790         10.471          109.984                18.057           19.560           20.900         71.41                         
      0.800         10.468          109.984                18.088           19.602           20.900         71.72                         
      0.810         10.466          109.983                18.119           19.644           20.900         72.03                         
      0.820         10.463          109.983                18.149           19.686           20.900         72.35                         
      0.830         10.460          109.982                18.179           19.728           20.900         72.66                         
      0.840         10.458          109.982                18.209           19.769           20.900         72.98                         
      0.850         10.455          109.981                18.239           19.810           20.900         73.30                         
      0.860         10.452          109.981                18.268           19.851           20.900         73.62                         
      0.870         10.449          109.980                18.297           19.892           20.900         73.95                         
      0.880         10.447          109.980                18.325           19.932           20.900         74.27                         
      0.890         10.444          109.979                18.353           19.972           20.900         74.60                         
      0.900         10.441          109.979                18.380           20.012           20.900         74.93                         
      0.910         10.438          109.978                18.407           20.051           20.900         75.27                         
      0.920         10.435          109.978                18.434           20.090           20.900         75.60                         
      0.930         10.432          109.977                18.460           20.128           20.900         75.94                         
      0.940         10.429          109.977                18.485           20.166           20.900         76.27                         
      0.950         10.426          109.976                18.510           20.204           20.900         76.61                         
      0.960         10.423          109.976                18.535           20.241           20.900         76.95                         
      0.970         10.420          109.975                18.558           20.277           20.900         77.29                         
      0.980         10.417          109.975                18.582           20.313           20.900         77.64                         
      0.990         10.414          109.974                18.604           20.348           20.900         77.98                         
      1.000         10.411          109.974                18.626           20.383           20.900         78.32                         
      1.010         10.408          109.973                18.648           20.418           20.900         78.67                         
      1.020         10.405          109.973                18.669           20.451           20.900         79.02                         
      1.030         10.402          109.972                18.689           20.485           20.900         79.36                         
      1.040         10.399          109.972                18.708           20.517           20.900         79.71                         
      1.050         10.396          109.971                18.727           20.549           20.900         80.06                         
      1.060         10.393          109.971                18.746           20.581           20.900         80.41                         
      1.070         10.390          109.970                18.763           20.611           20.900         80.76                         
      1.080         10.387          109.970                18.780           20.641           20.900         81.11                         
      1.090         10.383          109.969                18.796           20.671           20.900         81.46                         
      1.100         10.380          109.969                18.812           20.699           20.900         81.81                         
      1.110         10.377          109.968                18.827           20.728           20.900         82.16                         
      1.120         10.374          109.968                18.841           20.755           20.900         82.52                         
      1.130         10.371          109.967                18.854           20.782           20.900         82.87                         
      1.140         10.368          109.967                18.867           20.808           20.900         83.22                         
      1.150         10.364          109.966                18.879           20.833           20.900         83.57                         
      1.160         10.361          109.965                18.890           20.858           20.900         83.92                         
      1.170         10.358          109.965                18.901           20.882           20.900         84.28                         
      1.180         10.355          109.964                18.911           20.905           20.900         84.63                         
      1.190         10.352          109.964                18.920           20.927           20.900         84.98                         
      1.200         10.348          109.963                18.929           20.949           20.900         85.33                         
      1.210         10.345          109.963                18.936           20.970           20.900         85.68                         
      1.220         10.342          109.962                18.943           20.991           20.900         86.04                         
      1.230         10.339          109.962                18.950           21.010           20.900         86.39                         
      1.240         10.335          109.961                18.955           21.029           20.900         86.74                         
      1.250         10.332          109.961                18.960           21.047           20.900         87.09                         
      1.260         10.329          109.960                18.964           21.065           20.900         87.44                         
      1.270         10.326          109.960                18.968           21.082           20.900         87.79                         
      1.280         10.323          109.959                18.971           21.098           20.900         88.14                         
      1.290         10.319          109.959                18.973           21.113           20.900         88.48                         
      1.300         10.316          109.958                18.974           21.128           20.900         88.83                         
      1.310         10.313          109.958                18.975           21.142           20.900         89.18                         
      1.320         10.310          109.957                18.975           21.155           20.900         89.53                         
      1.330         10.306          109.957                18.974           21.167           20.900         89.87                         
      1.340         10.303          109.956                18.973           21.179           20.900         90.22                         
      1.350         10.300          109.955                18.971           21.190           20.900         90.56                         
      1.360         10.297          109.955                18.968           21.200           20.900         90.91                         
      1.370         10.294          109.954                18.964           21.210           20.900         91.25                         
      1.380         10.290          109.954                18.960           21.219           20.900         91.59                         
      1.390         10.287          109.953                18.956           21.227           20.900         91.93                         
      1.400         10.284          109.953                18.950           21.235           20.900         92.28                         
      1.410         10.281          109.952                18.944           21.241           20.900         92.62                         
      1.420         10.278          109.952                18.937           21.248           20.900         92.96                         
      1.430         10.274          109.951                18.930           21.253           20.900         93.29                         
      1.440         10.271          109.951                18.922           21.258           20.900         93.63                         
      1.450         10.268          109.950                18.913           21.262           20.900         93.97                         
      1.460         10.265          109.950                18.904           21.265           20.900         94.31                         
      1.470         10.262          109.949                18.894           21.268           20.900         94.64                         
      1.480         10.259          109.949                18.884           21.270           20.900         94.98                         
      1.490         10.255          109.948                18.873           21.272           20.900         95.31                         
      1.500         10.252          109.948                18.861           21.273           20.900         95.64                         
      1.510         10.249          109.947                18.848           21.273           20.900         95.98                         
      1.520         10.246          109.947                18.836           21.273           20.900         96.31                         
      1.530         10.243          109.946                18.822           21.272           20.900         96.64                         
      1.540         10.240          109.946                18.808           21.270           20.900         96.97                         
      1.550         10.237          109.945                18.793           21.268           20.900         97.30                         
      1.560         10.234          109.945                18.778           21.265           20.900         97.62                         
      1.570         10.231          109.945                18.762           21.261           20.900         97.95                         
      1.580         10.228          109.944                18.746           21.257           20.900         98.28                         
      1.590         10.224          109.944                18.729           21.252           20.900         98.60                         
      1.600         10.221          109.943                18.711           21.247           20.900         98.93                         
      1.610         10.218          109.943                18.693           21.241           20.900         99.25                         
      1.620         10.215          109.942                18.674           21.234           20.900         99.57                         
      1.630         10.212          109.942                18.655           21.227           20.900         99.90                         
      1.640         10.209          109.941                18.635           21.220           20.900        100.22                         
      1.650         10.206          109.941                18.615           21.211           20.900        100.54                         
      1.660         10.203          109.940                18.594           21.203           20.900        100.86                         
      1.670         10.200          109.940                18.573           21.193           20.900        101.18                         
      1.680         10.197          109.939                18.551           21.183           20.900        101.50                         
      1.690         10.194          109.939                18.529           21.173           20.900        101.82                         
      1.700         10.191          109.938                18.506           21.161           20.900        102.14                         
      1.710         10.188          109.938                18.482           21.150           20.900        102.45                         
      1.720         10.185          109.938                18.458           21.137           20.900        102.77                         
      1.730         10.182          109.937                18.434           21.125           20.900        103.09                         
      1.740         10.179          109.937                18.409           21.111           20.900        103.40                         
      1.750         10.176          109.936                18.383           21.097           20.900        103.72                         
      1.760         10.173          109.936                18.357           21.083           20.900        104.04                         
      1.770         10.170          109.935                18.330           21.068           20.900        104.35                         
      1.780         10.167          109.935                18.303           21.052           20.900        104.66                         
      1.790         10.164          109.934                18.276           21.036           20.900        104.98                         
      1.800         10.161          109.934                18.247           21.019           20.900        105.29                         
      1.810         10.158          109.934                18.219           21.002           20.900        105.61                         
      1.820         10.156          109.933                18.189           20.984           20.900        105.92                         
      1.830         10.153          109.933                18.160           20.966           20.900        106.23                         
      1.840         10.150          109.932                18.129           20.947           20.900        106.55                         
      1.850         10.147          109.932                18.099           20.928           20.900        106.86                         
      1.860         10.144          109.931                18.067           20.908           20.900        107.17                         
      1.870         10.141          109.931                18.035           20.887           20.900        107.49                         
      1.880         10.138          109.931                18.003           20.866           20.900        107.80                         
      1.890         10.135          109.930                17.970           20.844           20.900        108.11                         
      1.900         10.132          109.930                17.936           20.822           20.900        108.43                         
      1.910         10.129          109.929                17.902           20.799           20.900        108.74                         
      1.920         10.126          109.929                17.867           20.776           20.900        109.05                         
      1.930         10.123          109.928                17.832           20.752           20.900        109.37                         
      1.940         10.120          109.928                17.796           20.727           20.900        109.68                         
      1.950         10.117          109.927                17.760           20.702           20.900        110.00                         
      1.960         10.115          109.927                17.723           20.677           20.900        110.32                         
      1.970         10.112          109.927                17.685           20.650           20.900        110.63                         
      1.980         10.109          109.926                17.647           20.623           20.900        110.95                         
      1.990         10.106          109.926                17.608           20.596           20.900        111.27                         
      2.000         10.103          109.925                17.569           20.567           20.900        111.58                         

