  ¬рем€            U                U                Pij              –г               –т г             ”гол рот         ќтн угол U       
                   601              1002             1001             601              601              601              601              
                                                     1002                                                                                 
                                                     1                                                                                    

                    10.500          110.000                 9.416           20.300           20.300         58.64                         
      0.010         10.500          110.000                 9.416           20.300           20.300         58.64                         
      0.020         10.500          110.000                 9.416           20.300           20.300         58.64                         
      0.030         10.500          110.000                 9.416           20.300           20.300         58.64                         
      0.040         10.500          110.000                 9.416           20.300           20.300         58.64                         
      0.050         10.500          110.000                 9.416           20.300           20.300         58.64                         
      0.060         10.500          110.000                 9.416           20.300           20.300         58.64                         
      0.070         10.500          110.000                 9.416           20.300           20.300         58.64                         
      0.080         10.500          110.000                 9.416           20.300           20.300         58.64                         
      0.090         10.500          110.000                 9.416           20.300           20.300         58.64                         
      0.100         10.500          110.000                 9.416           20.300           20.300         58.64                         
      0.110         10.500          110.000                 9.416           20.300           20.300         58.64                         
      0.120         10.500          110.000                 9.416           20.300           20.300         58.64                         
      0.130         10.500          110.000                 9.416           20.300           20.300         58.64                         
      0.140         10.500          110.000                 9.416           20.300           20.300         58.64                         
      0.150         10.500          110.000                 9.416           20.300           20.300         58.64                         
      0.160         10.500          110.000                 9.416           20.300           20.300         58.64                         
      0.170         10.500          110.000                 9.416           20.300           20.300         58.64                         
      0.180         10.500          110.000                 9.416           20.300           20.300         58.64                         
      0.190         10.500          110.000                 9.416           20.300           20.300         58.64                         
      0.200         10.500          110.000                 9.416           20.300           20.300         58.64                         
      0.200         10.550          109.998                16.284           17.344           20.300         58.64                         
      0.210         10.550          109.998                16.284           17.345           20.300         58.64                         
      0.220         10.550          109.998                16.286           17.347           20.300         58.65                         
      0.230         10.549          109.998                16.289           17.350           20.300         58.67                         
      0.240         10.549          109.998                16.293           17.355           20.300         58.69                         
      0.250         10.549          109.998                16.298           17.361           20.300         58.72                         
      0.260         10.549          109.998                16.305           17.369           20.300         58.76                         
      0.270         10.548          109.998                16.312           17.378           20.300         58.80                         
      0.280         10.548          109.998                16.321           17.388           20.300         58.86                         
      0.290         10.548          109.998                16.330           17.399           20.300         58.91                         
      0.300         10.547          109.998                16.341           17.412           20.300         58.98                         
      0.310         10.547          109.998                16.353           17.426           20.300         59.05                         
      0.320         10.546          109.998                16.365           17.441           20.300         59.12                         
      0.330         10.545          109.998                16.379           17.458           20.300         59.21                         
      0.340         10.545          109.998                16.394           17.476           20.300         59.30                         
      0.350         10.544          109.997                16.410           17.494           20.300         59.39                         
      0.360         10.543          109.997                16.426           17.514           20.300         59.49                         
      0.370         10.543          109.997                16.444           17.536           20.300         59.60                         
      0.380         10.542          109.997                16.462           17.558           20.300         59.72                         
      0.390         10.541          109.997                16.482           17.581           20.300         59.84                         
      0.400         10.540          109.997                16.502           17.606           20.300         59.96                         
      0.410         10.539          109.996                16.523           17.631           20.300         60.09                         
      0.420         10.538          109.996                16.545           17.658           20.300         60.23                         
      0.430         10.537          109.996                16.568           17.685           20.300         60.37                         
      0.440         10.536          109.996                16.592           17.714           20.300         60.52                         
      0.450         10.535          109.996                16.616           17.743           20.300         60.67                         
      0.460         10.534          109.995                16.641           17.774           20.300         60.83                         
      0.470         10.532          109.995                16.667           17.805           20.300         61.00                         
      0.480         10.531          109.995                16.694           17.837           20.300         61.17                         
      0.490         10.530          109.995                16.721           17.870           20.300         61.35                         
      0.500         10.528          109.994                16.749           17.904           20.300         61.53                         
      0.510         10.527          109.994                16.777           17.939           20.300         61.71                         
      0.520         10.525          109.994                16.806           17.974           20.300         61.90                         
      0.530         10.524          109.994                16.836           18.011           20.300         62.10                         
      0.540         10.522          109.993                16.866           18.047           20.300         62.30                         
      0.550         10.521          109.993                16.897           18.085           20.300         62.50                         
      0.560         10.519          109.993                16.928           18.123           20.300         62.71                         
      0.570         10.518          109.993                16.959           18.162           20.300         62.93                         
      0.580         10.516          109.992                16.991           18.201           20.300         63.15                         
      0.590         10.514          109.992                17.024           18.241           20.300         63.37                         
      0.600         10.513          109.992                17.056           18.282           20.300         63.60                         
      0.610         10.511          109.991                17.089           18.323           20.300         63.83                         
      0.620         10.509          109.991                17.123           18.364           20.300         64.07                         
      0.630         10.507          109.991                17.156           18.406           20.300         64.31                         
      0.640         10.505          109.990                17.190           18.448           20.300         64.55                         
      0.650         10.503          109.990                17.224           18.491           20.300         64.80                         
      0.660         10.501          109.990                17.259           18.534           20.300         65.05                         
      0.670         10.499          109.989                17.293           18.577           20.300         65.31                         
      0.680         10.497          109.989                17.328           18.621           20.300         65.57                         
      0.690         10.495          109.988                17.362           18.664           20.300         65.83                         
      0.700         10.493          109.988                17.397           18.708           20.300         66.10                         
      0.710         10.491          109.988                17.432           18.752           20.300         66.36                         
      0.720         10.489          109.987                17.467           18.797           20.300         66.64                         
      0.730         10.486          109.987                17.502           18.841           20.300         66.91                         
      0.740         10.484          109.986                17.536           18.886           20.300         67.19                         
      0.750         10.482          109.986                17.571           18.930           20.300         67.47                         
      0.760         10.480          109.986                17.606           18.975           20.300         67.76                         
      0.770         10.477          109.985                17.640           19.020           20.300         68.04                         
      0.780         10.475          109.985                17.675           19.064           20.300         68.33                         
      0.790         10.473          109.984                17.709           19.109           20.300         68.63                         
      0.800         10.470          109.984                17.743           19.153           20.300         68.92                         
      0.810         10.468          109.984                17.777           19.198           20.300         69.22                         
      0.820         10.465          109.983                17.810           19.242           20.300         69.52                         
      0.830         10.463          109.983                17.844           19.286           20.300         69.82                         
      0.840         10.460          109.982                17.877           19.330           20.300         70.12                         
      0.850         10.458          109.982                17.910           19.374           20.300         70.43                         
      0.860         10.455          109.981                17.942           19.417           20.300         70.73                         
      0.870         10.453          109.981                17.974           19.460           20.300         71.04                         
      0.880         10.450          109.980                18.006           19.503           20.300         71.35                         
      0.890         10.448          109.980                18.038           19.546           20.300         71.66                         
      0.900         10.445          109.980                18.069           19.588           20.300         71.98                         
      0.910         10.442          109.979                18.099           19.630           20.300         72.29                         
      0.920         10.440          109.979                18.130           19.672           20.300         72.61                         
      0.930         10.437          109.978                18.159           19.713           20.300         72.92                         
      0.940         10.434          109.978                18.189           19.754           20.300         73.24                         
      0.950         10.432          109.977                18.218           19.795           20.300         73.56                         
      0.960         10.429          109.977                18.246           19.835           20.300         73.88                         
      0.970         10.426          109.976                18.274           19.874           20.300         74.20                         
      0.980         10.423          109.976                18.301           19.913           20.300         74.52                         
      0.990         10.420          109.975                18.328           19.952           20.300         74.85                         
      1.000         10.418          109.975                18.355           19.990           20.300         75.17                         
      1.010         10.415          109.974                18.380           20.028           20.300         75.49                         
      1.020         10.412          109.974                18.406           20.065           20.300         75.82                         
      1.030         10.409          109.973                18.430           20.102           20.300         76.14                         
      1.040         10.406          109.973                18.454           20.138           20.300         76.47                         
      1.050         10.404          109.972                18.478           20.173           20.300         76.79                         
      1.060         10.401          109.972                18.501           20.208           20.300         77.12                         
      1.070         10.398          109.971                18.523           20.243           20.300         77.44                         
      1.080         10.395          109.971                18.545           20.277           20.300         77.77                         
      1.090         10.392          109.970                18.566           20.310           20.300         78.09                         
      1.100         10.389          109.970                18.587           20.343           20.300         78.42                         
      1.110         10.387          109.969                18.607           20.375           20.300         78.74                         
      1.120         10.384          109.969                18.626           20.406           20.300         79.07                         
      1.130         10.381          109.968                18.645           20.437           20.300         79.39                         
      1.140         10.378          109.968                18.663           20.467           20.300         79.71                         
      1.150         10.375          109.968                18.680           20.497           20.300         80.04                         
      1.160         10.372          109.967                18.697           20.525           20.300         80.36                         
      1.170         10.369          109.967                18.714           20.554           20.300         80.68                         
      1.180         10.366          109.966                18.729           20.581           20.300         81.00                         
      1.190         10.364          109.966                18.744           20.608           20.300         81.32                         
      1.200         10.361          109.965                18.759           20.635           20.300         81.64                         
      1.210         10.358          109.965                18.772           20.661           20.300         81.96                         
      1.220         10.355          109.964                18.786           20.686           20.300         82.28                         
      1.230         10.352          109.964                18.798           20.710           20.300         82.59                         
      1.240         10.349          109.963                18.810           20.734           20.300         82.91                         
      1.250         10.346          109.963                18.821           20.757           20.300         83.23                         
      1.260         10.343          109.962                18.832           20.780           20.300         83.54                         
      1.270         10.341          109.962                18.842           20.802           20.300         83.85                         
      1.280         10.338          109.961                18.852           20.823           20.300         84.16                         
      1.290         10.335          109.961                18.861           20.844           20.300         84.47                         
      1.300         10.332          109.960                18.869           20.864           20.300         84.78                         
      1.310         10.329          109.960                18.877           20.883           20.300         85.09                         
      1.320         10.327          109.959                18.884           20.902           20.300         85.40                         
      1.330         10.324          109.959                18.891           20.920           20.300         85.70                         
      1.340         10.321          109.959                18.897           20.938           20.300         86.00                         
      1.350         10.318          109.958                18.902           20.955           20.300         86.31                         
      1.360         10.315          109.958                18.907           20.971           20.300         86.61                         
      1.370         10.313          109.957                18.912           20.987           20.300         86.91                         
      1.380         10.310          109.957                18.916           21.002           20.300         87.20                         
      1.390         10.307          109.956                18.919           21.016           20.300         87.50                         
      1.400         10.304          109.956                18.922           21.030           20.300         87.79                         
      1.410         10.302          109.955                18.924           21.044           20.300         88.09                         
      1.420         10.299          109.955                18.926           21.057           20.300         88.38                         
      1.430         10.296          109.955                18.928           21.069           20.300         88.67                         
      1.440         10.294          109.954                18.928           21.081           20.300         88.95                         
      1.450         10.291          109.954                18.929           21.092           20.300         89.24                         
      1.460         10.288          109.953                18.929           21.103           20.300         89.52                         
      1.470         10.286          109.953                18.928           21.113           20.300         89.81                         
      1.480         10.283          109.952                18.927           21.123           20.300         90.09                         
      1.490         10.281          109.952                18.926           21.132           20.300         90.36                         
      1.500         10.278          109.952                18.924           21.141           20.300         90.64                         
      1.510         10.275          109.951                18.922           21.149           20.300         90.92                         
      1.520         10.273          109.951                18.919           21.156           20.300         91.19                         
      1.530         10.270          109.950                18.916           21.164           20.300         91.46                         
      1.540         10.268          109.950                18.913           21.170           20.300         91.73                         
      1.550         10.265          109.950                18.909           21.177           20.300         92.00                         
      1.560         10.263          109.949                18.905           21.182           20.300         92.26                         
      1.570         10.260          109.949                18.900           21.188           20.300         92.52                         
      1.580         10.258          109.948                18.895           21.193           20.300         92.79                         
      1.590         10.256          109.948                18.890           21.197           20.300         93.04                         
      1.600         10.253          109.948                18.884           21.201           20.300         93.30                         
      1.610         10.251          109.947                18.878           21.205           20.300         93.56                         
      1.620         10.248          109.947                18.872           21.208           20.300         93.81                         
      1.630         10.246          109.946                18.865           21.211           20.300         94.06                         
      1.640         10.244          109.946                18.858           21.214           20.300         94.31                         
      1.650         10.241          109.946                18.851           21.216           20.300         94.56                         
      1.660         10.239          109.945                18.843           21.218           20.300         94.80                         
      1.670         10.237          109.945                18.836           21.219           20.300         95.05                         
      1.680         10.234          109.945                18.828           21.220           20.300         95.29                         
      1.690         10.232          109.944                18.819           21.221           20.300         95.53                         
      1.700         10.230          109.944                18.811           21.221           20.300         95.77                         
      1.710         10.228          109.944                18.802           21.221           20.300         96.00                         
      1.720         10.226          109.943                18.793           21.221           20.300         96.23                         
      1.730         10.223          109.943                18.784           21.220           20.300         96.47                         
      1.740         10.221          109.943                18.774           21.219           20.300         96.70                         
      1.750         10.219          109.942                18.764           21.218           20.300         96.92                         
      1.760         10.217          109.942                18.754           21.217           20.300         97.15                         
      1.770         10.215          109.942                18.744           21.215           20.300         97.37                         
      1.780         10.213          109.941                18.734           21.213           20.300         97.59                         
      1.790         10.211          109.941                18.723           21.211           20.300         97.81                         
      1.800         10.209          109.941                18.713           21.208           20.300         98.03                         
      1.810         10.207          109.940                18.702           21.206           20.300         98.25                         
      1.820         10.205          109.940                18.691           21.203           20.300         98.46                         
      1.830         10.203          109.940                18.680           21.199           20.300         98.67                         
      1.840         10.201          109.939                18.668           21.196           20.300         98.88                         
      1.850         10.199          109.939                18.657           21.192           20.300         99.09                         
      1.860         10.197          109.939                18.645           21.188           20.300         99.29                         
      1.870         10.195          109.939                18.634           21.184           20.300         99.50                         
      1.880         10.193          109.938                18.622           21.180           20.300         99.70                         
      1.890         10.191          109.938                18.610           21.175           20.300         99.90                         
      1.900         10.189          109.938                18.598           21.171           20.300        100.10                         
      1.910         10.187          109.937                18.586           21.166           20.300        100.29                         
      1.920         10.185          109.937                18.573           21.161           20.300        100.49                         
      1.930         10.184          109.937                18.561           21.156           20.300        100.68                         
      1.940         10.182          109.937                18.549           21.150           20.300        100.87                         
      1.950         10.180          109.936                18.536           21.145           20.300        101.06                         
      1.960         10.178          109.936                18.524           21.139           20.300        101.25                         
      1.970         10.177          109.936                18.511           21.134           20.300        101.43                         
      1.980         10.175          109.935                18.498           21.128           20.300        101.62                         
      1.990         10.173          109.935                18.485           21.122           20.300        101.80                         
      2.000         10.171          109.935                18.472           21.115           20.300        101.98                         

