  ¬рем€            U                U                Pij              –г               –т г             ”гол рот         ќтн угол U       
                   601              1002             1001             601              601              601              601              
                                                     1002                                                                                 
                                                     1                                                                                    

                    10.500          110.000                 9.935           21.600           21.600         64.09                         
      0.010         10.500          110.000                 9.935           21.600           21.600         64.09                         
      0.020         10.500          110.000                 9.935           21.600           21.600         64.09                         
      0.030         10.500          110.000                 9.935           21.600           21.600         64.09                         
      0.040         10.500          110.000                 9.935           21.600           21.600         64.09                         
      0.050         10.500          110.000                 9.935           21.600           21.600         64.09                         
      0.060         10.500          110.000                 9.935           21.600           21.600         64.09                         
      0.070         10.500          110.000                 9.935           21.600           21.600         64.09                         
      0.080         10.500          110.000                 9.935           21.600           21.600         64.09                         
      0.090         10.500          110.000                 9.935           21.600           21.600         64.09                         
      0.100         10.500          110.000                 9.935           21.600           21.600         64.09                         
      0.110         10.500          110.000                 9.935           21.600           21.600         64.09                         
      0.120         10.500          110.000                 9.935           21.600           21.600         64.09                         
      0.130         10.500          110.000                 9.935           21.600           21.600         64.09                         
      0.140         10.500          110.000                 9.935           21.600           21.600         64.09                         
      0.150         10.500          110.000                 9.935           21.600           21.600         64.09                         
      0.160         10.500          110.000                 9.935           21.600           21.600         64.09                         
      0.170         10.500          110.000                 9.935           21.600           21.600         64.09                         
      0.180         10.500          110.000                 9.935           21.600           21.600         64.09                         
      0.190         10.500          110.000                 9.935           21.600           21.600         64.09                         
      0.200         10.500          110.000                 9.935           21.600           21.600         64.09                         
      0.200         10.557          110.000                17.216           18.465           21.600         64.09                         
      0.210         10.557          110.000                17.216           18.465           21.600         64.10                         
      0.220         10.557          110.000                17.218           18.467           21.600         64.11                         
      0.230         10.557          110.000                17.220           18.470           21.600         64.13                         
      0.240         10.557          110.000                17.224           18.475           21.600         64.15                         
      0.250         10.557          110.000                17.228           18.481           21.600         64.18                         
      0.260         10.556          110.000                17.234           18.488           21.600         64.22                         
      0.270         10.556          109.999                17.241           18.496           21.600         64.27                         
      0.280         10.556          109.999                17.248           18.505           21.600         64.33                         
      0.290         10.555          109.999                17.257           18.516           21.600         64.39                         
      0.300         10.555          109.999                17.266           18.528           21.600         64.45                         
      0.310         10.554          109.999                17.277           18.541           21.600         64.53                         
      0.320         10.553          109.999                17.288           18.555           21.600         64.61                         
      0.330         10.553          109.999                17.300           18.570           21.600         64.70                         
      0.340         10.552          109.999                17.313           18.586           21.600         64.79                         
      0.350         10.551          109.999                17.327           18.604           21.600         64.90                         
      0.360         10.550          109.998                17.342           18.622           21.600         65.00                         
      0.370         10.549          109.998                17.358           18.642           21.600         65.12                         
      0.380         10.548          109.998                17.374           18.663           21.600         65.24                         
      0.390         10.547          109.998                17.391           18.684           21.600         65.37                         
      0.400         10.546          109.998                17.409           18.707           21.600         65.50                         
      0.410         10.545          109.998                17.428           18.730           21.600         65.64                         
      0.420         10.544          109.997                17.447           18.755           21.600         65.79                         
      0.430         10.543          109.997                17.467           18.780           21.600         65.94                         
      0.440         10.542          109.997                17.488           18.806           21.600         66.10                         
      0.450         10.540          109.997                17.509           18.834           21.600         66.26                         
      0.460         10.539          109.996                17.531           18.861           21.600         66.43                         
      0.470         10.538          109.996                17.554           18.890           21.600         66.61                         
      0.480         10.536          109.996                17.577           18.920           21.600         66.79                         
      0.490         10.535          109.996                17.601           18.950           21.600         66.98                         
      0.500         10.533          109.995                17.625           18.981           21.600         67.17                         
      0.510         10.532          109.995                17.650           19.013           21.600         67.37                         
      0.520         10.530          109.995                17.675           19.045           21.600         67.58                         
      0.530         10.528          109.994                17.701           19.078           21.600         67.79                         
      0.540         10.526          109.994                17.727           19.112           21.600         68.00                         
      0.550         10.525          109.994                17.753           19.146           21.600         68.22                         
      0.560         10.523          109.993                17.780           19.181           21.600         68.45                         
      0.570         10.521          109.993                17.807           19.216           21.600         68.68                         
      0.580         10.519          109.993                17.835           19.252           21.600         68.91                         
      0.590         10.517          109.992                17.862           19.288           21.600         69.16                         
      0.600         10.515          109.992                17.890           19.325           21.600         69.40                         
      0.610         10.513          109.992                17.918           19.362           21.600         69.65                         
      0.620         10.511          109.991                17.947           19.400           21.600         69.91                         
      0.630         10.509          109.991                17.975           19.437           21.600         70.17                         
      0.640         10.507          109.991                18.004           19.475           21.600         70.43                         
      0.650         10.504          109.990                18.032           19.514           21.600         70.70                         
      0.660         10.502          109.990                18.061           19.552           21.600         70.97                         
      0.670         10.500          109.989                18.090           19.591           21.600         71.25                         
      0.680         10.497          109.989                18.118           19.630           21.600         71.53                         
      0.690         10.495          109.989                18.147           19.669           21.600         71.82                         
      0.700         10.493          109.988                18.176           19.708           21.600         72.11                         
      0.710         10.490          109.988                18.204           19.747           21.600         72.40                         
      0.720         10.488          109.987                18.233           19.787           21.600         72.70                         
      0.730         10.485          109.987                18.261           19.826           21.600         73.00                         
      0.740         10.482          109.986                18.289           19.865           21.600         73.31                         
      0.750         10.480          109.986                18.317           19.904           21.600         73.62                         
      0.760         10.477          109.985                18.345           19.944           21.600         73.93                         
      0.770         10.474          109.985                18.372           19.983           21.600         74.25                         
      0.780         10.472          109.984                18.400           20.022           21.600         74.56                         
      0.790         10.469          109.984                18.427           20.060           21.600         74.89                         
      0.800         10.466          109.983                18.453           20.099           21.600         75.21                         
      0.810         10.463          109.983                18.479           20.137           21.600         75.54                         
      0.820         10.460          109.983                18.505           20.175           21.600         75.87                         
      0.830         10.457          109.982                18.531           20.213           21.600         76.21                         
      0.840         10.455          109.982                18.556           20.251           21.600         76.54                         
      0.850         10.452          109.981                18.580           20.288           21.600         76.89                         
      0.860         10.449          109.980                18.605           20.325           21.600         77.23                         
      0.870         10.446          109.980                18.628           20.362           21.600         77.57                         
      0.880         10.442          109.979                18.651           20.398           21.600         77.92                         
      0.890         10.439          109.979                18.674           20.433           21.600         78.27                         
      0.900         10.436          109.978                18.696           20.469           21.600         78.63                         
      0.910         10.433          109.978                18.718           20.503           21.600         78.98                         
      0.920         10.430          109.977                18.738           20.538           21.600         79.34                         
      0.930         10.427          109.977                18.759           20.571           21.600         79.70                         
      0.940         10.424          109.976                18.778           20.605           21.600         80.06                         
      0.950         10.420          109.976                18.797           20.637           21.600         80.42                         
      0.960         10.417          109.975                18.816           20.669           21.600         80.79                         
      0.970         10.414          109.975                18.834           20.701           21.600         81.16                         
      0.980         10.410          109.974                18.851           20.732           21.600         81.52                         
      0.990         10.407          109.973                18.867           20.762           21.600         81.90                         
      1.000         10.404          109.973                18.882           20.792           21.600         82.27                         
      1.010         10.400          109.972                18.897           20.821           21.600         82.64                         
      1.020         10.397          109.972                18.911           20.849           21.600         83.02                         
      1.030         10.393          109.971                18.925           20.877           21.600         83.40                         
      1.040         10.390          109.971                18.937           20.904           21.600         83.77                         
      1.050         10.387          109.970                18.949           20.930           21.600         84.15                         
      1.060         10.383          109.969                18.960           20.955           21.600         84.54                         
      1.070         10.380          109.969                18.970           20.980           21.600         84.92                         
      1.080         10.376          109.968                18.980           21.004           21.600         85.30                         
      1.090         10.373          109.968                18.988           21.027           21.600         85.69                         
      1.100         10.369          109.967                18.996           21.050           21.600         86.07                         
      1.110         10.365          109.967                19.003           21.071           21.600         86.46                         
      1.120         10.362          109.966                19.009           21.092           21.600         86.85                         
      1.130         10.358          109.965                19.014           21.112           21.600         87.24                         
      1.140         10.355          109.965                19.018           21.131           21.600         87.63                         
      1.150         10.351          109.964                19.022           21.149           21.600         88.02                         
      1.160         10.347          109.964                19.024           21.167           21.600         88.41                         
      1.170         10.344          109.963                19.026           21.184           21.600         88.81                         
      1.180         10.340          109.962                19.027           21.199           21.600         89.20                         
      1.190         10.336          109.962                19.027           21.214           21.600         89.59                         
      1.200         10.333          109.961                19.026           21.228           21.600         89.99                         
      1.210         10.329          109.961                19.024           21.241           21.600         90.39                         
      1.220         10.325          109.960                19.021           21.254           21.600         90.78                         
      1.230         10.322          109.959                19.017           21.265           21.600         91.18                         
      1.240         10.318          109.959                19.013           21.276           21.600         91.58                         
      1.250         10.314          109.958                19.007           21.285           21.600         91.98                         
      1.260         10.311          109.958                19.000           21.294           21.600         92.38                         
      1.270         10.307          109.957                18.993           21.302           21.600         92.78                         
      1.280         10.303          109.956                18.985           21.308           21.600         93.18                         
      1.290         10.299          109.956                18.975           21.314           21.600         93.58                         
      1.300         10.295          109.955                18.965           21.319           21.600         93.98                         
      1.310         10.292          109.955                18.954           21.323           21.600         94.38                         
      1.320         10.288          109.954                18.942           21.327           21.600         94.78                         
      1.330         10.284          109.953                18.929           21.329           21.600         95.19                         
      1.340         10.280          109.953                18.915           21.330           21.600         95.59                         
      1.350         10.277          109.952                18.900           21.330           21.600         95.99                         
      1.360         10.273          109.952                18.884           21.330           21.600         96.40                         
      1.370         10.269          109.951                18.867           21.328           21.600         96.80                         
      1.380         10.265          109.950                18.849           21.325           21.600         97.21                         
      1.390         10.261          109.950                18.830           21.322           21.600         97.62                         
      1.400         10.257          109.949                18.810           21.317           21.600         98.02                         
      1.410         10.254          109.949                18.789           21.312           21.600         98.43                         
      1.420         10.250          109.948                18.767           21.306           21.600         98.84                         
      1.430         10.246          109.947                18.745           21.298           21.600         99.25                         
      1.440         10.242          109.947                18.721           21.290           21.600         99.66                         
      1.450         10.238          109.946                18.696           21.280           21.600        100.07                         
      1.460         10.234          109.946                18.670           21.270           21.600        100.48                         
      1.470         10.230          109.945                18.644           21.259           21.600        100.89                         
      1.480         10.226          109.945                18.616           21.246           21.600        101.30                         
      1.490         10.223          109.944                18.587           21.233           21.600        101.71                         
      1.500         10.219          109.943                18.557           21.218           21.600        102.13                         
      1.510         10.215          109.943                18.527           21.203           21.600        102.54                         
      1.520         10.211          109.942                18.495           21.187           21.600        102.96                         
      1.530         10.207          109.942                18.462           21.169           21.600        103.37                         
      1.540         10.203          109.941                18.428           21.151           21.600        103.79                         
      1.550         10.199          109.940                18.393           21.131           21.600        104.21                         
      1.560         10.195          109.940                18.357           21.110           21.600        104.63                         
      1.570         10.191          109.939                18.320           21.089           21.600        105.05                         
      1.580         10.187          109.939                18.281           21.066           21.600        105.47                         
      1.590         10.183          109.938                18.242           21.042           21.600        105.89                         
      1.600         10.179          109.937                18.202           21.017           21.600        106.32                         
      1.610         10.175          109.937                18.160           20.991           21.600        106.74                         
      1.620         10.171          109.936                18.117           20.964           21.600        107.17                         
      1.630         10.167          109.936                18.073           20.936           21.600        107.60                         
      1.640         10.163          109.935                18.028           20.906           21.600        108.03                         
      1.650         10.159          109.934                17.982           20.876           21.600        108.46                         
      1.660         10.155          109.934                17.935           20.844           21.600        108.89                         
      1.670         10.151          109.933                17.886           20.811           21.600        109.33                         
      1.680         10.147          109.933                17.836           20.777           21.600        109.76                         
      1.690         10.143          109.932                17.785           20.741           21.600        110.20                         
      1.700         10.139          109.931                17.733           20.705           21.600        110.64                         
      1.710         10.135          109.931                17.679           20.667           21.600        111.08                         
      1.720         10.131          109.930                17.625           20.628           21.600        111.53                         
      1.730         10.127          109.930                17.568           20.587           21.600        111.97                         
      1.740         10.123          109.929                17.511           20.545           21.600        112.42                         
      1.750         10.118          109.928                17.452           20.502           21.600        112.87                         
      1.760         10.114          109.928                17.391           20.457           21.600        113.33                         
      1.770         10.110          109.927                17.329           20.412           21.600        113.78                         
      1.780         10.106          109.927                17.266           20.364           21.600        114.24                         
      1.790         10.102          109.926                17.201           20.315           21.600        114.70                         
      1.800         10.098          109.925                17.135           20.265           21.600        115.17                         
      1.810         10.093          109.925                17.067           20.213           21.600        115.64                         
      1.820         10.089          109.924                16.998           20.160           21.600        116.11                         
      1.830         10.085          109.924                16.926           20.105           21.600        116.58                         
      1.840         10.080          109.923                16.854           20.048           21.600        117.06                         
      1.850         10.076          109.922                16.779           19.990           21.600        117.54                         
      1.860         10.072          109.922                16.703           19.930           21.600        118.02                         
      1.870         10.068          109.921                16.625           19.868           21.600        118.51                         
      1.880         10.063          109.921                16.545           19.805           21.600        119.00                         
      1.890         10.059          109.920                16.463           19.739           21.600        119.50                         
      1.900         10.054          109.919                16.379           19.672           21.600        120.00                         
      1.910         10.050          109.919                16.294           19.603           21.600        120.50                         
      1.920         10.045          109.918                16.206           19.532           21.600        121.01                         
      1.930         10.041          109.918                16.116           19.459           21.600        121.52                         
      1.940         10.036          109.917                16.024           19.384           21.600        122.04                         
      1.950         10.032          109.916                15.930           19.306           21.600        122.57                         
      1.960         10.027          109.916                15.834           19.227           21.600        123.09                         
      1.970         10.023          109.915                15.735           19.145           21.600        123.63                         
      1.980         10.018          109.914                15.634           19.061           21.600        124.17                         
      1.990         10.013          109.914                15.530           18.974           21.600        124.71                         
      2.000         10.009          109.913                15.424           18.885           21.600        125.26                         

