  ¬рем€            U                U                Pij              –г               –т г             ”гол рот         ќтн угол U       
                   601              1002             1001             601              601              601              601              
                                                     1002                                                                                 
                                                     1                                                                                    

                    10.500          110.000                 9.896           21.500           21.500         63.65                         
      0.010         10.500          110.000                 9.896           21.500           21.500         63.65                         
      0.020         10.500          110.000                 9.896           21.500           21.500         63.65                         
      0.030         10.500          110.000                 9.896           21.500           21.500         63.65                         
      0.040         10.500          110.000                 9.896           21.500           21.500         63.65                         
      0.050         10.500          110.000                 9.896           21.500           21.500         63.65                         
      0.060         10.500          110.000                 9.896           21.500           21.500         63.65                         
      0.070         10.500          110.000                 9.896           21.500           21.500         63.65                         
      0.080         10.500          110.000                 9.896           21.500           21.500         63.65                         
      0.090         10.500          110.000                 9.896           21.500           21.500         63.65                         
      0.100         10.500          110.000                 9.896           21.500           21.500         63.65                         
      0.110         10.500          110.000                 9.896           21.500           21.500         63.65                         
      0.120         10.500          110.000                 9.896           21.500           21.500         63.65                         
      0.130         10.500          110.000                 9.896           21.500           21.500         63.65                         
      0.140         10.500          110.000                 9.896           21.500           21.500         63.65                         
      0.150         10.500          110.000                 9.896           21.500           21.500         63.65                         
      0.160         10.500          110.000                 9.896           21.500           21.500         63.65                         
      0.170         10.500          110.000                 9.896           21.500           21.500         63.65                         
      0.180         10.500          110.000                 9.896           21.500           21.500         63.65                         
      0.190         10.500          110.000                 9.896           21.500           21.500         63.65                         
      0.200         10.500          110.000                 9.896           21.500           21.500         63.65                         
      0.200         10.557          110.000                17.145           18.378           21.500         63.65                         
      0.210         10.557          110.000                17.145           18.379           21.500         63.65                         
      0.220         10.557          110.000                17.147           18.381           21.500         63.66                         
      0.230         10.557          110.000                17.150           18.384           21.500         63.68                         
      0.240         10.556          110.000                17.153           18.389           21.500         63.71                         
      0.250         10.556          110.000                17.158           18.394           21.500         63.74                         
      0.260         10.556          109.999                17.164           18.401           21.500         63.78                         
      0.270         10.555          109.999                17.170           18.410           21.500         63.83                         
      0.280         10.555          109.999                17.178           18.419           21.500         63.88                         
      0.290         10.555          109.999                17.187           18.430           21.500         63.94                         
      0.300         10.554          109.999                17.196           18.442           21.500         64.01                         
      0.310         10.553          109.999                17.207           18.455           21.500         64.09                         
      0.320         10.553          109.999                17.218           18.469           21.500         64.17                         
      0.330         10.552          109.999                17.231           18.485           21.500         64.25                         
      0.340         10.551          109.999                17.244           18.501           21.500         64.35                         
      0.350         10.551          109.999                17.258           18.519           21.500         64.45                         
      0.360         10.550          109.998                17.273           18.537           21.500         64.56                         
      0.370         10.549          109.998                17.289           18.557           21.500         64.67                         
      0.380         10.548          109.998                17.305           18.578           21.500         64.79                         
      0.390         10.547          109.998                17.323           18.599           21.500         64.92                         
      0.400         10.546          109.998                17.341           18.622           21.500         65.05                         
      0.410         10.545          109.997                17.360           18.646           21.500         65.19                         
      0.420         10.544          109.997                17.379           18.671           21.500         65.34                         
      0.430         10.542          109.997                17.400           18.696           21.500         65.49                         
      0.440         10.541          109.997                17.421           18.723           21.500         65.65                         
      0.450         10.540          109.997                17.442           18.750           21.500         65.81                         
      0.460         10.539          109.996                17.465           18.778           21.500         65.98                         
      0.470         10.537          109.996                17.488           18.807           21.500         66.16                         
      0.480         10.536          109.996                17.511           18.837           21.500         66.34                         
      0.490         10.534          109.996                17.535           18.868           21.500         66.52                         
      0.500         10.533          109.995                17.560           18.899           21.500         66.72                         
      0.510         10.531          109.995                17.585           18.931           21.500         66.91                         
      0.520         10.530          109.995                17.610           18.964           21.500         67.12                         
      0.530         10.528          109.994                17.636           18.997           21.500         67.33                         
      0.540         10.526          109.994                17.663           19.031           21.500         67.54                         
      0.550         10.524          109.994                17.690           19.066           21.500         67.76                         
      0.560         10.523          109.993                17.717           19.101           21.500         67.98                         
      0.570         10.521          109.993                17.744           19.136           21.500         68.21                         
      0.580         10.519          109.993                17.772           19.173           21.500         68.45                         
      0.590         10.517          109.992                17.800           19.209           21.500         68.69                         
      0.600         10.515          109.992                17.829           19.246           21.500         68.93                         
      0.610         10.513          109.992                17.857           19.284           21.500         69.18                         
      0.620         10.511          109.991                17.886           19.321           21.500         69.44                         
      0.630         10.509          109.991                17.915           19.360           21.500         69.69                         
      0.640         10.506          109.991                17.944           19.398           21.500         69.96                         
      0.650         10.504          109.990                17.973           19.437           21.500         70.22                         
      0.660         10.502          109.990                18.002           19.476           21.500         70.50                         
      0.670         10.500          109.989                18.032           19.515           21.500         70.77                         
      0.680         10.497          109.989                18.061           19.554           21.500         71.05                         
      0.690         10.495          109.989                18.090           19.594           21.500         71.34                         
      0.700         10.493          109.988                18.119           19.633           21.500         71.62                         
      0.710         10.490          109.988                18.148           19.673           21.500         71.92                         
      0.720         10.488          109.987                18.178           19.713           21.500         72.21                         
      0.730         10.485          109.987                18.206           19.753           21.500         72.51                         
      0.740         10.482          109.986                18.235           19.792           21.500         72.81                         
      0.750         10.480          109.986                18.264           19.832           21.500         73.12                         
      0.760         10.477          109.985                18.292           19.872           21.500         73.43                         
      0.770         10.475          109.985                18.320           19.912           21.500         73.74                         
      0.780         10.472          109.984                18.348           19.951           21.500         74.06                         
      0.790         10.469          109.984                18.376           19.990           21.500         74.38                         
      0.800         10.466          109.984                18.403           20.030           21.500         74.70                         
      0.810         10.464          109.983                18.430           20.068           21.500         75.03                         
      0.820         10.461          109.983                18.457           20.107           21.500         75.36                         
      0.830         10.458          109.982                18.483           20.146           21.500         75.69                         
      0.840         10.455          109.982                18.509           20.184           21.500         76.03                         
      0.850         10.452          109.981                18.534           20.222           21.500         76.36                         
      0.860         10.449          109.981                18.559           20.259           21.500         76.70                         
      0.870         10.446          109.980                18.583           20.296           21.500         77.05                         
      0.880         10.443          109.980                18.607           20.333           21.500         77.39                         
      0.890         10.440          109.979                18.631           20.370           21.500         77.74                         
      0.900         10.437          109.978                18.654           20.405           21.500         78.09                         
      0.910         10.434          109.978                18.676           20.441           21.500         78.44                         
      0.920         10.431          109.977                18.698           20.476           21.500         78.79                         
      0.930         10.428          109.977                18.719           20.510           21.500         79.15                         
      0.940         10.424          109.976                18.740           20.544           21.500         79.51                         
      0.950         10.421          109.976                18.760           20.578           21.500         79.87                         
      0.960         10.418          109.975                18.779           20.611           21.500         80.23                         
      0.970         10.415          109.975                18.798           20.643           21.500         80.59                         
      0.980         10.411          109.974                18.816           20.675           21.500         80.96                         
      0.990         10.408          109.974                18.833           20.706           21.500         81.33                         
      1.000         10.405          109.973                18.850           20.736           21.500         81.69                         
      1.010         10.401          109.972                18.866           20.766           21.500         82.06                         
      1.020         10.398          109.972                18.881           20.796           21.500         82.44                         
      1.030         10.395          109.971                18.895           20.824           21.500         82.81                         
      1.040         10.391          109.971                18.909           20.852           21.500         83.18                         
      1.050         10.388          109.970                18.922           20.879           21.500         83.56                         
      1.060         10.385          109.970                18.934           20.905           21.500         83.93                         
      1.070         10.381          109.969                18.945           20.931           21.500         84.31                         
      1.080         10.378          109.969                18.956           20.956           21.500         84.69                         
      1.090         10.374          109.968                18.966           20.980           21.500         85.07                         
      1.100         10.371          109.967                18.975           21.004           21.500         85.45                         
      1.110         10.367          109.967                18.983           21.026           21.500         85.83                         
      1.120         10.364          109.966                18.990           21.048           21.500         86.22                         
      1.130         10.360          109.966                18.997           21.069           21.500         86.60                         
      1.140         10.357          109.965                19.002           21.090           21.500         86.99                         
      1.150         10.353          109.964                19.007           21.109           21.500         87.37                         
      1.160         10.349          109.964                19.011           21.128           21.500         87.76                         
      1.170         10.346          109.963                19.014           21.146           21.500         88.14                         
      1.180         10.342          109.963                19.017           21.163           21.500         88.53                         
      1.190         10.339          109.962                19.018           21.179           21.500         88.92                         
      1.200         10.335          109.962                19.018           21.194           21.500         89.31                         
      1.210         10.331          109.961                19.018           21.209           21.500         89.70                         
      1.220         10.328          109.960                19.017           21.222           21.500         90.09                         
      1.230         10.324          109.960                19.015           21.235           21.500         90.48                         
      1.240         10.321          109.959                19.012           21.247           21.500         90.87                         
      1.250         10.317          109.959                19.008           21.258           21.500         91.26                         
      1.260         10.313          109.958                19.003           21.268           21.500         91.65                         
      1.270         10.310          109.957                18.997           21.277           21.500         92.04                         
      1.280         10.306          109.957                18.991           21.286           21.500         92.44                         
      1.290         10.302          109.956                18.983           21.293           21.500         92.83                         
      1.300         10.298          109.956                18.975           21.300           21.500         93.22                         
      1.310         10.295          109.955                18.966           21.305           21.500         93.62                         
      1.320         10.291          109.954                18.956           21.310           21.500         94.01                         
      1.330         10.287          109.954                18.945           21.314           21.500         94.41                         
      1.340         10.284          109.953                18.933           21.317           21.500         94.80                         
      1.350         10.280          109.953                18.920           21.319           21.500         95.20                         
      1.360         10.276          109.952                18.906           21.320           21.500         95.59                         
      1.370         10.273          109.952                18.891           21.321           21.500         95.99                         
      1.380         10.269          109.951                18.876           21.320           21.500         96.38                         
      1.390         10.265          109.950                18.859           21.319           21.500         96.78                         
      1.400         10.261          109.950                18.842           21.316           21.500         97.18                         
      1.410         10.258          109.949                18.824           21.313           21.500         97.57                         
      1.420         10.254          109.949                18.804           21.309           21.500         97.97                         
      1.430         10.250          109.948                18.784           21.303           21.500         98.37                         
      1.440         10.246          109.947                18.763           21.297           21.500         98.77                         
      1.450         10.243          109.947                18.741           21.290           21.500         99.17                         
      1.460         10.239          109.946                18.718           21.282           21.500         99.57                         
      1.470         10.235          109.946                18.694           21.273           21.500         99.97                         
      1.480         10.231          109.945                18.669           21.263           21.500        100.37                         
      1.490         10.227          109.945                18.643           21.253           21.500        100.77                         
      1.500         10.224          109.944                18.617           21.241           21.500        101.17                         
      1.510         10.220          109.943                18.589           21.228           21.500        101.57                         
      1.520         10.216          109.943                18.560           21.215           21.500        101.97                         
      1.530         10.212          109.942                18.531           21.200           21.500        102.38                         
      1.540         10.208          109.942                18.500           21.184           21.500        102.78                         
      1.550         10.205          109.941                18.469           21.168           21.500        103.18                         
      1.560         10.201          109.941                18.436           21.150           21.500        103.59                         
      1.570         10.197          109.940                18.403           21.132           21.500        103.99                         
      1.580         10.193          109.939                18.368           21.112           21.500        104.40                         
      1.590         10.189          109.939                18.333           21.092           21.500        104.81                         
      1.600         10.186          109.938                18.296           21.071           21.500        105.22                         
      1.610         10.182          109.938                18.259           21.048           21.500        105.63                         
      1.620         10.178          109.937                18.220           21.025           21.500        106.04                         
      1.630         10.174          109.936                18.181           21.000           21.500        106.45                         
      1.640         10.170          109.936                18.140           20.974           21.500        106.86                         
      1.650         10.166          109.935                18.099           20.948           21.500        107.28                         
      1.660         10.162          109.935                18.056           20.920           21.500        107.69                         
      1.670         10.158          109.934                18.012           20.891           21.500        108.11                         
      1.680         10.155          109.934                17.967           20.862           21.500        108.52                         
      1.690         10.151          109.933                17.921           20.831           21.500        108.94                         
      1.700         10.147          109.932                17.874           20.799           21.500        109.36                         
      1.710         10.143          109.932                17.826           20.766           21.500        109.79                         
      1.720         10.139          109.931                17.776           20.731           21.500        110.21                         
      1.730         10.135          109.931                17.726           20.696           21.500        110.64                         
      1.740         10.131          109.930                17.674           20.659           21.500        111.06                         
      1.750         10.127          109.930                17.621           20.621           21.500        111.49                         
      1.760         10.123          109.929                17.567           20.582           21.500        111.92                         
      1.770         10.119          109.928                17.511           20.542           21.500        112.36                         
      1.780         10.115          109.928                17.454           20.501           21.500        112.79                         
      1.790         10.111          109.927                17.396           20.458           21.500        113.23                         
      1.800         10.107          109.927                17.337           20.414           21.500        113.67                         
      1.810         10.103          109.926                17.276           20.368           21.500        114.11                         
      1.820         10.099          109.926                17.214           20.321           21.500        114.56                         
      1.830         10.095          109.925                17.150           20.273           21.500        115.01                         
      1.840         10.091          109.924                17.085           20.224           21.500        115.46                         
      1.850         10.087          109.924                17.019           20.173           21.500        115.91                         
      1.860         10.083          109.923                16.951           20.120           21.500        116.37                         
      1.870         10.078          109.923                16.881           20.066           21.500        116.83                         
      1.880         10.074          109.922                16.810           20.011           21.500        117.29                         
      1.890         10.070          109.921                16.737           19.954           21.500        117.76                         
      1.900         10.066          109.921                16.662           19.895           21.500        118.23                         
      1.910         10.062          109.920                16.586           19.835           21.500        118.70                         
      1.920         10.058          109.920                16.508           19.773           21.500        119.18                         
      1.930         10.053          109.919                16.429           19.709           21.500        119.66                         
      1.940         10.049          109.918                16.347           19.643           21.500        120.14                         
      1.950         10.045          109.918                16.264           19.576           21.500        120.63                         
      1.960         10.040          109.917                16.178           19.507           21.500        121.13                         
      1.970         10.036          109.917                16.091           19.436           21.500        121.62                         
      1.980         10.032          109.916                16.002           19.362           21.500        122.13                         
      1.990         10.027          109.915                15.910           19.287           21.500        122.64                         
      2.000         10.023          109.915                15.817           19.210           21.500        123.15                         

