  ¬рем€            U                U                Pij              –г               –т г             ”гол рот         ќтн угол U       
                   601              1002             1001             601              601              601              601              
                                                     1002                                                                                 
                                                     1                                                                                    

                    10.500          110.000                10.706           22.400           22.400         46.06                         
      0.010         10.500          110.000                10.706           22.400           22.400         46.06                         
      0.020         10.500          110.000                10.706           22.400           22.400         46.06                         
      0.030         10.500          110.000                10.706           22.400           22.400         46.06                         
      0.040         10.500          110.000                10.706           22.400           22.400         46.06                         
      0.050         10.500          110.000                10.706           22.400           22.400         46.06                         
      0.060         10.500          110.000                10.706           22.400           22.400         46.06                         
      0.070         10.500          110.000                10.706           22.400           22.400         46.06                         
      0.080         10.500          110.000                10.706           22.400           22.400         46.06                         
      0.090         10.500          110.000                10.706           22.400           22.400         46.06                         
      0.100         10.500          110.000                10.706           22.400           22.400         46.06                         
      0.110         10.500          110.000                10.706           22.400           22.400         46.06                         
      0.120         10.500          110.000                10.706           22.400           22.400         46.06                         
      0.130         10.500          110.000                10.706           22.400           22.400         46.06                         
      0.140         10.500          110.000                10.706           22.400           22.400         46.06                         
      0.150         10.500          110.000                10.706           22.400           22.400         46.06                         
      0.160         10.500          110.000                10.706           22.400           22.400         46.06                         
      0.170         10.500          110.000                10.706           22.400           22.400         46.06                         
      0.180         10.500          110.000                10.706           22.400           22.400         46.06                         
      0.190         10.500          110.000                10.706           22.400           22.400         46.06                         
      0.200         10.500          110.000                10.706           22.400           22.400         46.06                         
      0.200         10.557          109.998                17.602           18.250           22.400         46.06                         
      0.210         10.557          109.998                17.603           18.252           22.400         46.07                         
      0.220         10.557          109.998                17.608           18.257           22.400         46.08                         
      0.230         10.557          109.998                17.615           18.264           22.400         46.11                         
      0.240         10.557          109.998                17.625           18.275           22.400         46.14                         
      0.250         10.556          109.998                17.638           18.289           22.400         46.18                         
      0.260         10.556          109.998                17.653           18.306           22.400         46.24                         
      0.270         10.555          109.998                17.671           18.326           22.400         46.30                         
      0.280         10.555          109.998                17.692           18.348           22.400         46.37                         
      0.290         10.554          109.998                17.715           18.374           22.400         46.45                         
      0.300         10.554          109.997                17.741           18.402           22.400         46.54                         
      0.310         10.553          109.997                17.770           18.433           22.400         46.64                         
      0.320         10.552          109.997                17.801           18.467           22.400         46.75                         
      0.330         10.551          109.997                17.834           18.504           22.400         46.86                         
      0.340         10.550          109.997                17.870           18.543           22.400         46.99                         
      0.350         10.549          109.996                17.909           18.585           22.400         47.12                         
      0.360         10.548          109.996                17.949           18.629           22.400         47.26                         
      0.370         10.547          109.996                17.992           18.676           22.400         47.41                         
      0.380         10.546          109.996                18.037           18.725           22.400         47.57                         
      0.390         10.545          109.996                18.084           18.776           22.400         47.73                         
      0.400         10.543          109.995                18.133           18.830           22.400         47.90                         
      0.410         10.542          109.995                18.184           18.886           22.400         48.08                         
      0.420         10.541          109.995                18.237           18.944           22.400         48.27                         
      0.430         10.539          109.994                18.292           19.004           22.400         48.47                         
      0.440         10.538          109.994                18.349           19.067           22.400         48.67                         
      0.450         10.536          109.994                18.407           19.131           22.400         48.88                         
      0.460         10.534          109.993                18.468           19.197           22.400         49.10                         
      0.470         10.533          109.993                18.529           19.265           22.400         49.32                         
      0.480         10.531          109.993                18.593           19.335           22.400         49.55                         
      0.490         10.529          109.992                18.658           19.406           22.400         49.79                         
      0.500         10.527          109.992                18.724           19.479           22.400         50.03                         
      0.510         10.525          109.992                18.792           19.553           22.400         50.28                         
      0.520         10.523          109.991                18.860           19.629           22.400         50.54                         
      0.530         10.521          109.991                18.930           19.707           22.400         50.80                         
      0.540         10.519          109.990                19.002           19.785           22.400         51.07                         
      0.550         10.517          109.990                19.074           19.865           22.400         51.34                         
      0.560         10.515          109.989                19.147           19.946           22.400         51.61                         
      0.570         10.512          109.989                19.221           20.028           22.400         51.90                         
      0.580         10.510          109.989                19.296           20.111           22.400         52.18                         
      0.590         10.507          109.988                19.372           20.195           22.400         52.48                         
      0.600         10.505          109.988                19.448           20.280           22.400         52.77                         
      0.610         10.503          109.987                19.525           20.366           22.400         53.07                         
      0.620         10.500          109.987                19.602           20.452           22.400         53.38                         
      0.630         10.497          109.986                19.680           20.539           22.400         53.69                         
      0.640         10.495          109.986                19.758           20.626           22.400         54.00                         
      0.650         10.492          109.985                19.837           20.714           22.400         54.32                         
      0.660         10.489          109.985                19.916           20.802           22.400         54.64                         
      0.670         10.487          109.984                19.995           20.891           22.400         54.96                         
      0.680         10.484          109.983                20.074           20.979           22.400         55.28                         
      0.690         10.481          109.983                20.153           21.068           22.400         55.61                         
      0.700         10.478          109.982                20.232           21.157           22.400         55.94                         
      0.710         10.475          109.982                20.311           21.246           22.400         56.28                         
      0.720         10.472          109.981                20.390           21.335           22.400         56.61                         
      0.730         10.469          109.981                20.468           21.424           22.400         56.95                         
      0.740         10.466          109.980                20.547           21.513           22.400         57.29                         
      0.750         10.463          109.980                20.625           21.601           22.400         57.63                         
      0.760         10.460          109.979                20.703           21.689           22.400         57.97                         
      0.770         10.457          109.978                20.780           21.777           22.400         58.31                         
      0.780         10.454          109.978                20.857           21.864           22.400         58.66                         
      0.790         10.451          109.977                20.933           21.951           22.400         59.00                         
      0.800         10.448          109.977                21.008           22.038           22.400         59.35                         
      0.810         10.445          109.976                21.083           22.123           22.400         59.70                         
      0.820         10.441          109.975                21.158           22.208           22.400         60.04                         
      0.830         10.438          109.975                21.231           22.293           22.400         60.39                         
      0.840         10.435          109.974                21.304           22.376           22.400         60.74                         
      0.850         10.432          109.974                21.376           22.459           22.400         61.08                         
      0.860         10.428          109.973                21.447           22.541           22.400         61.43                         
      0.870         10.425          109.972                21.517           22.623           22.400         61.78                         
      0.880         10.422          109.972                21.587           22.703           22.400         62.12                         
      0.890         10.419          109.971                21.655           22.782           22.400         62.46                         
      0.900         10.415          109.971                21.722           22.861           22.400         62.81                         
      0.910         10.412          109.970                21.789           22.938           22.400         63.15                         
      0.920         10.409          109.969                21.854           23.014           22.400         63.49                         
      0.930         10.406          109.969                21.918           23.090           22.400         63.83                         
      0.940         10.402          109.968                21.982           23.164           22.400         64.16                         
      0.950         10.399          109.968                22.044           23.237           22.400         64.50                         
      0.960         10.396          109.967                22.105           23.309           22.400         64.83                         
      0.970         10.393          109.966                22.165           23.379           22.400         65.16                         
      0.980         10.389          109.966                22.224           23.449           22.400         65.49                         
      0.990         10.386          109.965                22.281           23.517           22.400         65.81                         
      1.000         10.383          109.965                22.338           23.584           22.400         66.14                         
      1.010         10.380          109.964                22.393           23.650           22.400         66.45                         
      1.020         10.376          109.963                22.447           23.715           22.400         66.77                         
      1.030         10.373          109.963                22.500           23.778           22.400         67.09                         
      1.040         10.370          109.962                22.552           23.840           22.400         67.40                         
      1.050         10.367          109.962                22.602           23.901           22.400         67.70                         
      1.060         10.364          109.961                22.652           23.961           22.400         68.01                         
      1.070         10.361          109.961                22.700           24.019           22.400         68.31                         
      1.080         10.358          109.960                22.747           24.076           22.400         68.60                         
      1.090         10.355          109.960                22.793           24.131           22.400         68.89                         
      1.100         10.352          109.959                22.837           24.186           22.400         69.18                         
      1.110         10.349          109.959                22.881           24.239           22.400         69.47                         
      1.120         10.346          109.958                22.923           24.290           22.400         69.75                         
      1.130         10.343          109.958                22.964           24.341           22.400         70.02                         
      1.140         10.340          109.957                23.004           24.390           22.400         70.29                         
      1.150         10.338          109.957                23.043           24.438           22.400         70.56                         
      1.160         10.335          109.956                23.081           24.484           22.400         70.82                         
      1.170         10.332          109.956                23.117           24.530           22.400         71.08                         
      1.180         10.330          109.955                23.152           24.574           22.400         71.33                         
      1.190         10.327          109.955                23.187           24.616           22.400         71.58                         
      1.200         10.324          109.954                23.220           24.658           22.400         71.82                         
      1.210         10.322          109.954                23.252           24.698           22.400         72.06                         
      1.220         10.320          109.953                23.283           24.737           22.400         72.29                         
      1.230         10.317          109.953                23.313           24.775           22.400         72.52                         
      1.240         10.315          109.952                23.342           24.811           22.400         72.74                         
      1.250         10.312          109.952                23.370           24.847           22.400         72.96                         
      1.260         10.310          109.952                23.397           24.881           22.400         73.17                         
      1.270         10.308          109.951                23.423           24.914           22.400         73.38                         
      1.280         10.306          109.951                23.447           24.946           22.400         73.58                         
      1.290         10.304          109.951                23.471           24.976           22.400         73.77                         
      1.300         10.302          109.950                23.494           25.006           22.400         73.96                         
      1.310         10.300          109.950                23.516           25.034           22.400         74.14                         
      1.320         10.298          109.950                23.538           25.062           22.400         74.32                         
      1.330         10.296          109.949                23.558           25.088           22.400         74.49                         
      1.340         10.294          109.949                23.577           25.113           22.400         74.66                         
      1.350         10.293          109.949                23.596           25.137           22.400         74.82                         
      1.360         10.291          109.948                23.613           25.160           22.400         74.97                         
      1.370         10.289          109.948                23.630           25.182           22.400         75.12                         
      1.380         10.288          109.948                23.646           25.202           22.400         75.26                         
      1.390         10.286          109.948                23.661           25.222           22.400         75.39                         
      1.400         10.285          109.947                23.675           25.241           22.400         75.52                         
      1.410         10.284          109.947                23.688           25.259           22.400         75.64                         
      1.420         10.282          109.947                23.701           25.275           22.400         75.76                         
      1.430         10.281          109.947                23.713           25.291           22.400         75.87                         
      1.440         10.280          109.946                23.724           25.306           22.400         75.97                         
      1.450         10.279          109.946                23.735           25.320           22.400         76.07                         
      1.460         10.278          109.946                23.744           25.333           22.400         76.16                         
      1.470         10.277          109.946                23.753           25.344           22.400         76.25                         
      1.480         10.276          109.946                23.761           25.355           22.400         76.33                         
      1.490         10.275          109.946                23.769           25.365           22.400         76.40                         
      1.500         10.275          109.946                23.776           25.374           22.400         76.46                         
      1.510         10.274          109.945                23.782           25.383           22.400         76.52                         
      1.520         10.273          109.945                23.787           25.390           22.400         76.57                         
      1.530         10.273          109.945                23.792           25.396           22.400         76.62                         
      1.540         10.272          109.945                23.796           25.402           22.400         76.66                         
      1.550         10.272          109.945                23.799           25.406           22.400         76.69                         
      1.560         10.272          109.945                23.802           25.410           22.400         76.72                         
      1.570         10.272          109.945                23.804           25.412           22.400         76.74                         
      1.580         10.271          109.945                23.805           25.414           22.400         76.75                         
      1.590         10.271          109.945                23.806           25.415           22.400         76.76                         
      1.600         10.271          109.945                23.806           25.415           22.400         76.76                         
      1.610         10.271          109.945                23.805           25.414           22.400         76.75                         
      1.620         10.272          109.945                23.804           25.412           22.400         76.74                         
      1.630         10.272          109.945                23.802           25.410           22.400         76.72                         
      1.640         10.272          109.945                23.799           25.406           22.400         76.69                         
      1.650         10.272          109.945                23.796           25.402           22.400         76.66                         
      1.660         10.273          109.945                23.792           25.396           22.400         76.62                         
      1.670         10.273          109.945                23.787           25.390           22.400         76.57                         
      1.680         10.274          109.945                23.782           25.383           22.400         76.52                         
      1.690         10.275          109.946                23.776           25.375           22.400         76.46                         
      1.700         10.275          109.946                23.769           25.366           22.400         76.40                         
      1.710         10.276          109.946                23.762           25.356           22.400         76.33                         
      1.720         10.277          109.946                23.754           25.345           22.400         76.25                         
      1.730         10.278          109.946                23.745           25.333           22.400         76.17                         
      1.740         10.279          109.946                23.735           25.321           22.400         76.08                         
      1.750         10.280          109.946                23.725           25.307           22.400         75.98                         
      1.760         10.281          109.947                23.714           25.292           22.400         75.88                         
      1.770         10.282          109.947                23.702           25.277           22.400         75.77                         
      1.780         10.283          109.947                23.690           25.260           22.400         75.65                         
      1.790         10.285          109.947                23.676           25.243           22.400         75.53                         
      1.800         10.286          109.948                23.662           25.224           22.400         75.41                         
      1.810         10.288          109.948                23.647           25.205           22.400         75.27                         
      1.820         10.289          109.948                23.632           25.184           22.400         75.13                         
      1.830         10.291          109.948                23.615           25.163           22.400         74.99                         
      1.840         10.292          109.949                23.598           25.140           22.400         74.84                         
      1.850         10.294          109.949                23.580           25.116           22.400         74.68                         
      1.860         10.296          109.949                23.561           25.092           22.400         74.52                         
      1.870         10.298          109.949                23.541           25.066           22.400         74.35                         
      1.880         10.299          109.950                23.520           25.039           22.400         74.17                         
      1.890         10.301          109.950                23.499           25.011           22.400         73.99                         
      1.900         10.303          109.950                23.476           24.982           22.400         73.81                         
      1.910         10.305          109.951                23.453           24.952           22.400         73.62                         
      1.920         10.307          109.951                23.428           24.921           22.400         73.42                         
      1.930         10.310          109.952                23.403           24.889           22.400         73.22                         
      1.940         10.312          109.952                23.377           24.856           22.400         73.01                         
      1.950         10.314          109.952                23.349           24.821           22.400         72.80                         
      1.960         10.316          109.953                23.321           24.785           22.400         72.58                         
      1.970         10.319          109.953                23.292           24.749           22.400         72.36                         
      1.980         10.321          109.954                23.262           24.711           22.400         72.13                         
      1.990         10.324          109.954                23.231           24.671           22.400         71.90                         
      2.000         10.326          109.954                23.198           24.631           22.400         71.67                         

