  ¬рем€            U                U                Pij              –г               –т г             ”гол рот         ќтн угол U       
                   601              1002             1001             601              601              601              601              
                                                     1002                                                                                 
                                                     1                                                                                    

                    10.500          110.000                10.299           21.500           21.500         43.91                         
      0.010         10.500          110.000                10.299           21.500           21.500         43.91                         
      0.020         10.500          110.000                10.299           21.500           21.500         43.91                         
      0.030         10.500          110.000                10.299           21.500           21.500         43.91                         
      0.040         10.500          110.000                10.299           21.500           21.500         43.91                         
      0.050         10.500          110.000                10.299           21.500           21.500         43.91                         
      0.060         10.500          110.000                10.299           21.500           21.500         43.91                         
      0.070         10.500          110.000                10.299           21.500           21.500         43.91                         
      0.080         10.500          110.000                10.299           21.500           21.500         43.91                         
      0.090         10.500          110.000                10.299           21.500           21.500         43.91                         
      0.100         10.500          110.000                10.299           21.500           21.500         43.91                         
      0.110         10.500          110.000                10.299           21.500           21.500         43.91                         
      0.120         10.500          110.000                10.299           21.500           21.500         43.91                         
      0.130         10.500          110.000                10.299           21.500           21.500         43.91                         
      0.140         10.500          110.000                10.299           21.500           21.500         43.91                         
      0.150         10.500          110.000                10.299           21.500           21.500         43.91                         
      0.160         10.500          110.000                10.299           21.500           21.500         43.91                         
      0.170         10.500          110.000                10.299           21.500           21.500         43.91                         
      0.180         10.500          110.000                10.299           21.500           21.500         43.91                         
      0.190         10.500          110.000                10.299           21.500           21.500         43.91                         
      0.200         10.500          110.000                10.299           21.500           21.500         43.91                         
      0.200         10.553          109.997                16.921           17.513           21.500         43.91                         
      0.210         10.553          109.997                16.923           17.514           21.500         43.91                         
      0.220         10.553          109.997                16.927           17.519           21.500         43.93                         
      0.230         10.553          109.997                16.934           17.527           21.500         43.95                         
      0.240         10.553          109.997                16.944           17.537           21.500         43.98                         
      0.250         10.552          109.997                16.957           17.551           21.500         44.03                         
      0.260         10.552          109.997                16.972           17.568           21.500         44.08                         
      0.270         10.552          109.997                16.990           17.587           21.500         44.14                         
      0.280         10.551          109.997                17.011           17.610           21.500         44.21                         
      0.290         10.551          109.997                17.034           17.635           21.500         44.28                         
      0.300         10.550          109.997                17.060           17.663           21.500         44.37                         
      0.310         10.549          109.997                17.088           17.694           21.500         44.46                         
      0.320         10.549          109.996                17.119           17.727           21.500         44.57                         
      0.330         10.548          109.996                17.152           17.763           21.500         44.68                         
      0.340         10.547          109.996                17.188           17.802           21.500         44.80                         
      0.350         10.546          109.996                17.226           17.843           21.500         44.92                         
      0.360         10.545          109.996                17.267           17.887           21.500         45.06                         
      0.370         10.544          109.996                17.309           17.933           21.500         45.20                         
      0.380         10.543          109.995                17.354           17.982           21.500         45.35                         
      0.390         10.542          109.995                17.401           18.033           21.500         45.51                         
      0.400         10.541          109.995                17.450           18.086           21.500         45.68                         
      0.410         10.539          109.995                17.501           18.142           21.500         45.85                         
      0.420         10.538          109.994                17.554           18.199           21.500         46.03                         
      0.430         10.537          109.994                17.608           18.259           21.500         46.22                         
      0.440         10.535          109.994                17.665           18.321           21.500         46.41                         
      0.450         10.534          109.993                17.723           18.384           21.500         46.62                         
      0.460         10.532          109.993                17.784           18.450           21.500         46.82                         
      0.470         10.531          109.993                17.845           18.517           21.500         47.04                         
      0.480         10.529          109.992                17.909           18.586           21.500         47.26                         
      0.490         10.527          109.992                17.973           18.657           21.500         47.49                         
      0.500         10.526          109.992                18.039           18.730           21.500         47.72                         
      0.510         10.524          109.991                18.107           18.804           21.500         47.96                         
      0.520         10.522          109.991                18.176           18.879           21.500         48.20                         
      0.530         10.520          109.991                18.246           18.956           21.500         48.45                         
      0.540         10.518          109.990                18.317           19.034           21.500         48.71                         
      0.550         10.516          109.990                18.389           19.113           21.500         48.97                         
      0.560         10.514          109.989                18.463           19.194           21.500         49.23                         
      0.570         10.512          109.989                18.537           19.275           21.500         49.50                         
      0.580         10.510          109.989                18.612           19.358           21.500         49.78                         
      0.590         10.508          109.988                18.688           19.441           21.500         50.05                         
      0.600         10.506          109.988                18.764           19.526           21.500         50.34                         
      0.610         10.503          109.987                18.841           19.611           21.500         50.62                         
      0.620         10.501          109.987                18.919           19.696           21.500         50.91                         
      0.630         10.499          109.986                18.997           19.783           21.500         51.21                         
      0.640         10.496          109.986                19.076           19.870           21.500         51.51                         
      0.650         10.494          109.985                19.155           19.957           21.500         51.81                         
      0.660         10.491          109.985                19.234           20.045           21.500         52.11                         
      0.670         10.489          109.984                19.313           20.133           21.500         52.42                         
      0.680         10.486          109.984                19.393           20.222           21.500         52.73                         
      0.690         10.484          109.983                19.473           20.311           21.500         53.04                         
      0.700         10.481          109.983                19.552           20.399           21.500         53.36                         
      0.710         10.478          109.982                19.632           20.488           21.500         53.67                         
      0.720         10.476          109.982                19.712           20.577           21.500         53.99                         
      0.730         10.473          109.981                19.791           20.666           21.500         54.31                         
      0.740         10.470          109.981                19.870           20.754           21.500         54.63                         
      0.750         10.467          109.980                19.949           20.843           21.500         54.95                         
      0.760         10.465          109.980                20.028           20.931           21.500         55.28                         
      0.770         10.462          109.979                20.106           21.019           21.500         55.60                         
      0.780         10.459          109.979                20.183           21.106           21.500         55.93                         
      0.790         10.456          109.978                20.261           21.193           21.500         56.25                         
      0.800         10.453          109.978                20.337           21.279           21.500         56.58                         
      0.810         10.451          109.977                20.413           21.365           21.500         56.91                         
      0.820         10.448          109.976                20.489           21.450           21.500         57.23                         
      0.830         10.445          109.976                20.563           21.535           21.500         57.56                         
      0.840         10.442          109.975                20.637           21.619           21.500         57.89                         
      0.850         10.439          109.975                20.711           21.702           21.500         58.21                         
      0.860         10.436          109.974                20.783           21.784           21.500         58.54                         
      0.870         10.433          109.974                20.854           21.866           21.500         58.86                         
      0.880         10.430          109.973                20.925           21.947           21.500         59.18                         
      0.890         10.427          109.973                20.995           22.026           21.500         59.50                         
      0.900         10.424          109.972                21.064           22.105           21.500         59.82                         
      0.910         10.421          109.971                21.131           22.183           21.500         60.14                         
      0.920         10.418          109.971                21.198           22.259           21.500         60.46                         
      0.930         10.415          109.970                21.264           22.335           21.500         60.77                         
      0.940         10.412          109.970                21.329           22.410           21.500         61.08                         
      0.950         10.410          109.969                21.392           22.483           21.500         61.40                         
      0.960         10.407          109.969                21.455           22.555           21.500         61.70                         
      0.970         10.404          109.968                21.516           22.627           21.500         62.01                         
      0.980         10.401          109.968                21.577           22.696           21.500         62.31                         
      0.990         10.398          109.967                21.636           22.765           21.500         62.61                         
      1.000         10.395          109.967                21.694           22.833           21.500         62.91                         
      1.010         10.392          109.966                21.751           22.899           21.500         63.20                         
      1.020         10.390          109.966                21.807           22.964           21.500         63.49                         
      1.030         10.387          109.965                21.861           23.028           21.500         63.78                         
      1.040         10.384          109.965                21.914           23.090           21.500         64.06                         
      1.050         10.381          109.964                21.966           23.151           21.500         64.34                         
      1.060         10.379          109.964                22.017           23.211           21.500         64.62                         
      1.070         10.376          109.963                22.067           23.270           21.500         64.89                         
      1.080         10.373          109.963                22.115           23.327           21.500         65.16                         
      1.090         10.371          109.962                22.163           23.383           21.500         65.42                         
      1.100         10.368          109.962                22.209           23.437           21.500         65.68                         
      1.110         10.366          109.961                22.253           23.490           21.500         65.93                         
      1.120         10.363          109.961                22.297           23.542           21.500         66.18                         
      1.130         10.361          109.960                22.339           23.593           21.500         66.43                         
      1.140         10.358          109.960                22.381           23.642           21.500         66.67                         
      1.150         10.356          109.959                22.421           23.690           21.500         66.91                         
      1.160         10.354          109.959                22.459           23.736           21.500         67.14                         
      1.170         10.351          109.959                22.497           23.781           21.500         67.36                         
      1.180         10.349          109.958                22.534           23.825           21.500         67.58                         
      1.190         10.347          109.958                22.569           23.868           21.500         67.80                         
      1.200         10.345          109.957                22.603           23.909           21.500         68.01                         
      1.210         10.343          109.957                22.636           23.948           21.500         68.21                         
      1.220         10.341          109.957                22.668           23.987           21.500         68.41                         
      1.230         10.339          109.956                22.698           24.024           21.500         68.61                         
      1.240         10.337          109.956                22.728           24.060           21.500         68.80                         
      1.250         10.335          109.956                22.756           24.094           21.500         68.98                         
      1.260         10.333          109.955                22.783           24.128           21.500         69.16                         
      1.270         10.331          109.955                22.810           24.160           21.500         69.33                         
      1.280         10.330          109.955                22.835           24.190           21.500         69.49                         
      1.290         10.328          109.954                22.859           24.220           21.500         69.65                         
      1.300         10.326          109.954                22.882           24.248           21.500         69.81                         
      1.310         10.325          109.954                22.904           24.275           21.500         69.95                         
      1.320         10.323          109.954                22.925           24.300           21.500         70.09                         
      1.330         10.322          109.953                22.944           24.325           21.500         70.23                         
      1.340         10.321          109.953                22.963           24.348           21.500         70.36                         
      1.350         10.319          109.953                22.981           24.370           21.500         70.48                         
      1.360         10.318          109.953                22.998           24.390           21.500         70.60                         
      1.370         10.317          109.953                23.013           24.410           21.500         70.71                         
      1.380         10.316          109.952                23.028           24.428           21.500         70.81                         
      1.390         10.315          109.952                23.042           24.445           21.500         70.91                         
      1.400         10.314          109.952                23.055           24.461           21.500         71.00                         
      1.410         10.313          109.952                23.067           24.476           21.500         71.08                         
      1.420         10.312          109.952                23.077           24.489           21.500         71.16                         
      1.430         10.312          109.952                23.087           24.502           21.500         71.23                         
      1.440         10.311          109.951                23.096           24.513           21.500         71.29                         
      1.450         10.310          109.951                23.104           24.523           21.500         71.35                         
      1.460         10.310          109.951                23.112           24.532           21.500         71.40                         
      1.470         10.309          109.951                23.118           24.540           21.500         71.45                         
      1.480         10.309          109.951                23.123           24.546           21.500         71.48                         
      1.490         10.309          109.951                23.127           24.551           21.500         71.52                         
      1.500         10.308          109.951                23.131           24.556           21.500         71.54                         
      1.510         10.308          109.951                23.133           24.559           21.500         71.56                         
      1.520         10.308          109.951                23.135           24.561           21.500         71.57                         
      1.530         10.308          109.951                23.135           24.562           21.500         71.58                         
      1.540         10.308          109.951                23.135           24.561           21.500         71.57                         
      1.550         10.308          109.951                23.134           24.560           21.500         71.57                         
      1.560         10.308          109.951                23.132           24.557           21.500         71.55                         
      1.570         10.308          109.951                23.129           24.554           21.500         71.53                         
      1.580         10.309          109.951                23.125           24.549           21.500         71.50                         
      1.590         10.309          109.951                23.120           24.543           21.500         71.47                         
      1.600         10.309          109.951                23.115           24.536           21.500         71.42                         
      1.610         10.310          109.951                23.108           24.527           21.500         71.38                         
      1.620         10.311          109.951                23.100           24.518           21.500         71.32                         
      1.630         10.311          109.951                23.092           24.507           21.500         71.26                         
      1.640         10.312          109.952                23.082           24.496           21.500         71.19                         
      1.650         10.313          109.952                23.072           24.483           21.500         71.12                         
      1.660         10.314          109.952                23.061           24.469           21.500         71.04                         
      1.670         10.314          109.952                23.048           24.453           21.500         70.95                         
      1.680         10.315          109.952                23.035           24.437           21.500         70.86                         
      1.690         10.316          109.952                23.021           24.420           21.500         70.76                         
      1.700         10.318          109.953                23.006           24.401           21.500         70.65                         
      1.710         10.319          109.953                22.990           24.381           21.500         70.54                         
      1.720         10.320          109.953                22.973           24.360           21.500         70.42                         
      1.730         10.321          109.953                22.955           24.338           21.500         70.30                         
      1.740         10.323          109.954                22.936           24.314           21.500         70.17                         
      1.750         10.324          109.954                22.916           24.289           21.500         70.03                         
      1.760         10.325          109.954                22.895           24.263           21.500         69.89                         
      1.770         10.327          109.954                22.872           24.236           21.500         69.74                         
      1.780         10.329          109.955                22.849           24.208           21.500         69.59                         
      1.790         10.330          109.955                22.825           24.179           21.500         69.43                         
      1.800         10.332          109.955                22.800           24.148           21.500         69.26                         
      1.810         10.334          109.955                22.774           24.116           21.500         69.09                         
      1.820         10.336          109.956                22.746           24.082           21.500         68.92                         
      1.830         10.337          109.956                22.718           24.048           21.500         68.73                         
      1.840         10.339          109.956                22.689           24.012           21.500         68.55                         
      1.850         10.341          109.957                22.658           23.975           21.500         68.35                         
      1.860         10.343          109.957                22.626           23.937           21.500         68.16                         
      1.870         10.345          109.958                22.594           23.898           21.500         67.95                         
      1.880         10.347          109.958                22.560           23.857           21.500         67.74                         
      1.890         10.350          109.958                22.525           23.815           21.500         67.53                         
      1.900         10.352          109.959                22.489           23.771           21.500         67.31                         
      1.910         10.354          109.959                22.452           23.727           21.500         67.09                         
      1.920         10.356          109.960                22.413           23.681           21.500         66.86                         
      1.930         10.359          109.960                22.374           23.634           21.500         66.63                         
      1.940         10.361          109.960                22.334           23.586           21.500         66.39                         
      1.950         10.363          109.961                22.292           23.536           21.500         66.15                         
      1.960         10.366          109.961                22.249           23.485           21.500         65.91                         
      1.970         10.368          109.962                22.205           23.433           21.500         65.66                         
      1.980         10.371          109.962                22.160           23.380           21.500         65.41                         
      1.990         10.373          109.963                22.114           23.326           21.500         65.15                         
      2.000         10.376          109.963                22.067           23.270           21.500         64.89                         

