  ¬рем€            U                U                Pij              –г               –т г             ”гол рот         ќтн угол U       
                   601              1002             1001             601              601              601              601              
                                                     1002                                                                                 
                                                     1                                                                                    

                    10.500          110.000                10.253           21.400           21.400         43.67                         
      0.010         10.500          110.000                10.253           21.400           21.400         43.67                         
      0.020         10.500          110.000                10.253           21.400           21.400         43.67                         
      0.030         10.500          110.000                10.253           21.400           21.400         43.67                         
      0.040         10.500          110.000                10.253           21.400           21.400         43.67                         
      0.050         10.500          110.000                10.253           21.400           21.400         43.67                         
      0.060         10.500          110.000                10.253           21.400           21.400         43.67                         
      0.070         10.500          110.000                10.253           21.400           21.400         43.67                         
      0.080         10.500          110.000                10.253           21.400           21.400         43.67                         
      0.090         10.500          110.000                10.253           21.400           21.400         43.67                         
      0.100         10.500          110.000                10.253           21.400           21.400         43.67                         
      0.110         10.500          110.000                10.253           21.400           21.400         43.67                         
      0.120         10.500          110.000                10.253           21.400           21.400         43.67                         
      0.130         10.500          110.000                10.253           21.400           21.400         43.67                         
      0.140         10.500          110.000                10.253           21.400           21.400         43.67                         
      0.150         10.500          110.000                10.253           21.400           21.400         43.67                         
      0.160         10.500          110.000                10.253           21.400           21.400         43.67                         
      0.170         10.500          110.000                10.253           21.400           21.400         43.67                         
      0.180         10.500          110.000                10.253           21.400           21.400         43.67                         
      0.190         10.500          110.000                10.253           21.400           21.400         43.67                         
      0.200         10.500          110.000                10.253           21.400           21.400         43.67                         
      0.200         10.553          109.997                16.845           17.431           21.400         43.67                         
      0.210         10.553          109.997                16.847           17.433           21.400         43.68                         
      0.220         10.553          109.997                16.851           17.437           21.400         43.69                         
      0.230         10.552          109.997                16.858           17.445           21.400         43.72                         
      0.240         10.552          109.997                16.868           17.456           21.400         43.75                         
      0.250         10.552          109.997                16.881           17.469           21.400         43.79                         
      0.260         10.552          109.997                16.896           17.486           21.400         43.84                         
      0.270         10.551          109.997                16.914           17.505           21.400         43.90                         
      0.280         10.551          109.997                16.935           17.528           21.400         43.97                         
      0.290         10.550          109.997                16.958           17.553           21.400         44.05                         
      0.300         10.550          109.997                16.984           17.581           21.400         44.13                         
      0.310         10.549          109.997                17.012           17.612           21.400         44.22                         
      0.320         10.548          109.996                17.043           17.645           21.400         44.33                         
      0.330         10.547          109.996                17.076           17.681           21.400         44.44                         
      0.340         10.547          109.996                17.112           17.720           21.400         44.56                         
      0.350         10.546          109.996                17.150           17.761           21.400         44.68                         
      0.360         10.545          109.996                17.190           17.805           21.400         44.82                         
      0.370         10.544          109.995                17.233           17.851           21.400         44.96                         
      0.380         10.543          109.995                17.278           17.900           21.400         45.11                         
      0.390         10.542          109.995                17.324           17.950           21.400         45.27                         
      0.400         10.540          109.995                17.373           18.004           21.400         45.43                         
      0.410         10.539          109.995                17.424           18.059           21.400         45.61                         
      0.420         10.538          109.994                17.477           18.116           21.400         45.79                         
      0.430         10.536          109.994                17.532           18.176           21.400         45.97                         
      0.440         10.535          109.994                17.589           18.238           21.400         46.17                         
      0.450         10.534          109.993                17.647           18.301           21.400         46.37                         
      0.460         10.532          109.993                17.707           18.367           21.400         46.57                         
      0.470         10.531          109.993                17.769           18.434           21.400         46.79                         
      0.480         10.529          109.992                17.832           18.503           21.400         47.01                         
      0.490         10.527          109.992                17.897           18.574           21.400         47.23                         
      0.500         10.526          109.992                17.963           18.646           21.400         47.46                         
      0.510         10.524          109.991                18.030           18.720           21.400         47.70                         
      0.520         10.522          109.991                18.099           18.795           21.400         47.95                         
      0.530         10.520          109.991                18.169           18.872           21.400         48.19                         
      0.540         10.518          109.990                18.240           18.950           21.400         48.45                         
      0.550         10.516          109.990                18.313           19.029           21.400         48.71                         
      0.560         10.514          109.989                18.386           19.110           21.400         48.97                         
      0.570         10.512          109.989                18.460           19.191           21.400         49.24                         
      0.580         10.510          109.989                18.535           19.273           21.400         49.51                         
      0.590         10.508          109.988                18.611           19.357           21.400         49.79                         
      0.600         10.506          109.988                18.687           19.441           21.400         50.07                         
      0.610         10.503          109.987                18.764           19.526           21.400         50.36                         
      0.620         10.501          109.987                18.842           19.612           21.400         50.64                         
      0.630         10.499          109.986                18.920           19.698           21.400         50.94                         
      0.640         10.496          109.986                18.999           19.785           21.400         51.23                         
      0.650         10.494          109.985                19.078           19.873           21.400         51.53                         
      0.660         10.491          109.985                19.157           19.960           21.400         51.84                         
      0.670         10.489          109.984                19.237           20.049           21.400         52.14                         
      0.680         10.486          109.984                19.316           20.137           21.400         52.45                         
      0.690         10.484          109.983                19.396           20.226           21.400         52.76                         
      0.700         10.481          109.983                19.476           20.314           21.400         53.07                         
      0.710         10.479          109.982                19.555           20.403           21.400         53.39                         
      0.720         10.476          109.982                19.635           20.492           21.400         53.70                         
      0.730         10.473          109.981                19.715           20.581           21.400         54.02                         
      0.740         10.471          109.981                19.794           20.669           21.400         54.34                         
      0.750         10.468          109.980                19.873           20.757           21.400         54.66                         
      0.760         10.465          109.980                19.951           20.845           21.400         54.98                         
      0.770         10.462          109.979                20.029           20.933           21.400         55.30                         
      0.780         10.460          109.979                20.107           21.020           21.400         55.63                         
      0.790         10.457          109.978                20.184           21.107           21.400         55.95                         
      0.800         10.454          109.978                20.261           21.194           21.400         56.28                         
      0.810         10.451          109.977                20.337           21.280           21.400         56.60                         
      0.820         10.448          109.977                20.413           21.365           21.400         56.93                         
      0.830         10.445          109.976                20.487           21.449           21.400         57.25                         
      0.840         10.443          109.975                20.561           21.533           21.400         57.57                         
      0.850         10.440          109.975                20.635           21.616           21.400         57.90                         
      0.860         10.437          109.974                20.707           21.699           21.400         58.22                         
      0.870         10.434          109.974                20.779           21.780           21.400         58.54                         
      0.880         10.431          109.973                20.850           21.861           21.400         58.86                         
      0.890         10.428          109.973                20.919           21.940           21.400         59.18                         
      0.900         10.425          109.972                20.988           22.019           21.400         59.50                         
      0.910         10.422          109.972                21.056           22.097           21.400         59.81                         
      0.920         10.419          109.971                21.123           22.174           21.400         60.13                         
      0.930         10.416          109.971                21.189           22.249           21.400         60.44                         
      0.940         10.414          109.970                21.254           22.324           21.400         60.75                         
      0.950         10.411          109.969                21.318           22.397           21.400         61.06                         
      0.960         10.408          109.969                21.380           22.470           21.400         61.36                         
      0.970         10.405          109.968                21.442           22.541           21.400         61.66                         
      0.980         10.402          109.968                21.502           22.611           21.400         61.96                         
      0.990         10.399          109.967                21.562           22.679           21.400         62.26                         
      1.000         10.397          109.967                21.620           22.747           21.400         62.55                         
      1.010         10.394          109.966                21.677           22.813           21.400         62.84                         
      1.020         10.391          109.966                21.733           22.878           21.400         63.13                         
      1.030         10.388          109.965                21.787           22.942           21.400         63.42                         
      1.040         10.386          109.965                21.841           23.004           21.400         63.70                         
      1.050         10.383          109.964                21.893           23.065           21.400         63.97                         
      1.060         10.380          109.964                21.944           23.125           21.400         64.25                         
      1.070         10.378          109.963                21.993           23.184           21.400         64.51                         
      1.080         10.375          109.963                22.042           23.241           21.400         64.78                         
      1.090         10.372          109.962                22.089           23.297           21.400         65.04                         
      1.100         10.370          109.962                22.135           23.351           21.400         65.30                         
      1.110         10.367          109.962                22.180           23.404           21.400         65.55                         
      1.120         10.365          109.961                22.224           23.456           21.400         65.79                         
      1.130         10.363          109.961                22.267           23.507           21.400         66.04                         
      1.140         10.360          109.960                22.308           23.556           21.400         66.27                         
      1.150         10.358          109.960                22.348           23.603           21.400         66.51                         
      1.160         10.356          109.959                22.387           23.650           21.400         66.74                         
      1.170         10.353          109.959                22.424           23.695           21.400         66.96                         
      1.180         10.351          109.959                22.461           23.739           21.400         67.18                         
      1.190         10.349          109.958                22.496           23.781           21.400         67.39                         
      1.200         10.347          109.958                22.530           23.822           21.400         67.60                         
      1.210         10.345          109.957                22.563           23.862           21.400         67.80                         
      1.220         10.343          109.957                22.595           23.900           21.400         67.99                         
      1.230         10.341          109.957                22.626           23.937           21.400         68.18                         
      1.240         10.339          109.956                22.655           23.973           21.400         68.37                         
      1.250         10.337          109.956                22.683           24.007           21.400         68.55                         
      1.260         10.335          109.956                22.711           24.040           21.400         68.72                         
      1.270         10.334          109.955                22.737           24.072           21.400         68.89                         
      1.280         10.332          109.955                22.762           24.102           21.400         69.05                         
      1.290         10.330          109.955                22.786           24.131           21.400         69.21                         
      1.300         10.329          109.955                22.809           24.159           21.400         69.36                         
      1.310         10.327          109.954                22.831           24.186           21.400         69.50                         
      1.320         10.326          109.954                22.851           24.211           21.400         69.64                         
      1.330         10.325          109.954                22.871           24.235           21.400         69.77                         
      1.340         10.323          109.954                22.890           24.258           21.400         69.89                         
      1.350         10.322          109.953                22.907           24.280           21.400         70.01                         
      1.360         10.321          109.953                22.924           24.300           21.400         70.12                         
      1.370         10.320          109.953                22.939           24.319           21.400         70.23                         
      1.380         10.319          109.953                22.954           24.337           21.400         70.33                         
      1.390         10.318          109.953                22.967           24.354           21.400         70.42                         
      1.400         10.317          109.952                22.980           24.370           21.400         70.51                         
      1.410         10.316          109.952                22.991           24.384           21.400         70.59                         
      1.420         10.315          109.952                23.002           24.397           21.400         70.66                         
      1.430         10.315          109.952                23.012           24.409           21.400         70.73                         
      1.440         10.314          109.952                23.020           24.419           21.400         70.79                         
      1.450         10.314          109.952                23.028           24.429           21.400         70.85                         
      1.460         10.313          109.952                23.035           24.437           21.400         70.89                         
      1.470         10.313          109.952                23.041           24.445           21.400         70.93                         
      1.480         10.312          109.952                23.045           24.450           21.400         70.97                         
      1.490         10.312          109.952                23.049           24.455           21.400         71.00                         
      1.500         10.312          109.952                23.052           24.459           21.400         71.02                         
      1.510         10.312          109.952                23.054           24.461           21.400         71.03                         
      1.520         10.311          109.951                23.055           24.463           21.400         71.04                         
      1.530         10.311          109.951                23.055           24.463           21.400         71.04                         
      1.540         10.312          109.952                23.055           24.462           21.400         71.03                         
      1.550         10.312          109.952                23.053           24.460           21.400         71.02                         
      1.560         10.312          109.952                23.050           24.456           21.400         71.00                         
      1.570         10.312          109.952                23.047           24.452           21.400         70.98                         
      1.580         10.312          109.952                23.042           24.446           21.400         70.94                         
      1.590         10.313          109.952                23.036           24.439           21.400         70.90                         
      1.600         10.313          109.952                23.030           24.431           21.400         70.86                         
      1.610         10.314          109.952                23.023           24.422           21.400         70.81                         
      1.620         10.315          109.952                23.014           24.412           21.400         70.75                         
      1.630         10.315          109.952                23.005           24.401           21.400         70.68                         
      1.640         10.316          109.952                22.995           24.388           21.400         70.61                         
      1.650         10.317          109.952                22.984           24.374           21.400         70.54                         
      1.660         10.318          109.953                22.971           24.359           21.400         70.45                         
      1.670         10.319          109.953                22.958           24.343           21.400         70.36                         
      1.680         10.320          109.953                22.944           24.325           21.400         70.26                         
      1.690         10.321          109.953                22.929           24.307           21.400         70.16                         
      1.700         10.322          109.953                22.913           24.287           21.400         70.05                         
      1.710         10.323          109.954                22.896           24.266           21.400         69.94                         
      1.720         10.324          109.954                22.878           24.244           21.400         69.81                         
      1.730         10.326          109.954                22.859           24.220           21.400         69.69                         
      1.740         10.327          109.954                22.838           24.196           21.400         69.55                         
      1.750         10.328          109.954                22.817           24.170           21.400         69.41                         
      1.760         10.330          109.955                22.795           24.143           21.400         69.27                         
      1.770         10.331          109.955                22.772           24.114           21.400         69.12                         
      1.780         10.333          109.955                22.748           24.085           21.400         68.96                         
      1.790         10.335          109.956                22.722           24.054           21.400         68.79                         
      1.800         10.336          109.956                22.696           24.022           21.400         68.63                         
      1.810         10.338          109.956                22.668           23.989           21.400         68.45                         
      1.820         10.340          109.957                22.640           23.954           21.400         68.27                         
      1.830         10.342          109.957                22.610           23.918           21.400         68.09                         
      1.840         10.344          109.957                22.579           23.881           21.400         67.90                         
      1.850         10.346          109.958                22.547           23.843           21.400         67.70                         
      1.860         10.348          109.958                22.515           23.803           21.400         67.50                         
      1.870         10.350          109.958                22.480           23.762           21.400         67.29                         
      1.880         10.352          109.959                22.445           23.720           21.400         67.08                         
      1.890         10.354          109.959                22.409           23.677           21.400         66.87                         
      1.900         10.356          109.960                22.372           23.632           21.400         66.65                         
      1.910         10.359          109.960                22.333           23.586           21.400         66.42                         
      1.920         10.361          109.960                22.293           23.539           21.400         66.19                         
      1.930         10.363          109.961                22.253           23.490           21.400         65.96                         
      1.940         10.366          109.961                22.211           23.440           21.400         65.72                         
      1.950         10.368          109.962                22.168           23.389           21.400         65.48                         
      1.960         10.371          109.962                22.123           23.337           21.400         65.23                         
      1.970         10.373          109.963                22.078           23.284           21.400         64.98                         
      1.980         10.376          109.963                22.032           23.229           21.400         64.72                         
      1.990         10.378          109.963                21.984           23.173           21.400         64.46                         
      2.000         10.381          109.964                21.936           23.116           21.400         64.20                         

