  ¬рем€            U                U                Pij              –г               –т г             ”гол рот         ќтн угол U       
                   601              1002             1001             601              601              601              601              
                                                     1002                                                                                 
                                                     1                                                                                    

                    10.500          110.000                10.163           21.200           21.200         43.20                         
      0.010         10.500          110.000                10.163           21.200           21.200         43.20                         
      0.020         10.500          110.000                10.163           21.200           21.200         43.20                         
      0.030         10.500          110.000                10.163           21.200           21.200         43.20                         
      0.040         10.500          110.000                10.163           21.200           21.200         43.20                         
      0.050         10.500          110.000                10.163           21.200           21.200         43.20                         
      0.060         10.500          110.000                10.163           21.200           21.200         43.20                         
      0.070         10.500          110.000                10.163           21.200           21.200         43.20                         
      0.080         10.500          110.000                10.163           21.200           21.200         43.20                         
      0.090         10.500          110.000                10.163           21.200           21.200         43.20                         
      0.100         10.500          110.000                10.163           21.200           21.200         43.20                         
      0.110         10.500          110.000                10.163           21.200           21.200         43.20                         
      0.120         10.500          110.000                10.163           21.200           21.200         43.20                         
      0.130         10.500          110.000                10.163           21.200           21.200         43.20                         
      0.140         10.500          110.000                10.163           21.200           21.200         43.20                         
      0.150         10.500          110.000                10.163           21.200           21.200         43.20                         
      0.160         10.500          110.000                10.163           21.200           21.200         43.20                         
      0.170         10.500          110.000                10.163           21.200           21.200         43.20                         
      0.180         10.500          110.000                10.163           21.200           21.200         43.20                         
      0.190         10.500          110.000                10.163           21.200           21.200         43.20                         
      0.200         10.500          110.000                10.163           21.200           21.200         43.20                         
      0.200         10.552          109.997                16.694           17.267           21.200         43.20                         
      0.210         10.552          109.997                16.695           17.269           21.200         43.21                         
      0.220         10.552          109.997                16.699           17.273           21.200         43.22                         
      0.230         10.552          109.997                16.706           17.281           21.200         43.25                         
      0.240         10.551          109.997                16.716           17.292           21.200         43.28                         
      0.250         10.551          109.997                16.729           17.305           21.200         43.32                         
      0.260         10.551          109.997                16.744           17.322           21.200         43.37                         
      0.270         10.550          109.997                16.762           17.341           21.200         43.43                         
      0.280         10.550          109.997                16.783           17.364           21.200         43.50                         
      0.290         10.549          109.997                16.806           17.389           21.200         43.57                         
      0.300         10.549          109.997                16.832           17.417           21.200         43.66                         
      0.310         10.548          109.996                16.860           17.447           21.200         43.75                         
      0.320         10.547          109.996                16.891           17.481           21.200         43.85                         
      0.330         10.547          109.996                16.924           17.517           21.200         43.96                         
      0.340         10.546          109.996                16.960           17.555           21.200         44.08                         
      0.350         10.545          109.996                16.998           17.596           21.200         44.20                         
      0.360         10.544          109.996                17.038           17.640           21.200         44.34                         
      0.370         10.543          109.995                17.080           17.686           21.200         44.48                         
      0.380         10.542          109.995                17.125           17.734           21.200         44.63                         
      0.390         10.541          109.995                17.172           17.785           21.200         44.78                         
      0.400         10.540          109.995                17.221           17.838           21.200         44.95                         
      0.410         10.539          109.994                17.272           17.893           21.200         45.12                         
      0.420         10.537          109.994                17.324           17.951           21.200         45.30                         
      0.430         10.536          109.994                17.379           18.010           21.200         45.48                         
      0.440         10.535          109.994                17.436           18.071           21.200         45.67                         
      0.450         10.533          109.993                17.494           18.135           21.200         45.87                         
      0.460         10.532          109.993                17.554           18.200           21.200         46.08                         
      0.470         10.530          109.993                17.615           18.267           21.200         46.29                         
      0.480         10.529          109.992                17.679           18.336           21.200         46.51                         
      0.490         10.527          109.992                17.743           18.407           21.200         46.73                         
      0.500         10.525          109.992                17.809           18.479           21.200         46.96                         
      0.510         10.523          109.991                17.877           18.552           21.200         47.19                         
      0.520         10.522          109.991                17.946           18.628           21.200         47.43                         
      0.530         10.520          109.991                18.015           18.704           21.200         47.68                         
      0.540         10.518          109.990                18.087           18.782           21.200         47.93                         
      0.550         10.516          109.990                18.159           18.861           21.200         48.19                         
      0.560         10.514          109.989                18.232           18.941           21.200         48.45                         
      0.570         10.512          109.989                18.306           19.022           21.200         48.71                         
      0.580         10.510          109.989                18.381           19.105           21.200         48.98                         
      0.590         10.508          109.988                18.457           19.188           21.200         49.26                         
      0.600         10.506          109.988                18.533           19.272           21.200         49.54                         
      0.610         10.503          109.987                18.610           19.357           21.200         49.82                         
      0.620         10.501          109.987                18.688           19.442           21.200         50.11                         
      0.630         10.499          109.986                18.766           19.529           21.200         50.39                         
      0.640         10.497          109.986                18.845           19.615           21.200         50.69                         
      0.650         10.494          109.985                18.924           19.703           21.200         50.98                         
      0.660         10.492          109.985                19.003           19.790           21.200         51.28                         
      0.670         10.489          109.984                19.083           19.878           21.200         51.58                         
      0.680         10.487          109.984                19.162           19.966           21.200         51.89                         
      0.690         10.484          109.984                19.242           20.055           21.200         52.20                         
      0.700         10.482          109.983                19.322           20.144           21.200         52.50                         
      0.710         10.479          109.983                19.401           20.232           21.200         52.82                         
      0.720         10.477          109.982                19.481           20.321           21.200         53.13                         
      0.730         10.474          109.981                19.561           20.409           21.200         53.44                         
      0.740         10.472          109.981                19.640           20.498           21.200         53.76                         
      0.750         10.469          109.980                19.719           20.586           21.200         54.07                         
      0.760         10.466          109.980                19.798           20.674           21.200         54.39                         
      0.770         10.463          109.979                19.876           20.762           21.200         54.71                         
      0.780         10.461          109.979                19.954           20.849           21.200         55.03                         
      0.790         10.458          109.978                20.031           20.936           21.200         55.35                         
      0.800         10.455          109.978                20.108           21.022           21.200         55.67                         
      0.810         10.452          109.977                20.184           21.108           21.200         55.99                         
      0.820         10.450          109.977                20.260           21.193           21.200         56.31                         
      0.830         10.447          109.976                20.335           21.277           21.200         56.63                         
      0.840         10.444          109.976                20.409           21.361           21.200         56.95                         
      0.850         10.441          109.975                20.482           21.444           21.200         57.27                         
      0.860         10.438          109.975                20.555           21.526           21.200         57.59                         
      0.870         10.436          109.974                20.627           21.608           21.200         57.90                         
      0.880         10.433          109.974                20.697           21.688           21.200         58.22                         
      0.890         10.430          109.973                20.768           21.768           21.200         58.53                         
      0.900         10.427          109.972                20.837           21.847           21.200         58.84                         
      0.910         10.424          109.972                20.905           21.924           21.200         59.16                         
      0.920         10.421          109.971                20.972           22.001           21.200         59.46                         
      0.930         10.419          109.971                21.038           22.077           21.200         59.77                         
      0.940         10.416          109.970                21.103           22.151           21.200         60.08                         
      0.950         10.413          109.970                21.167           22.225           21.200         60.38                         
      0.960         10.410          109.969                21.230           22.297           21.200         60.68                         
      0.970         10.407          109.969                21.291           22.368           21.200         60.98                         
      0.980         10.405          109.968                21.352           22.438           21.200         61.27                         
      0.990         10.402          109.968                21.412           22.507           21.200         61.56                         
      1.000         10.399          109.967                21.470           22.574           21.200         61.85                         
      1.010         10.396          109.967                21.527           22.640           21.200         62.14                         
      1.020         10.394          109.966                21.583           22.705           21.200         62.42                         
      1.030         10.391          109.966                21.638           22.769           21.200         62.70                         
      1.040         10.388          109.965                21.691           22.831           21.200         62.97                         
      1.050         10.386          109.965                21.744           22.892           21.200         63.24                         
      1.060         10.383          109.964                21.795           22.952           21.200         63.51                         
      1.070         10.381          109.964                21.845           23.010           21.200         63.77                         
      1.080         10.378          109.963                21.893           23.068           21.200         64.03                         
      1.090         10.376          109.963                21.941           23.123           21.200         64.29                         
      1.100         10.373          109.963                21.987           23.178           21.200         64.54                         
      1.110         10.371          109.962                22.032           23.231           21.200         64.78                         
      1.120         10.369          109.962                22.076           23.282           21.200         65.02                         
      1.130         10.366          109.961                22.119           23.333           21.200         65.26                         
      1.140         10.364          109.961                22.160           23.381           21.200         65.49                         
      1.150         10.362          109.960                22.200           23.429           21.200         65.72                         
      1.160         10.360          109.960                22.239           23.475           21.200         65.94                         
      1.170         10.357          109.960                22.277           23.520           21.200         66.15                         
      1.180         10.355          109.959                22.313           23.564           21.200         66.37                         
      1.190         10.353          109.959                22.349           23.606           21.200         66.57                         
      1.200         10.351          109.958                22.383           23.646           21.200         66.77                         
      1.210         10.349          109.958                22.416           23.686           21.200         66.97                         
      1.220         10.347          109.958                22.447           23.724           21.200         67.16                         
      1.230         10.345          109.957                22.478           23.760           21.200         67.34                         
      1.240         10.344          109.957                22.507           23.796           21.200         67.52                         
      1.250         10.342          109.957                22.536           23.830           21.200         67.69                         
      1.260         10.340          109.957                22.563           23.863           21.200         67.86                         
      1.270         10.339          109.956                22.589           23.894           21.200         68.02                         
      1.280         10.337          109.956                22.614           23.924           21.200         68.17                         
      1.290         10.335          109.956                22.637           23.953           21.200         68.32                         
      1.300         10.334          109.955                22.660           23.980           21.200         68.47                         
      1.310         10.333          109.955                22.681           24.006           21.200         68.60                         
      1.320         10.331          109.955                22.702           24.031           21.200         68.73                         
      1.330         10.330          109.955                22.721           24.054           21.200         68.86                         
      1.340         10.329          109.954                22.740           24.077           21.200         68.97                         
      1.350         10.328          109.954                22.757           24.098           21.200         69.09                         
      1.360         10.327          109.954                22.773           24.117           21.200         69.19                         
      1.370         10.326          109.954                22.788           24.136           21.200         69.29                         
      1.380         10.325          109.954                22.802           24.153           21.200         69.38                         
      1.390         10.324          109.954                22.815           24.169           21.200         69.47                         
      1.400         10.323          109.953                22.827           24.183           21.200         69.55                         
      1.410         10.322          109.953                22.838           24.197           21.200         69.62                         
      1.420         10.322          109.953                22.848           24.209           21.200         69.69                         
      1.430         10.321          109.953                22.857           24.220           21.200         69.75                         
      1.440         10.320          109.953                22.865           24.230           21.200         69.80                         
      1.450         10.320          109.953                22.872           24.238           21.200         69.85                         
      1.460         10.319          109.953                22.878           24.246           21.200         69.89                         
      1.470         10.319          109.953                22.883           24.252           21.200         69.92                         
      1.480         10.319          109.953                22.887           24.256           21.200         69.95                         
      1.490         10.319          109.953                22.890           24.260           21.200         69.96                         
      1.500         10.318          109.953                22.892           24.262           21.200         69.98                         
      1.510         10.318          109.953                22.893           24.264           21.200         69.98                         
      1.520         10.318          109.953                22.893           24.264           21.200         69.98                         
      1.530         10.318          109.953                22.892           24.262           21.200         69.98                         
      1.540         10.319          109.953                22.890           24.260           21.200         69.96                         
      1.550         10.319          109.953                22.887           24.256           21.200         69.95                         
      1.560         10.319          109.953                22.883           24.252           21.200         69.92                         
      1.570         10.319          109.953                22.878           24.246           21.200         69.89                         
      1.580         10.320          109.953                22.872           24.238           21.200         69.85                         
      1.590         10.320          109.953                22.865           24.230           21.200         69.80                         
      1.600         10.321          109.953                22.857           24.220           21.200         69.75                         
      1.610         10.321          109.953                22.848           24.209           21.200         69.69                         
      1.620         10.322          109.953                22.838           24.197           21.200         69.62                         
      1.630         10.323          109.953                22.827           24.184           21.200         69.55                         
      1.640         10.324          109.954                22.816           24.169           21.200         69.47                         
      1.650         10.325          109.954                22.803           24.154           21.200         69.39                         
      1.660         10.326          109.954                22.789           24.137           21.200         69.29                         
      1.670         10.327          109.954                22.774           24.118           21.200         69.20                         
      1.680         10.328          109.954                22.758           24.099           21.200         69.09                         
      1.690         10.329          109.954                22.741           24.078           21.200         68.98                         
      1.700         10.330          109.955                22.723           24.056           21.200         68.87                         
      1.710         10.331          109.955                22.704           24.033           21.200         68.74                         
      1.720         10.333          109.955                22.684           24.009           21.200         68.61                         
      1.730         10.334          109.955                22.662           23.983           21.200         68.48                         
      1.740         10.335          109.956                22.640           23.956           21.200         68.34                         
      1.750         10.337          109.956                22.617           23.928           21.200         68.19                         
      1.760         10.338          109.956                22.592           23.898           21.200         68.04                         
      1.770         10.340          109.956                22.567           23.867           21.200         67.88                         
      1.780         10.342          109.957                22.540           23.835           21.200         67.72                         
      1.790         10.343          109.957                22.512           23.802           21.200         67.55                         
      1.800         10.345          109.957                22.484           23.767           21.200         67.38                         
      1.810         10.347          109.958                22.454           23.732           21.200         67.20                         
      1.820         10.349          109.958                22.423           23.694           21.200         67.01                         
      1.830         10.351          109.958                22.391           23.656           21.200         66.82                         
      1.840         10.353          109.959                22.357           23.616           21.200         66.62                         
      1.850         10.355          109.959                22.323           23.575           21.200         66.42                         
      1.860         10.357          109.959                22.287           23.533           21.200         66.22                         
      1.870         10.359          109.960                22.251           23.489           21.200         66.01                         
      1.880         10.361          109.960                22.213           23.444           21.200         65.79                         
      1.890         10.363          109.961                22.174           23.398           21.200         65.57                         
      1.900         10.365          109.961                22.134           23.351           21.200         65.34                         
      1.910         10.368          109.961                22.093           23.302           21.200         65.12                         
      1.920         10.370          109.962                22.050           23.252           21.200         64.88                         
      1.930         10.372          109.962                22.007           23.201           21.200         64.64                         
      1.940         10.375          109.963                21.962           23.148           21.200         64.40                         
      1.950         10.377          109.963                21.916           23.095           21.200         64.15                         
      1.960         10.379          109.964                21.870           23.040           21.200         63.90                         
      1.970         10.382          109.964                21.822           22.983           21.200         63.65                         
      1.980         10.384          109.965                21.772           22.926           21.200         63.39                         
      1.990         10.387          109.965                21.722           22.867           21.200         63.13                         
      2.000         10.390          109.965                21.671           22.807           21.200         62.87                         

