  ¬рем€            U                U                Pij              –г               –т г             ”гол рот         ќтн угол U       
                   601              1002             1001             601              601              601              601              
                                                     1002                                                                                 
                                                     1                                                                                    

                    10.500          110.000                10.072           21.000           21.000         42.74                         
      0.010         10.500          110.000                10.072           21.000           21.000         42.74                         
      0.020         10.500          110.000                10.072           21.000           21.000         42.74                         
      0.030         10.500          110.000                10.072           21.000           21.000         42.74                         
      0.040         10.500          110.000                10.072           21.000           21.000         42.74                         
      0.050         10.500          110.000                10.072           21.000           21.000         42.74                         
      0.060         10.500          110.000                10.072           21.000           21.000         42.74                         
      0.070         10.500          110.000                10.072           21.000           21.000         42.74                         
      0.080         10.500          110.000                10.072           21.000           21.000         42.74                         
      0.090         10.500          110.000                10.072           21.000           21.000         42.74                         
      0.100         10.500          110.000                10.072           21.000           21.000         42.74                         
      0.110         10.500          110.000                10.072           21.000           21.000         42.74                         
      0.120         10.500          110.000                10.072           21.000           21.000         42.74                         
      0.130         10.500          110.000                10.072           21.000           21.000         42.74                         
      0.140         10.500          110.000                10.072           21.000           21.000         42.74                         
      0.150         10.500          110.000                10.072           21.000           21.000         42.74                         
      0.160         10.500          110.000                10.072           21.000           21.000         42.74                         
      0.170         10.500          110.000                10.072           21.000           21.000         42.74                         
      0.180         10.500          110.000                10.072           21.000           21.000         42.74                         
      0.190         10.500          110.000                10.072           21.000           21.000         42.74                         
      0.200         10.500          110.000                10.072           21.000           21.000         42.74                         
      0.200         10.551          109.997                16.542           17.103           21.000         42.74                         
      0.210         10.551          109.997                16.543           17.105           21.000         42.74                         
      0.220         10.551          109.997                16.547           17.110           21.000         42.75                         
      0.230         10.551          109.997                16.554           17.117           21.000         42.78                         
      0.240         10.551          109.997                16.564           17.128           21.000         42.81                         
      0.250         10.550          109.997                16.577           17.141           21.000         42.85                         
      0.260         10.550          109.997                16.592           17.158           21.000         42.90                         
      0.270         10.550          109.997                16.610           17.177           21.000         42.96                         
      0.280         10.549          109.997                16.631           17.200           21.000         43.02                         
      0.290         10.549          109.997                16.654           17.225           21.000         43.10                         
      0.300         10.548          109.996                16.680           17.252           21.000         43.18                         
      0.310         10.547          109.996                16.708           17.283           21.000         43.28                         
      0.320         10.547          109.996                16.739           17.316           21.000         43.38                         
      0.330         10.546          109.996                16.772           17.352           21.000         43.49                         
      0.340         10.545          109.996                16.807           17.390           21.000         43.60                         
      0.350         10.544          109.996                16.845           17.431           21.000         43.73                         
      0.360         10.543          109.995                16.885           17.475           21.000         43.86                         
      0.370         10.542          109.995                16.928           17.521           21.000         44.00                         
      0.380         10.541          109.995                16.972           17.569           21.000         44.15                         
      0.390         10.540          109.995                17.019           17.620           21.000         44.30                         
      0.400         10.539          109.995                17.068           17.672           21.000         44.46                         
      0.410         10.538          109.994                17.118           17.727           21.000         44.63                         
      0.420         10.537          109.994                17.171           17.785           21.000         44.81                         
      0.430         10.535          109.994                17.226           17.844           21.000         44.99                         
      0.440         10.534          109.994                17.282           17.905           21.000         45.18                         
      0.450         10.533          109.993                17.340           17.968           21.000         45.38                         
      0.460         10.531          109.993                17.400           18.033           21.000         45.58                         
      0.470         10.530          109.993                17.462           18.100           21.000         45.79                         
      0.480         10.528          109.992                17.525           18.169           21.000         46.01                         
      0.490         10.527          109.992                17.589           18.239           21.000         46.23                         
      0.500         10.525          109.992                17.655           18.311           21.000         46.45                         
      0.510         10.523          109.991                17.723           18.385           21.000         46.69                         
      0.520         10.521          109.991                17.791           18.460           21.000         46.93                         
      0.530         10.520          109.991                17.861           18.536           21.000         47.17                         
      0.540         10.518          109.990                17.932           18.613           21.000         47.42                         
      0.550         10.516          109.990                18.004           18.692           21.000         47.67                         
      0.560         10.514          109.989                18.077           18.772           21.000         47.93                         
      0.570         10.512          109.989                18.151           18.853           21.000         48.19                         
      0.580         10.510          109.989                18.226           18.935           21.000         48.46                         
      0.590         10.508          109.988                18.302           19.018           21.000         48.73                         
      0.600         10.506          109.988                18.379           19.102           21.000         49.01                         
      0.610         10.504          109.987                18.456           19.187           21.000         49.29                         
      0.620         10.501          109.987                18.533           19.272           21.000         49.57                         
      0.630         10.499          109.986                18.611           19.358           21.000         49.85                         
      0.640         10.497          109.986                18.690           19.445           21.000         50.14                         
      0.650         10.495          109.986                18.769           19.532           21.000         50.44                         
      0.660         10.492          109.985                18.848           19.619           21.000         50.73                         
      0.670         10.490          109.985                18.928           19.707           21.000         51.03                         
      0.680         10.487          109.984                19.007           19.795           21.000         51.33                         
      0.690         10.485          109.984                19.087           19.884           21.000         51.64                         
      0.700         10.483          109.983                19.167           19.972           21.000         51.94                         
      0.710         10.480          109.983                19.247           20.061           21.000         52.25                         
      0.720         10.478          109.982                19.326           20.149           21.000         52.56                         
      0.730         10.475          109.982                19.406           20.237           21.000         52.87                         
      0.740         10.472          109.981                19.485           20.326           21.000         53.18                         
      0.750         10.470          109.981                19.564           20.414           21.000         53.49                         
      0.760         10.467          109.980                19.643           20.502           21.000         53.81                         
      0.770         10.464          109.980                19.721           20.589           21.000         54.12                         
      0.780         10.462          109.979                19.799           20.676           21.000         54.44                         
      0.790         10.459          109.979                19.876           20.763           21.000         54.75                         
      0.800         10.456          109.978                19.953           20.849           21.000         55.07                         
      0.810         10.454          109.978                20.030           20.935           21.000         55.38                         
      0.820         10.451          109.977                20.105           21.020           21.000         55.70                         
      0.830         10.448          109.976                20.180           21.104           21.000         56.01                         
      0.840         10.445          109.976                20.255           21.188           21.000         56.33                         
      0.850         10.443          109.975                20.328           21.271           21.000         56.64                         
      0.860         10.440          109.975                20.401           21.353           21.000         56.96                         
      0.870         10.437          109.974                20.473           21.434           21.000         57.27                         
      0.880         10.434          109.974                20.544           21.515           21.000         57.58                         
      0.890         10.432          109.973                20.614           21.594           21.000         57.89                         
      0.900         10.429          109.973                20.683           21.673           21.000         58.20                         
      0.910         10.426          109.972                20.751           21.751           21.000         58.50                         
      0.920         10.423          109.972                20.819           21.827           21.000         58.81                         
      0.930         10.421          109.971                20.885           21.903           21.000         59.11                         
      0.940         10.418          109.971                20.950           21.977           21.000         59.41                         
      0.950         10.415          109.970                21.014           22.051           21.000         59.71                         
      0.960         10.412          109.970                21.077           22.123           21.000         60.00                         
      0.970         10.410          109.969                21.139           22.194           21.000         60.29                         
      0.980         10.407          109.969                21.200           22.264           21.000         60.58                         
      0.990         10.404          109.968                21.260           22.332           21.000         60.87                         
      1.000         10.402          109.968                21.318           22.400           21.000         61.15                         
      1.010         10.399          109.967                21.375           22.466           21.000         61.43                         
      1.020         10.397          109.967                21.431           22.531           21.000         61.71                         
      1.030         10.394          109.966                21.486           22.594           21.000         61.98                         
      1.040         10.391          109.966                21.540           22.656           21.000         62.25                         
      1.050         10.389          109.965                21.592           22.717           21.000         62.52                         
      1.060         10.386          109.965                21.644           22.777           21.000         62.78                         
      1.070         10.384          109.964                21.694           22.835           21.000         63.04                         
      1.080         10.381          109.964                21.743           22.892           21.000         63.29                         
      1.090         10.379          109.963                21.790           22.948           21.000         63.54                         
      1.100         10.377          109.963                21.836           23.002           21.000         63.78                         
      1.110         10.374          109.963                21.882           23.055           21.000         64.02                         
      1.120         10.372          109.962                21.925           23.106           21.000         64.26                         
      1.130         10.370          109.962                21.968           23.156           21.000         64.49                         
      1.140         10.368          109.961                22.009           23.205           21.000         64.71                         
      1.150         10.365          109.961                22.050           23.252           21.000         64.93                         
      1.160         10.363          109.961                22.089           23.298           21.000         65.15                         
      1.170         10.361          109.960                22.126           23.343           21.000         65.36                         
      1.180         10.359          109.960                22.163           23.386           21.000         65.56                         
      1.190         10.357          109.960                22.198           23.428           21.000         65.76                         
      1.200         10.355          109.959                22.232           23.468           21.000         65.96                         
      1.210         10.353          109.959                22.265           23.507           21.000         66.15                         
      1.220         10.352          109.958                22.297           23.545           21.000         66.33                         
      1.230         10.350          109.958                22.327           23.581           21.000         66.51                         
      1.240         10.348          109.958                22.356           23.616           21.000         66.68                         
      1.250         10.346          109.958                22.384           23.650           21.000         66.84                         
      1.260         10.345          109.957                22.411           23.682           21.000         67.00                         
      1.270         10.343          109.957                22.437           23.713           21.000         67.16                         
      1.280         10.342          109.957                22.462           23.743           21.000         67.31                         
      1.290         10.340          109.956                22.485           23.771           21.000         67.45                         
      1.300         10.339          109.956                22.508           23.798           21.000         67.58                         
      1.310         10.338          109.956                22.529           23.823           21.000         67.71                         
      1.320         10.336          109.956                22.549           23.847           21.000         67.84                         
      1.330         10.335          109.956                22.568           23.870           21.000         67.95                         
      1.340         10.334          109.955                22.586           23.892           21.000         68.07                         
      1.350         10.333          109.955                22.603           23.912           21.000         68.17                         
      1.360         10.332          109.955                22.618           23.931           21.000         68.27                         
      1.370         10.331          109.955                22.633           23.949           21.000         68.36                         
      1.380         10.330          109.955                22.646           23.965           21.000         68.45                         
      1.390         10.329          109.955                22.659           23.980           21.000         68.52                         
      1.400         10.329          109.954                22.670           23.994           21.000         68.60                         
      1.410         10.328          109.954                22.681           24.007           21.000         68.66                         
      1.420         10.327          109.954                22.690           24.018           21.000         68.72                         
      1.430         10.327          109.954                22.698           24.028           21.000         68.77                         
      1.440         10.326          109.954                22.705           24.037           21.000         68.82                         
      1.450         10.326          109.954                22.711           24.044           21.000         68.86                         
      1.460         10.326          109.954                22.716           24.050           21.000         68.89                         
      1.470         10.325          109.954                22.721           24.055           21.000         68.92                         
      1.480         10.325          109.954                22.724           24.059           21.000         68.94                         
      1.490         10.325          109.954                22.725           24.061           21.000         68.95                         
      1.500         10.325          109.954                22.726           24.062           21.000         68.96                         
      1.510         10.325          109.954                22.726           24.062           21.000         68.96                         
      1.520         10.325          109.954                22.725           24.061           21.000         68.95                         
      1.530         10.325          109.954                22.723           24.058           21.000         68.93                         
      1.540         10.325          109.954                22.720           24.054           21.000         68.91                         
      1.550         10.326          109.954                22.716           24.049           21.000         68.89                         
      1.560         10.326          109.954                22.711           24.043           21.000         68.85                         
      1.570         10.326          109.954                22.704           24.035           21.000         68.81                         
      1.580         10.327          109.954                22.697           24.026           21.000         68.77                         
      1.590         10.328          109.954                22.689           24.016           21.000         68.71                         
      1.600         10.328          109.954                22.679           24.005           21.000         68.65                         
      1.610         10.329          109.954                22.669           23.992           21.000         68.59                         
      1.620         10.330          109.955                22.657           23.979           21.000         68.52                         
      1.630         10.330          109.955                22.645           23.963           21.000         68.44                         
      1.640         10.331          109.955                22.631           23.947           21.000         68.35                         
      1.650         10.332          109.955                22.617           23.929           21.000         68.26                         
      1.660         10.333          109.955                22.601           23.910           21.000         68.16                         
      1.670         10.334          109.955                22.584           23.890           21.000         68.06                         
      1.680         10.335          109.956                22.567           23.869           21.000         67.95                         
      1.690         10.337          109.956                22.548           23.846           21.000         67.83                         
      1.700         10.338          109.956                22.528           23.822           21.000         67.71                         
      1.710         10.339          109.956                22.507           23.796           21.000         67.58                         
      1.720         10.340          109.956                22.484           23.770           21.000         67.44                         
      1.730         10.342          109.957                22.461           23.742           21.000         67.30                         
      1.740         10.343          109.957                22.437           23.713           21.000         67.16                         
      1.750         10.345          109.957                22.411           23.682           21.000         67.00                         
      1.760         10.346          109.958                22.385           23.650           21.000         66.85                         
      1.770         10.348          109.958                22.357           23.617           21.000         66.68                         
      1.780         10.350          109.958                22.328           23.583           21.000         66.51                         
      1.790         10.352          109.958                22.298           23.547           21.000         66.34                         
      1.800         10.353          109.959                22.267           23.510           21.000         66.16                         
      1.810         10.355          109.959                22.235           23.472           21.000         65.97                         
      1.820         10.357          109.959                22.201           23.432           21.000         65.78                         
      1.830         10.359          109.960                22.167           23.391           21.000         65.59                         
      1.840         10.361          109.960                22.131           23.349           21.000         65.39                         
      1.850         10.363          109.961                22.094           23.305           21.000         65.18                         
      1.860         10.365          109.961                22.056           23.260           21.000         64.97                         
      1.870         10.367          109.961                22.017           23.214           21.000         64.75                         
      1.880         10.369          109.962                21.977           23.167           21.000         64.53                         
      1.890         10.372          109.962                21.935           23.118           21.000         64.31                         
      1.900         10.374          109.963                21.893           23.068           21.000         64.08                         
      1.910         10.376          109.963                21.849           23.017           21.000         63.85                         
      1.920         10.378          109.963                21.804           22.964           21.000         63.61                         
      1.930         10.381          109.964                21.758           22.910           21.000         63.37                         
      1.940         10.383          109.964                21.711           22.855           21.000         63.12                         
      1.950         10.385          109.965                21.663           22.799           21.000         62.87                         
      1.960         10.388          109.965                21.613           22.741           21.000         62.62                         
      1.970         10.390          109.966                21.562           22.683           21.000         62.36                         
      1.980         10.393          109.966                21.511           22.623           21.000         62.10                         
      1.990         10.395          109.966                21.458           22.561           21.000         61.84                         
      2.000         10.398          109.967                21.404           22.499           21.000         61.57                         

