  ¬рем€            U                U                Pij              –г               –т г             ”гол рот         ќтн угол U       
                   601              1002             1001             601              601              601              601              
                                                     1002                                                                                 
                                                     1                                                                                    

                    10.500          110.000                10.661           22.300           22.300         45.82                         
      0.010         10.500          110.000                10.661           22.300           22.300         45.82                         
      0.020         10.500          110.000                10.661           22.300           22.300         45.82                         
      0.030         10.500          110.000                10.661           22.300           22.300         45.82                         
      0.040         10.500          110.000                10.661           22.300           22.300         45.82                         
      0.050         10.500          110.000                10.661           22.300           22.300         45.82                         
      0.060         10.500          110.000                10.661           22.300           22.300         45.82                         
      0.070         10.500          110.000                10.661           22.300           22.300         45.82                         
      0.080         10.500          110.000                10.661           22.300           22.300         45.82                         
      0.090         10.500          110.000                10.661           22.300           22.300         45.82                         
      0.100         10.500          110.000                10.661           22.300           22.300         45.82                         
      0.110         10.500          110.000                10.661           22.300           22.300         45.82                         
      0.120         10.500          110.000                10.661           22.300           22.300         45.82                         
      0.130         10.500          110.000                10.661           22.300           22.300         45.82                         
      0.140         10.500          110.000                10.661           22.300           22.300         45.82                         
      0.150         10.500          110.000                10.661           22.300           22.300         45.82                         
      0.160         10.500          110.000                10.661           22.300           22.300         45.82                         
      0.170         10.500          110.000                10.661           22.300           22.300         45.82                         
      0.180         10.500          110.000                10.661           22.300           22.300         45.82                         
      0.190         10.500          110.000                10.661           22.300           22.300         45.82                         
      0.200         10.500          110.000                10.661           22.300           22.300         45.82                         
      0.200         10.557          109.998                17.527           18.168           22.300         45.82                         
      0.210         10.557          109.998                17.528           18.170           22.300         45.83                         
      0.220         10.557          109.998                17.532           18.175           22.300         45.84                         
      0.230         10.556          109.998                17.539           18.182           22.300         45.86                         
      0.240         10.556          109.998                17.549           18.193           22.300         45.90                         
      0.250         10.556          109.998                17.562           18.207           22.300         45.94                         
      0.260         10.555          109.998                17.578           18.224           22.300         45.99                         
      0.270         10.555          109.998                17.596           18.244           22.300         46.06                         
      0.280         10.554          109.998                17.616           18.266           22.300         46.13                         
      0.290         10.554          109.997                17.640           18.292           22.300         46.21                         
      0.300         10.553          109.997                17.666           18.320           22.300         46.30                         
      0.310         10.552          109.997                17.694           18.351           22.300         46.39                         
      0.320         10.552          109.997                17.725           18.385           22.300         46.50                         
      0.330         10.551          109.997                17.759           18.421           22.300         46.62                         
      0.340         10.550          109.997                17.795           18.461           22.300         46.74                         
      0.350         10.549          109.996                17.833           18.502           22.300         46.87                         
      0.360         10.548          109.996                17.873           18.546           22.300         47.01                         
      0.370         10.547          109.996                17.916           18.593           22.300         47.16                         
      0.380         10.546          109.996                17.961           18.642           22.300         47.32                         
      0.390         10.544          109.996                18.008           18.694           22.300         47.48                         
      0.400         10.543          109.995                18.057           18.747           22.300         47.65                         
      0.410         10.542          109.995                18.108           18.803           22.300         47.83                         
      0.420         10.540          109.995                18.161           18.861           22.300         48.02                         
      0.430         10.539          109.994                18.216           18.922           22.300         48.22                         
      0.440         10.537          109.994                18.273           18.984           22.300         48.42                         
      0.450         10.536          109.994                18.332           19.048           22.300         48.63                         
      0.460         10.534          109.993                18.392           19.114           22.300         48.84                         
      0.470         10.532          109.993                18.454           19.182           22.300         49.07                         
      0.480         10.531          109.993                18.517           19.252           22.300         49.30                         
      0.490         10.529          109.992                18.582           19.323           22.300         49.53                         
      0.500         10.527          109.992                18.648           19.396           22.300         49.77                         
      0.510         10.525          109.992                18.716           19.470           22.300         50.02                         
      0.520         10.523          109.991                18.785           19.546           22.300         50.28                         
      0.530         10.521          109.991                18.855           19.624           22.300         50.54                         
      0.540         10.519          109.990                18.926           19.702           22.300         50.80                         
      0.550         10.517          109.990                18.998           19.782           22.300         51.07                         
      0.560         10.514          109.989                19.072           19.863           22.300         51.35                         
      0.570         10.512          109.989                19.146           19.945           22.300         51.63                         
      0.580         10.510          109.989                19.221           20.028           22.300         51.91                         
      0.590         10.508          109.988                19.296           20.112           22.300         52.20                         
      0.600         10.505          109.988                19.373           20.197           22.300         52.50                         
      0.610         10.503          109.987                19.450           20.282           22.300         52.80                         
      0.620         10.500          109.987                19.527           20.369           22.300         53.10                         
      0.630         10.498          109.986                19.605           20.455           22.300         53.41                         
      0.640         10.495          109.986                19.683           20.543           22.300         53.72                         
      0.650         10.492          109.985                19.762           20.630           22.300         54.03                         
      0.660         10.490          109.985                19.841           20.719           22.300         54.35                         
      0.670         10.487          109.984                19.920           20.807           22.300         54.67                         
      0.680         10.484          109.984                19.999           20.896           22.300         55.00                         
      0.690         10.481          109.983                20.078           20.985           22.300         55.32                         
      0.700         10.478          109.982                20.157           21.074           22.300         55.65                         
      0.710         10.476          109.982                20.237           21.163           22.300         55.98                         
      0.720         10.473          109.981                20.316           21.252           22.300         56.32                         
      0.730         10.470          109.981                20.394           21.341           22.300         56.65                         
      0.740         10.467          109.980                20.473           21.429           22.300         56.99                         
      0.750         10.464          109.980                20.551           21.518           22.300         57.33                         
      0.760         10.461          109.979                20.629           21.606           22.300         57.67                         
      0.770         10.458          109.978                20.706           21.694           22.300         58.01                         
      0.780         10.455          109.978                20.783           21.781           22.300         58.35                         
      0.790         10.451          109.977                20.859           21.868           22.300         58.70                         
      0.800         10.448          109.977                20.935           21.954           22.300         59.04                         
      0.810         10.445          109.976                21.010           22.040           22.300         59.38                         
      0.820         10.442          109.976                21.085           22.125           22.300         59.73                         
      0.830         10.439          109.975                21.158           22.210           22.300         60.07                         
      0.840         10.436          109.974                21.231           22.293           22.300         60.42                         
      0.850         10.433          109.974                21.303           22.376           22.300         60.76                         
      0.860         10.429          109.973                21.375           22.459           22.300         61.11                         
      0.870         10.426          109.973                21.445           22.540           22.300         61.45                         
      0.880         10.423          109.972                21.515           22.620           22.300         61.79                         
      0.890         10.420          109.971                21.583           22.700           22.300         62.13                         
      0.900         10.416          109.971                21.651           22.778           22.300         62.47                         
      0.910         10.413          109.970                21.718           22.856           22.300         62.81                         
      0.920         10.410          109.970                21.783           22.932           22.300         63.15                         
      0.930         10.407          109.969                21.848           23.007           22.300         63.48                         
      0.940         10.403          109.968                21.911           23.082           22.300         63.82                         
      0.950         10.400          109.968                21.973           23.155           22.300         64.15                         
      0.960         10.397          109.967                22.035           23.227           22.300         64.48                         
      0.970         10.394          109.967                22.095           23.298           22.300         64.81                         
      0.980         10.391          109.966                22.154           23.367           22.300         65.13                         
      0.990         10.387          109.965                22.212           23.436           22.300         65.45                         
      1.000         10.384          109.965                22.268           23.503           22.300         65.77                         
      1.010         10.381          109.964                22.324           23.569           22.300         66.09                         
      1.020         10.378          109.964                22.378           23.633           22.300         66.40                         
      1.030         10.375          109.963                22.432           23.697           22.300         66.71                         
      1.040         10.372          109.963                22.484           23.759           22.300         67.02                         
      1.050         10.369          109.962                22.534           23.820           22.300         67.32                         
      1.060         10.366          109.961                22.584           23.880           22.300         67.62                         
      1.070         10.363          109.961                22.632           23.938           22.300         67.92                         
      1.080         10.360          109.960                22.680           23.995           22.300         68.21                         
      1.090         10.357          109.960                22.726           24.051           22.300         68.50                         
      1.100         10.354          109.959                22.770           24.105           22.300         68.79                         
      1.110         10.351          109.959                22.814           24.158           22.300         69.07                         
      1.120         10.348          109.958                22.856           24.210           22.300         69.34                         
      1.130         10.345          109.958                22.898           24.260           22.300         69.62                         
      1.140         10.343          109.957                22.938           24.309           22.300         69.88                         
      1.150         10.340          109.957                22.977           24.357           22.300         70.15                         
      1.160         10.337          109.956                23.015           24.404           22.300         70.41                         
      1.170         10.334          109.956                23.051           24.449           22.300         70.66                         
      1.180         10.332          109.955                23.087           24.493           22.300         70.91                         
      1.190         10.329          109.955                23.121           24.536           22.300         71.15                         
      1.200         10.327          109.955                23.155           24.578           22.300         71.39                         
      1.210         10.324          109.954                23.187           24.618           22.300         71.63                         
      1.220         10.322          109.954                23.218           24.657           22.300         71.85                         
      1.230         10.320          109.953                23.248           24.695           22.300         72.08                         
      1.240         10.317          109.953                23.277           24.731           22.300         72.30                         
      1.250         10.315          109.952                23.305           24.767           22.300         72.51                         
      1.260         10.313          109.952                23.332           24.801           22.300         72.72                         
      1.270         10.311          109.952                23.358           24.834           22.300         72.92                         
      1.280         10.309          109.951                23.383           24.865           22.300         73.11                         
      1.290         10.307          109.951                23.407           24.896           22.300         73.30                         
      1.300         10.305          109.951                23.431           24.925           22.300         73.49                         
      1.310         10.303          109.950                23.453           24.954           22.300         73.67                         
      1.320         10.301          109.950                23.474           24.981           22.300         73.84                         
      1.330         10.299          109.950                23.494           25.007           22.300         74.01                         
      1.340         10.297          109.949                23.513           25.032           22.300         74.17                         
      1.350         10.296          109.949                23.532           25.056           22.300         74.32                         
      1.360         10.294          109.949                23.549           25.078           22.300         74.47                         
      1.370         10.292          109.949                23.566           25.100           22.300         74.61                         
      1.380         10.291          109.948                23.582           25.121           22.300         74.75                         
      1.390         10.290          109.948                23.597           25.140           22.300         74.88                         
      1.400         10.288          109.948                23.611           25.159           22.300         75.00                         
      1.410         10.287          109.948                23.625           25.176           22.300         75.12                         
      1.420         10.286          109.947                23.637           25.193           22.300         75.23                         
      1.430         10.285          109.947                23.649           25.208           22.300         75.34                         
      1.440         10.284          109.947                23.660           25.223           22.300         75.44                         
      1.450         10.283          109.947                23.670           25.236           22.300         75.53                         
      1.460         10.282          109.947                23.680           25.248           22.300         75.62                         
      1.470         10.281          109.947                23.688           25.260           22.300         75.70                         
      1.480         10.280          109.946                23.696           25.270           22.300         75.77                         
      1.490         10.279          109.946                23.704           25.280           22.300         75.84                         
      1.500         10.279          109.946                23.710           25.289           22.300         75.90                         
      1.510         10.278          109.946                23.716           25.296           22.300         75.95                         
      1.520         10.277          109.946                23.721           25.303           22.300         76.00                         
      1.530         10.277          109.946                23.725           25.309           22.300         76.04                         
      1.540         10.277          109.946                23.729           25.314           22.300         76.07                         
      1.550         10.276          109.946                23.732           25.317           22.300         76.10                         
      1.560         10.276          109.946                23.734           25.320           22.300         76.12                         
      1.570         10.276          109.946                23.736           25.323           22.300         76.14                         
      1.580         10.276          109.946                23.736           25.324           22.300         76.14                         
      1.590         10.276          109.946                23.737           25.324           22.300         76.15                         
      1.600         10.276          109.946                23.736           25.323           22.300         76.14                         
      1.610         10.276          109.946                23.735           25.321           22.300         76.13                         
      1.620         10.276          109.946                23.733           25.319           22.300         76.11                         
      1.630         10.277          109.946                23.730           25.315           22.300         76.09                         
      1.640         10.277          109.946                23.727           25.311           22.300         76.05                         
      1.650         10.277          109.946                23.723           25.306           22.300         76.02                         
      1.660         10.278          109.946                23.718           25.299           22.300         75.97                         
      1.670         10.278          109.946                23.713           25.292           22.300         75.92                         
      1.680         10.279          109.946                23.706           25.284           22.300         75.86                         
      1.690         10.280          109.946                23.700           25.275           22.300         75.80                         
      1.700         10.280          109.946                23.692           25.265           22.300         75.73                         
      1.710         10.281          109.947                23.684           25.254           22.300         75.65                         
      1.720         10.282          109.947                23.675           25.242           22.300         75.57                         
      1.730         10.283          109.947                23.665           25.229           22.300         75.48                         
      1.740         10.284          109.947                23.654           25.215           22.300         75.39                         
      1.750         10.285          109.947                23.643           25.200           22.300         75.29                         
      1.760         10.286          109.948                23.631           25.184           22.300         75.18                         
      1.770         10.288          109.948                23.618           25.167           22.300         75.06                         
      1.780         10.289          109.948                23.604           25.150           22.300         74.94                         
      1.790         10.290          109.948                23.590           25.131           22.300         74.82                         
      1.800         10.292          109.948                23.574           25.111           22.300         74.68                         
      1.810         10.293          109.949                23.558           25.090           22.300         74.55                         
      1.820         10.295          109.949                23.541           25.068           22.300         74.40                         
      1.830         10.296          109.949                23.524           25.045           22.300         74.25                         
      1.840         10.298          109.950                23.505           25.021           22.300         74.10                         
      1.850         10.300          109.950                23.485           24.996           22.300         73.93                         
      1.860         10.302          109.950                23.465           24.969           22.300         73.77                         
      1.870         10.303          109.950                23.444           24.942           22.300         73.59                         
      1.880         10.305          109.951                23.421           24.914           22.300         73.41                         
      1.890         10.307          109.951                23.398           24.884           22.300         73.23                         
      1.900         10.309          109.952                23.374           24.854           22.300         73.04                         
      1.910         10.311          109.952                23.349           24.822           22.300         72.84                         
      1.920         10.314          109.952                23.323           24.789           22.300         72.64                         
      1.930         10.316          109.953                23.296           24.755           22.300         72.44                         
      1.940         10.318          109.953                23.268           24.720           22.300         72.23                         
      1.950         10.320          109.953                23.239           24.683           22.300         72.01                         
      1.960         10.323          109.954                23.209           24.646           22.300         71.79                         
      1.970         10.325          109.954                23.178           24.607           22.300         71.56                         
      1.980         10.327          109.955                23.146           24.567           22.300         71.33                         
      1.990         10.330          109.955                23.113           24.526           22.300         71.09                         
      2.000         10.332          109.956                23.079           24.484           22.300         70.85                         

