  ¬рем€            U                U                Pij              –г               –т г             ”гол рот         ќтн угол U       
                   601              1002             1001             601              601              601              601              
                                                     1002                                                                                 
                                                     1                                                                                    

                    10.500          110.000                10.570           22.100           22.100         45.34                         
      0.010         10.500          110.000                10.570           22.100           22.100         45.34                         
      0.020         10.500          110.000                10.570           22.100           22.100         45.34                         
      0.030         10.500          110.000                10.570           22.100           22.100         45.34                         
      0.040         10.500          110.000                10.570           22.100           22.100         45.34                         
      0.050         10.500          110.000                10.570           22.100           22.100         45.34                         
      0.060         10.500          110.000                10.570           22.100           22.100         45.34                         
      0.070         10.500          110.000                10.570           22.100           22.100         45.34                         
      0.080         10.500          110.000                10.570           22.100           22.100         45.34                         
      0.090         10.500          110.000                10.570           22.100           22.100         45.34                         
      0.100         10.500          110.000                10.570           22.100           22.100         45.34                         
      0.110         10.500          110.000                10.570           22.100           22.100         45.34                         
      0.120         10.500          110.000                10.570           22.100           22.100         45.34                         
      0.130         10.500          110.000                10.570           22.100           22.100         45.34                         
      0.140         10.500          110.000                10.570           22.100           22.100         45.34                         
      0.150         10.500          110.000                10.570           22.100           22.100         45.34                         
      0.160         10.500          110.000                10.570           22.100           22.100         45.34                         
      0.170         10.500          110.000                10.570           22.100           22.100         45.34                         
      0.180         10.500          110.000                10.570           22.100           22.100         45.34                         
      0.190         10.500          110.000                10.570           22.100           22.100         45.34                         
      0.200         10.500          110.000                10.570           22.100           22.100         45.34                         
      0.200         10.556          109.998                17.375           18.004           22.100         45.34                         
      0.210         10.556          109.998                17.377           18.006           22.100         45.34                         
      0.220         10.556          109.998                17.381           18.011           22.100         45.36                         
      0.230         10.555          109.998                17.388           18.018           22.100         45.38                         
      0.240         10.555          109.998                17.398           18.029           22.100         45.42                         
      0.250         10.555          109.998                17.411           18.043           22.100         45.46                         
      0.260         10.555          109.998                17.426           18.060           22.100         45.51                         
      0.270         10.554          109.998                17.444           18.080           22.100         45.57                         
      0.280         10.554          109.997                17.465           18.102           22.100         45.64                         
      0.290         10.553          109.997                17.489           18.128           22.100         45.72                         
      0.300         10.552          109.997                17.515           18.156           22.100         45.81                         
      0.310         10.552          109.997                17.543           18.187           22.100         45.91                         
      0.320         10.551          109.997                17.574           18.221           22.100         46.01                         
      0.330         10.550          109.997                17.608           18.257           22.100         46.13                         
      0.340         10.549          109.997                17.643           18.296           22.100         46.25                         
      0.350         10.548          109.996                17.682           18.338           22.100         46.38                         
      0.360         10.547          109.996                17.722           18.382           22.100         46.52                         
      0.370         10.546          109.996                17.765           18.428           22.100         46.67                         
      0.380         10.545          109.996                17.810           18.477           22.100         46.82                         
      0.390         10.544          109.995                17.857           18.529           22.100         46.99                         
      0.400         10.543          109.995                17.906           18.582           22.100         47.16                         
      0.410         10.541          109.995                17.957           18.638           22.100         47.33                         
      0.420         10.540          109.995                18.010           18.696           22.100         47.52                         
      0.430         10.538          109.994                18.065           18.756           22.100         47.71                         
      0.440         10.537          109.994                18.122           18.818           22.100         47.91                         
      0.450         10.535          109.994                18.180           18.882           22.100         48.12                         
      0.460         10.534          109.993                18.240           18.948           22.100         48.34                         
      0.470         10.532          109.993                18.302           19.016           22.100         48.56                         
      0.480         10.530          109.993                18.366           19.086           22.100         48.78                         
      0.490         10.528          109.992                18.431           19.157           22.100         49.02                         
      0.500         10.527          109.992                18.497           19.230           22.100         49.26                         
      0.510         10.525          109.992                18.564           19.304           22.100         49.50                         
      0.520         10.523          109.991                18.633           19.380           22.100         49.75                         
      0.530         10.521          109.991                18.703           19.457           22.100         50.01                         
      0.540         10.519          109.990                18.775           19.536           22.100         50.27                         
      0.550         10.517          109.990                18.847           19.615           22.100         50.54                         
      0.560         10.514          109.989                18.920           19.696           22.100         50.81                         
      0.570         10.512          109.989                18.994           19.778           22.100         51.09                         
      0.580         10.510          109.989                19.069           19.861           22.100         51.38                         
      0.590         10.508          109.988                19.145           19.945           22.100         51.66                         
      0.600         10.505          109.988                19.221           20.030           22.100         51.96                         
      0.610         10.503          109.987                19.299           20.115           22.100         52.25                         
      0.620         10.500          109.987                19.376           20.201           22.100         52.55                         
      0.630         10.498          109.986                19.454           20.288           22.100         52.86                         
      0.640         10.495          109.986                19.533           20.375           22.100         53.16                         
      0.650         10.493          109.985                19.611           20.463           22.100         53.47                         
      0.660         10.490          109.985                19.690           20.551           22.100         53.79                         
      0.670         10.487          109.984                19.770           20.640           22.100         54.11                         
      0.680         10.485          109.984                19.849           20.728           22.100         54.43                         
      0.690         10.482          109.983                19.928           20.817           22.100         54.75                         
      0.700         10.479          109.983                20.008           20.906           22.100         55.07                         
      0.710         10.476          109.982                20.087           20.995           22.100         55.40                         
      0.720         10.473          109.981                20.166           21.084           22.100         55.73                         
      0.730         10.471          109.981                20.245           21.173           22.100         56.06                         
      0.740         10.468          109.980                20.324           21.262           22.100         56.40                         
      0.750         10.465          109.980                20.402           21.350           22.100         56.73                         
      0.760         10.462          109.979                20.480           21.439           22.100         57.07                         
      0.770         10.459          109.979                20.558           21.526           22.100         57.40                         
      0.780         10.456          109.978                20.635           21.614           22.100         57.74                         
      0.790         10.453          109.977                20.712           21.701           22.100         58.08                         
      0.800         10.450          109.977                20.788           21.787           22.100         58.42                         
      0.810         10.447          109.976                20.863           21.873           22.100         58.76                         
      0.820         10.443          109.976                20.938           21.958           22.100         59.10                         
      0.830         10.440          109.975                21.012           22.043           22.100         59.44                         
      0.840         10.437          109.975                21.085           22.127           22.100         59.78                         
      0.850         10.434          109.974                21.157           22.210           22.100         60.12                         
      0.860         10.431          109.973                21.229           22.292           22.100         60.46                         
      0.870         10.428          109.973                21.300           22.373           22.100         60.80                         
      0.880         10.425          109.972                21.370           22.454           22.100         61.13                         
      0.890         10.422          109.972                21.439           22.533           22.100         61.47                         
      0.900         10.418          109.971                21.507           22.612           22.100         61.80                         
      0.910         10.415          109.970                21.574           22.690           22.100         62.14                         
      0.920         10.412          109.970                21.640           22.766           22.100         62.47                         
      0.930         10.409          109.969                21.705           22.842           22.100         62.80                         
      0.940         10.406          109.969                21.768           22.916           22.100         63.13                         
      0.950         10.403          109.968                21.831           22.989           22.100         63.45                         
      0.960         10.399          109.968                21.893           23.061           22.100         63.78                         
      0.970         10.396          109.967                21.953           23.132           22.100         64.10                         
      0.980         10.393          109.966                22.013           23.202           22.100         64.42                         
      0.990         10.390          109.966                22.071           23.271           22.100         64.73                         
      1.000         10.387          109.965                22.128           23.338           22.100         65.05                         
      1.010         10.384          109.965                22.184           23.404           22.100         65.36                         
      1.020         10.381          109.964                22.239           23.469           22.100         65.67                         
      1.030         10.378          109.964                22.292           23.533           22.100         65.97                         
      1.040         10.375          109.963                22.345           23.595           22.100         66.27                         
      1.050         10.372          109.963                22.396           23.656           22.100         66.57                         
      1.060         10.369          109.962                22.446           23.716           22.100         66.86                         
      1.070         10.366          109.961                22.495           23.774           22.100         67.15                         
      1.080         10.363          109.961                22.542           23.831           22.100         67.44                         
      1.090         10.360          109.960                22.589           23.887           22.100         67.72                         
      1.100         10.358          109.960                22.634           23.942           22.100         68.00                         
      1.110         10.355          109.959                22.678           23.995           22.100         68.27                         
      1.120         10.352          109.959                22.721           24.047           22.100         68.54                         
      1.130         10.349          109.958                22.763           24.097           22.100         68.81                         
      1.140         10.347          109.958                22.803           24.146           22.100         69.07                         
      1.150         10.344          109.958                22.842           24.194           22.100         69.33                         
      1.160         10.341          109.957                22.881           24.241           22.100         69.58                         
      1.170         10.339          109.957                22.918           24.286           22.100         69.82                         
      1.180         10.336          109.956                22.954           24.331           22.100         70.07                         
      1.190         10.334          109.956                22.988           24.373           22.100         70.30                         
      1.200         10.331          109.955                23.022           24.415           22.100         70.53                         
      1.210         10.329          109.955                23.054           24.455           22.100         70.76                         
      1.220         10.327          109.954                23.086           24.494           22.100         70.98                         
      1.230         10.325          109.954                23.116           24.532           22.100         71.20                         
      1.240         10.322          109.954                23.146           24.568           22.100         71.41                         
      1.250         10.320          109.953                23.174           24.603           22.100         71.61                         
      1.260         10.318          109.953                23.201           24.637           22.100         71.81                         
      1.270         10.316          109.953                23.227           24.670           22.100         72.01                         
      1.280         10.314          109.952                23.252           24.702           22.100         72.19                         
      1.290         10.312          109.952                23.276           24.732           22.100         72.38                         
      1.300         10.310          109.952                23.300           24.761           22.100         72.55                         
      1.310         10.308          109.951                23.322           24.789           22.100         72.72                         
      1.320         10.307          109.951                23.343           24.816           22.100         72.89                         
      1.330         10.305          109.951                23.363           24.842           22.100         73.04                         
      1.340         10.303          109.950                23.383           24.867           22.100         73.20                         
      1.350         10.302          109.950                23.401           24.890           22.100         73.34                         
      1.360         10.300          109.950                23.418           24.912           22.100         73.48                         
      1.370         10.299          109.950                23.435           24.934           22.100         73.62                         
      1.380         10.297          109.949                23.451           24.954           22.100         73.75                         
      1.390         10.296          109.949                23.466           24.973           22.100         73.87                         
      1.400         10.295          109.949                23.480           24.991           22.100         73.98                         
      1.410         10.294          109.949                23.493           25.008           22.100         74.09                         
      1.420         10.293          109.949                23.505           25.024           22.100         74.19                         
      1.430         10.292          109.948                23.516           25.038           22.100         74.29                         
      1.440         10.291          109.948                23.527           25.052           22.100         74.38                         
      1.450         10.290          109.948                23.537           25.065           22.100         74.46                         
      1.460         10.289          109.948                23.546           25.076           22.100         74.54                         
      1.470         10.288          109.948                23.554           25.087           22.100         74.61                         
      1.480         10.288          109.948                23.561           25.097           22.100         74.67                         
      1.490         10.287          109.948                23.568           25.105           22.100         74.73                         
      1.500         10.286          109.947                23.574           25.113           22.100         74.78                         
      1.510         10.286          109.947                23.579           25.119           22.100         74.83                         
      1.520         10.285          109.947                23.583           25.125           22.100         74.86                         
      1.530         10.285          109.947                23.587           25.130           22.100         74.89                         
      1.540         10.285          109.947                23.590           25.133           22.100         74.92                         
      1.550         10.285          109.947                23.592           25.136           22.100         74.94                         
      1.560         10.285          109.947                23.593           25.138           22.100         74.95                         
      1.570         10.284          109.947                23.594           25.138           22.100         74.95                         
      1.580         10.285          109.947                23.593           25.138           22.100         74.95                         
      1.590         10.285          109.947                23.592           25.137           22.100         74.94                         
      1.600         10.285          109.947                23.591           25.135           22.100         74.93                         
      1.610         10.285          109.947                23.588           25.131           22.100         74.90                         
      1.620         10.285          109.947                23.585           25.127           22.100         74.88                         
      1.630         10.286          109.947                23.581           25.122           22.100         74.84                         
      1.640         10.286          109.947                23.576           25.116           22.100         74.80                         
      1.650         10.287          109.947                23.571           25.109           22.100         74.75                         
      1.660         10.287          109.948                23.564           25.100           22.100         74.70                         
      1.670         10.288          109.948                23.557           25.091           22.100         74.64                         
      1.680         10.289          109.948                23.549           25.081           22.100         74.57                         
      1.690         10.289          109.948                23.541           25.070           22.100         74.50                         
      1.700         10.290          109.948                23.531           25.058           22.100         74.42                         
      1.710         10.291          109.948                23.521           25.045           22.100         74.33                         
      1.720         10.292          109.948                23.510           25.030           22.100         74.24                         
      1.730         10.293          109.949                23.498           25.015           22.100         74.14                         
      1.740         10.294          109.949                23.486           24.999           22.100         74.03                         
      1.750         10.296          109.949                23.472           24.981           22.100         73.92                         
      1.760         10.297          109.949                23.458           24.963           22.100         73.80                         
      1.770         10.298          109.949                23.443           24.944           22.100         73.68                         
      1.780         10.300          109.950                23.427           24.923           22.100         73.55                         
      1.790         10.301          109.950                23.410           24.901           22.100         73.41                         
      1.800         10.303          109.950                23.392           24.879           22.100         73.27                         
      1.810         10.304          109.951                23.373           24.855           22.100         73.12                         
      1.820         10.306          109.951                23.354           24.830           22.100         72.97                         
      1.830         10.307          109.951                23.333           24.804           22.100         72.81                         
      1.840         10.309          109.951                23.312           24.777           22.100         72.65                         
      1.850         10.311          109.952                23.290           24.749           22.100         72.48                         
      1.860         10.313          109.952                23.266           24.720           22.100         72.30                         
      1.870         10.315          109.952                23.242           24.689           22.100         72.12                         
      1.880         10.317          109.953                23.217           24.657           22.100         71.93                         
      1.890         10.319          109.953                23.191           24.625           22.100         71.74                         
      1.900         10.321          109.953                23.163           24.591           22.100         71.54                         
      1.910         10.323          109.954                23.135           24.555           22.100         71.33                         
      1.920         10.325          109.954                23.106           24.519           22.100         71.12                         
      1.930         10.328          109.955                23.076           24.482           22.100         70.91                         
      1.940         10.330          109.955                23.045           24.443           22.100         70.69                         
      1.950         10.332          109.955                23.012           24.403           22.100         70.47                         
      1.960         10.335          109.956                22.979           24.362           22.100         70.24                         
      1.970         10.337          109.956                22.945           24.319           22.100         70.01                         
      1.980         10.339          109.957                22.909           24.276           22.100         69.77                         
      1.990         10.342          109.957                22.872           24.231           22.100         69.52                         
      2.000         10.344          109.958                22.835           24.185           22.100         69.28                         

