  ¬рем€            U                U                Pij              –г               –т г             ”гол рот         ќтн угол U       
                   601              1002             1001             601              601              601              601              
                                                     1002                                                                                 
                                                     1                                                                                    

                    10.500          110.000                10.435           21.800           21.800         44.62                         
      0.010         10.500          110.000                10.435           21.800           21.800         44.62                         
      0.020         10.500          110.000                10.435           21.800           21.800         44.62                         
      0.030         10.500          110.000                10.435           21.800           21.800         44.62                         
      0.040         10.500          110.000                10.435           21.800           21.800         44.62                         
      0.050         10.500          110.000                10.435           21.800           21.800         44.62                         
      0.060         10.500          110.000                10.435           21.800           21.800         44.62                         
      0.070         10.500          110.000                10.435           21.800           21.800         44.62                         
      0.080         10.500          110.000                10.435           21.800           21.800         44.62                         
      0.090         10.500          110.000                10.435           21.800           21.800         44.62                         
      0.100         10.500          110.000                10.435           21.800           21.800         44.62                         
      0.110         10.500          110.000                10.435           21.800           21.800         44.62                         
      0.120         10.500          110.000                10.435           21.800           21.800         44.62                         
      0.130         10.500          110.000                10.435           21.800           21.800         44.62                         
      0.140         10.500          110.000                10.435           21.800           21.800         44.62                         
      0.150         10.500          110.000                10.435           21.800           21.800         44.62                         
      0.160         10.500          110.000                10.435           21.800           21.800         44.62                         
      0.170         10.500          110.000                10.435           21.800           21.800         44.62                         
      0.180         10.500          110.000                10.435           21.800           21.800         44.62                         
      0.190         10.500          110.000                10.435           21.800           21.800         44.62                         
      0.200         10.500          110.000                10.435           21.800           21.800         44.62                         
      0.200         10.554          109.998                17.148           17.759           21.800         44.62                         
      0.210         10.554          109.998                17.150           17.760           21.800         44.63                         
      0.220         10.554          109.998                17.154           17.765           21.800         44.64                         
      0.230         10.554          109.998                17.161           17.773           21.800         44.66                         
      0.240         10.554          109.998                17.171           17.783           21.800         44.70                         
      0.250         10.554          109.997                17.184           17.797           21.800         44.74                         
      0.260         10.553          109.997                17.199           17.814           21.800         44.79                         
      0.270         10.553          109.997                17.217           17.833           21.800         44.85                         
      0.280         10.552          109.997                17.238           17.856           21.800         44.92                         
      0.290         10.552          109.997                17.262           17.881           21.800         45.00                         
      0.300         10.551          109.997                17.287           17.909           21.800         45.09                         
      0.310         10.550          109.997                17.316           17.940           21.800         45.18                         
      0.320         10.550          109.997                17.347           17.974           21.800         45.29                         
      0.330         10.549          109.996                17.380           18.010           21.800         45.40                         
      0.340         10.548          109.996                17.416           18.049           21.800         45.52                         
      0.350         10.547          109.996                17.454           18.091           21.800         45.65                         
      0.360         10.546          109.996                17.495           18.135           21.800         45.79                         
      0.370         10.545          109.996                17.537           18.181           21.800         45.93                         
      0.380         10.544          109.995                17.582           18.230           21.800         46.09                         
      0.390         10.543          109.995                17.629           18.281           21.800         46.25                         
      0.400         10.542          109.995                17.678           18.334           21.800         46.41                         
      0.410         10.540          109.995                17.729           18.390           21.800         46.59                         
      0.420         10.539          109.994                17.782           18.448           21.800         46.77                         
      0.430         10.538          109.994                17.837           18.508           21.800         46.96                         
      0.440         10.536          109.994                17.894           18.570           21.800         47.16                         
      0.450         10.535          109.994                17.952           18.634           21.800         47.37                         
      0.460         10.533          109.993                18.012           18.699           21.800         47.58                         
      0.470         10.531          109.993                18.074           18.767           21.800         47.79                         
      0.480         10.530          109.993                18.138           18.836           21.800         48.02                         
      0.490         10.528          109.992                18.202           18.907           21.800         48.25                         
      0.500         10.526          109.992                18.269           18.980           21.800         48.48                         
      0.510         10.524          109.991                18.336           19.054           21.800         48.73                         
      0.520         10.522          109.991                18.405           19.130           21.800         48.97                         
      0.530         10.520          109.991                18.475           19.207           21.800         49.23                         
      0.540         10.518          109.990                18.547           19.285           21.800         49.49                         
      0.550         10.516          109.990                18.619           19.365           21.800         49.75                         
      0.560         10.514          109.989                18.692           19.445           21.800         50.02                         
      0.570         10.512          109.989                18.766           19.527           21.800         50.29                         
      0.580         10.510          109.989                18.841           19.610           21.800         50.57                         
      0.590         10.508          109.988                18.917           19.694           21.800         50.86                         
      0.600         10.505          109.988                18.994           19.778           21.800         51.14                         
      0.610         10.503          109.987                19.071           19.863           21.800         51.43                         
      0.620         10.501          109.987                19.148           19.949           21.800         51.73                         
      0.630         10.498          109.986                19.227           20.036           21.800         52.03                         
      0.640         10.496          109.986                19.305           20.123           21.800         52.33                         
      0.650         10.493          109.985                19.384           20.211           21.800         52.64                         
      0.660         10.491          109.985                19.463           20.299           21.800         52.95                         
      0.670         10.488          109.984                19.542           20.387           21.800         53.26                         
      0.680         10.485          109.984                19.622           20.476           21.800         53.57                         
      0.690         10.483          109.983                19.702           20.565           21.800         53.89                         
      0.700         10.480          109.983                19.781           20.654           21.800         54.21                         
      0.710         10.477          109.982                19.861           20.743           21.800         54.53                         
      0.720         10.475          109.982                19.940           20.832           21.800         54.86                         
      0.730         10.472          109.981                20.019           20.920           21.800         55.18                         
      0.740         10.469          109.981                20.098           21.009           21.800         55.51                         
      0.750         10.466          109.980                20.177           21.098           21.800         55.84                         
      0.760         10.463          109.979                20.255           21.186           21.800         56.17                         
      0.770         10.460          109.979                20.333           21.274           21.800         56.50                         
      0.780         10.457          109.978                20.411           21.361           21.800         56.83                         
      0.790         10.454          109.978                20.488           21.448           21.800         57.16                         
      0.800         10.452          109.977                20.564           21.534           21.800         57.50                         
      0.810         10.449          109.977                20.640           21.620           21.800         57.83                         
      0.820         10.446          109.976                20.715           21.706           21.800         58.16                         
      0.830         10.443          109.976                20.789           21.790           21.800         58.50                         
      0.840         10.440          109.975                20.863           21.874           21.800         58.83                         
      0.850         10.437          109.974                20.936           21.957           21.800         59.16                         
      0.860         10.433          109.974                21.008           22.040           21.800         59.49                         
      0.870         10.430          109.973                21.079           22.121           21.800         59.82                         
      0.880         10.427          109.973                21.149           22.202           21.800         60.15                         
      0.890         10.424          109.972                21.219           22.281           21.800         60.48                         
      0.900         10.421          109.972                21.287           22.360           21.800         60.81                         
      0.910         10.418          109.971                21.354           22.438           21.800         61.14                         
      0.920         10.415          109.970                21.421           22.514           21.800         61.46                         
      0.930         10.412          109.970                21.486           22.590           21.800         61.78                         
      0.940         10.409          109.969                21.551           22.665           21.800         62.10                         
      0.950         10.406          109.969                21.614           22.738           21.800         62.42                         
      0.960         10.403          109.968                21.676           22.810           21.800         62.74                         
      0.970         10.400          109.968                21.737           22.881           21.800         63.05                         
      0.980         10.397          109.967                21.797           22.951           21.800         63.36                         
      0.990         10.394          109.966                21.856           23.020           21.800         63.67                         
      1.000         10.391          109.966                21.913           23.087           21.800         63.97                         
      1.010         10.388          109.965                21.970           23.154           21.800         64.27                         
      1.020         10.385          109.965                22.025           23.219           21.800         64.57                         
      1.030         10.382          109.964                22.079           23.282           21.800         64.87                         
      1.040         10.380          109.964                22.132           23.345           21.800         65.16                         
      1.050         10.377          109.963                22.184           23.406           21.800         65.45                         
      1.060         10.374          109.963                22.234           23.466           21.800         65.73                         
      1.070         10.371          109.962                22.284           23.524           21.800         66.01                         
      1.080         10.368          109.962                22.332           23.582           21.800         66.29                         
      1.090         10.366          109.961                22.379           23.637           21.800         66.56                         
      1.100         10.363          109.961                22.424           23.692           21.800         66.83                         
      1.110         10.360          109.960                22.469           23.745           21.800         67.10                         
      1.120         10.358          109.960                22.512           23.797           21.800         67.36                         
      1.130         10.355          109.959                22.554           23.848           21.800         67.61                         
      1.140         10.353          109.959                22.595           23.897           21.800         67.86                         
      1.150         10.350          109.959                22.635           23.945           21.800         68.11                         
      1.160         10.348          109.958                22.673           23.992           21.800         68.35                         
      1.170         10.345          109.958                22.711           24.037           21.800         68.59                         
      1.180         10.343          109.957                22.747           24.081           21.800         68.82                         
      1.190         10.340          109.957                22.782           24.124           21.800         69.04                         
      1.200         10.338          109.956                22.816           24.165           21.800         69.26                         
      1.210         10.336          109.956                22.849           24.205           21.800         69.48                         
      1.220         10.334          109.956                22.881           24.244           21.800         69.69                         
      1.230         10.332          109.955                22.911           24.281           21.800         69.89                         
      1.240         10.330          109.955                22.941           24.318           21.800         70.09                         
      1.250         10.328          109.955                22.969           24.352           21.800         70.29                         
      1.260         10.326          109.954                22.996           24.386           21.800         70.47                         
      1.270         10.324          109.954                23.023           24.419           21.800         70.66                         
      1.280         10.322          109.954                23.048           24.450           21.800         70.83                         
      1.290         10.320          109.953                23.072           24.480           21.800         71.00                         
      1.300         10.318          109.953                23.095           24.509           21.800         71.17                         
      1.310         10.317          109.953                23.117           24.536           21.800         71.33                         
      1.320         10.315          109.952                23.138           24.562           21.800         71.48                         
      1.330         10.314          109.952                23.159           24.587           21.800         71.62                         
      1.340         10.312          109.952                23.178           24.611           21.800         71.76                         
      1.350         10.311          109.952                23.196           24.634           21.800         71.90                         
      1.360         10.309          109.951                23.213           24.656           21.800         72.03                         
      1.370         10.308          109.951                23.229           24.676           21.800         72.15                         
      1.380         10.307          109.951                23.245           24.695           21.800         72.26                         
      1.390         10.306          109.951                23.259           24.714           21.800         72.37                         
      1.400         10.305          109.950                23.273           24.731           21.800         72.47                         
      1.410         10.304          109.950                23.285           24.746           21.800         72.57                         
      1.420         10.303          109.950                23.297           24.761           21.800         72.66                         
      1.430         10.302          109.950                23.308           24.775           21.800         72.74                         
      1.440         10.301          109.950                23.317           24.787           21.800         72.82                         
      1.450         10.300          109.950                23.326           24.799           21.800         72.89                         
      1.460         10.300          109.950                23.335           24.809           21.800         72.95                         
      1.470         10.299          109.949                23.342           24.818           21.800         73.01                         
      1.480         10.298          109.949                23.348           24.826           21.800         73.06                         
      1.490         10.298          109.949                23.354           24.834           21.800         73.10                         
      1.500         10.298          109.949                23.359           24.840           21.800         73.14                         
      1.510         10.297          109.949                23.362           24.844           21.800         73.17                         
      1.520         10.297          109.949                23.365           24.848           21.800         73.20                         
      1.530         10.297          109.949                23.368           24.851           21.800         73.21                         
      1.540         10.297          109.949                23.369           24.853           21.800         73.22                         
      1.550         10.297          109.949                23.369           24.853           21.800         73.23                         
      1.560         10.297          109.949                23.369           24.853           21.800         73.23                         
      1.570         10.297          109.949                23.368           24.852           21.800         73.22                         
      1.580         10.297          109.949                23.366           24.849           21.800         73.20                         
      1.590         10.297          109.949                23.363           24.846           21.800         73.18                         
      1.600         10.297          109.949                23.360           24.841           21.800         73.15                         
      1.610         10.298          109.949                23.355           24.835           21.800         73.11                         
      1.620         10.298          109.949                23.350           24.828           21.800         73.07                         
      1.630         10.299          109.949                23.344           24.821           21.800         73.02                         
      1.640         10.299          109.950                23.337           24.812           21.800         72.97                         
      1.650         10.300          109.950                23.329           24.802           21.800         72.91                         
      1.660         10.301          109.950                23.320           24.791           21.800         72.84                         
      1.670         10.302          109.950                23.310           24.778           21.800         72.76                         
      1.680         10.302          109.950                23.300           24.765           21.800         72.68                         
      1.690         10.303          109.950                23.288           24.751           21.800         72.60                         
      1.700         10.304          109.950                23.276           24.735           21.800         72.50                         
      1.710         10.305          109.951                23.263           24.719           21.800         72.40                         
      1.720         10.307          109.951                23.249           24.701           21.800         72.30                         
      1.730         10.308          109.951                23.234           24.682           21.800         72.18                         
      1.740         10.309          109.951                23.218           24.662           21.800         72.07                         
      1.750         10.310          109.951                23.202           24.641           21.800         71.94                         
      1.760         10.312          109.952                23.184           24.619           21.800         71.81                         
      1.770         10.313          109.952                23.165           24.596           21.800         71.67                         
      1.780         10.315          109.952                23.146           24.571           21.800         71.53                         
      1.790         10.316          109.952                23.125           24.546           21.800         71.38                         
      1.800         10.318          109.953                23.104           24.519           21.800         71.23                         
      1.810         10.319          109.953                23.081           24.491           21.800         71.07                         
      1.820         10.321          109.953                23.058           24.462           21.800         70.90                         
      1.830         10.323          109.954                23.033           24.432           21.800         70.73                         
      1.840         10.325          109.954                23.008           24.400           21.800         70.55                         
      1.850         10.327          109.954                22.981           24.367           21.800         70.37                         
      1.860         10.329          109.955                22.954           24.334           21.800         70.18                         
      1.870         10.331          109.955                22.925           24.298           21.800         69.99                         
      1.880         10.333          109.955                22.896           24.262           21.800         69.79                         
      1.890         10.335          109.956                22.865           24.225           21.800         69.58                         
      1.900         10.337          109.956                22.833           24.186           21.800         69.37                         
      1.910         10.339          109.957                22.800           24.146           21.800         69.16                         
      1.920         10.342          109.957                22.766           24.104           21.800         68.94                         
      1.930         10.344          109.957                22.732           24.062           21.800         68.72                         
      1.940         10.346          109.958                22.696           24.018           21.800         68.49                         
      1.950         10.349          109.958                22.658           23.973           21.800         68.25                         
      1.960         10.351          109.959                22.620           23.927           21.800         68.02                         
      1.970         10.353          109.959                22.581           23.880           21.800         67.77                         
      1.980         10.356          109.960                22.540           23.831           21.800         67.53                         
      1.990         10.358          109.960                22.499           23.781           21.800         67.28                         
      2.000         10.361          109.960                22.456           23.730           21.800         67.02                         

