  ¬рем€            U                U                Pij              –г               –т г             ”гол рот         ќтн угол U       
                   601              1002             1001             601              601              601              601              
                                                     1002                                                                                 
                                                     1                                                                                    

                    10.500          110.000                10.389           21.700           21.700         44.38                         
      0.010         10.500          110.000                10.389           21.700           21.700         44.38                         
      0.020         10.500          110.000                10.389           21.700           21.700         44.38                         
      0.030         10.500          110.000                10.389           21.700           21.700         44.38                         
      0.040         10.500          110.000                10.389           21.700           21.700         44.38                         
      0.050         10.500          110.000                10.389           21.700           21.700         44.38                         
      0.060         10.500          110.000                10.389           21.700           21.700         44.38                         
      0.070         10.500          110.000                10.389           21.700           21.700         44.38                         
      0.080         10.500          110.000                10.389           21.700           21.700         44.38                         
      0.090         10.500          110.000                10.389           21.700           21.700         44.38                         
      0.100         10.500          110.000                10.389           21.700           21.700         44.38                         
      0.110         10.500          110.000                10.389           21.700           21.700         44.38                         
      0.120         10.500          110.000                10.389           21.700           21.700         44.38                         
      0.130         10.500          110.000                10.389           21.700           21.700         44.38                         
      0.140         10.500          110.000                10.389           21.700           21.700         44.38                         
      0.150         10.500          110.000                10.389           21.700           21.700         44.38                         
      0.160         10.500          110.000                10.389           21.700           21.700         44.38                         
      0.170         10.500          110.000                10.389           21.700           21.700         44.38                         
      0.180         10.500          110.000                10.389           21.700           21.700         44.38                         
      0.190         10.500          110.000                10.389           21.700           21.700         44.38                         
      0.200         10.500          110.000                10.389           21.700           21.700         44.38                         
      0.200         10.554          109.998                17.073           17.677           21.700         44.38                         
      0.210         10.554          109.998                17.074           17.678           21.700         44.39                         
      0.220         10.554          109.998                17.078           17.683           21.700         44.40                         
      0.230         10.554          109.997                17.086           17.691           21.700         44.43                         
      0.240         10.553          109.997                17.096           17.701           21.700         44.46                         
      0.250         10.553          109.997                17.108           17.715           21.700         44.50                         
      0.260         10.553          109.997                17.124           17.732           21.700         44.55                         
      0.270         10.552          109.997                17.142           17.751           21.700         44.61                         
      0.280         10.552          109.997                17.162           17.774           21.700         44.68                         
      0.290         10.551          109.997                17.186           17.799           21.700         44.76                         
      0.300         10.551          109.997                17.212           17.827           21.700         44.85                         
      0.310         10.550          109.997                17.240           17.858           21.700         44.94                         
      0.320         10.549          109.997                17.271           17.892           21.700         45.05                         
      0.330         10.549          109.996                17.304           17.928           21.700         45.16                         
      0.340         10.548          109.996                17.340           17.967           21.700         45.28                         
      0.350         10.547          109.996                17.378           18.008           21.700         45.41                         
      0.360         10.546          109.996                17.419           18.052           21.700         45.54                         
      0.370         10.545          109.996                17.461           18.098           21.700         45.69                         
      0.380         10.544          109.995                17.506           18.147           21.700         45.84                         
      0.390         10.542          109.995                17.553           18.198           21.700         46.00                         
      0.400         10.541          109.995                17.602           18.252           21.700         46.17                         
      0.410         10.540          109.995                17.653           18.307           21.700         46.34                         
      0.420         10.539          109.994                17.706           18.365           21.700         46.53                         
      0.430         10.537          109.994                17.761           18.425           21.700         46.72                         
      0.440         10.536          109.994                17.818           18.487           21.700         46.91                         
      0.450         10.534          109.994                17.876           18.551           21.700         47.12                         
      0.460         10.533          109.993                17.936           18.616           21.700         47.33                         
      0.470         10.531          109.993                17.998           18.684           21.700         47.54                         
      0.480         10.529          109.993                18.061           18.753           21.700         47.76                         
      0.490         10.528          109.992                18.126           18.824           21.700         47.99                         
      0.500         10.526          109.992                18.192           18.897           21.700         48.23                         
      0.510         10.524          109.991                18.260           18.971           21.700         48.47                         
      0.520         10.522          109.991                18.329           19.046           21.700         48.72                         
      0.530         10.520          109.991                18.399           19.123           21.700         48.97                         
      0.540         10.518          109.990                18.470           19.201           21.700         49.23                         
      0.550         10.516          109.990                18.542           19.281           21.700         49.49                         
      0.560         10.514          109.989                18.616           19.362           21.700         49.76                         
      0.570         10.512          109.989                18.690           19.443           21.700         50.03                         
      0.580         10.510          109.989                18.765           19.526           21.700         50.31                         
      0.590         10.508          109.988                18.841           19.610           21.700         50.59                         
      0.600         10.505          109.988                18.917           19.694           21.700         50.87                         
      0.610         10.503          109.987                18.994           19.779           21.700         51.16                         
      0.620         10.501          109.987                19.072           19.865           21.700         51.46                         
      0.630         10.498          109.986                19.150           19.952           21.700         51.76                         
      0.640         10.496          109.986                19.229           20.039           21.700         52.06                         
      0.650         10.493          109.985                19.308           20.127           21.700         52.36                         
      0.660         10.491          109.985                19.387           20.215           21.700         52.67                         
      0.670         10.488          109.984                19.466           20.303           21.700         52.98                         
      0.680         10.486          109.984                19.546           20.391           21.700         53.29                         
      0.690         10.483          109.983                19.626           20.480           21.700         53.61                         
      0.700         10.480          109.983                19.705           20.569           21.700         53.93                         
      0.710         10.478          109.982                19.785           20.658           21.700         54.25                         
      0.720         10.475          109.982                19.864           20.747           21.700         54.57                         
      0.730         10.472          109.981                19.943           20.836           21.700         54.89                         
      0.740         10.469          109.981                20.023           20.924           21.700         55.22                         
      0.750         10.467          109.980                20.101           21.013           21.700         55.54                         
      0.760         10.464          109.980                20.180           21.101           21.700         55.87                         
      0.770         10.461          109.979                20.258           21.189           21.700         56.20                         
      0.780         10.458          109.978                20.335           21.276           21.700         56.53                         
      0.790         10.455          109.978                20.412           21.363           21.700         56.86                         
      0.800         10.452          109.977                20.489           21.450           21.700         57.19                         
      0.810         10.449          109.977                20.565           21.536           21.700         57.52                         
      0.820         10.446          109.976                20.640           21.621           21.700         57.85                         
      0.830         10.443          109.976                20.714           21.705           21.700         58.18                         
      0.840         10.440          109.975                20.788           21.789           21.700         58.51                         
      0.850         10.437          109.975                20.861           21.872           21.700         58.84                         
      0.860         10.434          109.974                20.933           21.955           21.700         59.17                         
      0.870         10.431          109.973                21.004           22.036           21.700         59.50                         
      0.880         10.428          109.973                21.075           22.117           21.700         59.83                         
      0.890         10.425          109.972                21.144           22.197           21.700         60.15                         
      0.900         10.422          109.972                21.213           22.275           21.700         60.48                         
      0.910         10.419          109.971                21.281           22.353           21.700         60.80                         
      0.920         10.416          109.971                21.347           22.430           21.700         61.12                         
      0.930         10.413          109.970                21.413           22.505           21.700         61.44                         
      0.940         10.410          109.969                21.477           22.580           21.700         61.76                         
      0.950         10.407          109.969                21.541           22.653           21.700         62.08                         
      0.960         10.404          109.968                21.603           22.726           21.700         62.39                         
      0.970         10.401          109.968                21.664           22.797           21.700         62.70                         
      0.980         10.398          109.967                21.724           22.867           21.700         63.01                         
      0.990         10.395          109.967                21.783           22.936           21.700         63.31                         
      1.000         10.393          109.966                21.841           23.003           21.700         63.62                         
      1.010         10.390          109.966                21.897           23.069           21.700         63.92                         
      1.020         10.387          109.965                21.953           23.134           21.700         64.21                         
      1.030         10.384          109.965                22.007           23.198           21.700         64.50                         
      1.040         10.381          109.964                22.060           23.260           21.700         64.79                         
      1.050         10.378          109.964                22.112           23.322           21.700         65.08                         
      1.060         10.375          109.963                22.163           23.381           21.700         65.36                         
      1.070         10.373          109.963                22.212           23.440           21.700         65.64                         
      1.080         10.370          109.962                22.260           23.497           21.700         65.91                         
      1.090         10.367          109.962                22.307           23.553           21.700         66.18                         
      1.100         10.365          109.961                22.353           23.608           21.700         66.45                         
      1.110         10.362          109.961                22.398           23.661           21.700         66.71                         
      1.120         10.360          109.960                22.441           23.713           21.700         66.96                         
      1.130         10.357          109.960                22.483           23.763           21.700         67.22                         
      1.140         10.354          109.959                22.524           23.813           21.700         67.46                         
      1.150         10.352          109.959                22.564           23.861           21.700         67.71                         
      1.160         10.350          109.958                22.603           23.907           21.700         67.94                         
      1.170         10.347          109.958                22.640           23.952           21.700         68.18                         
      1.180         10.345          109.958                22.677           23.996           21.700         68.40                         
      1.190         10.343          109.957                22.712           24.039           21.700         68.63                         
      1.200         10.340          109.957                22.746           24.080           21.700         68.84                         
      1.210         10.338          109.956                22.779           24.120           21.700         69.06                         
      1.220         10.336          109.956                22.810           24.159           21.700         69.26                         
      1.230         10.334          109.956                22.841           24.196           21.700         69.46                         
      1.240         10.332          109.955                22.871           24.232           21.700         69.66                         
      1.250         10.330          109.955                22.899           24.267           21.700         69.85                         
      1.260         10.328          109.955                22.926           24.301           21.700         70.03                         
      1.270         10.326          109.954                22.953           24.333           21.700         70.21                         
      1.280         10.325          109.954                22.978           24.364           21.700         70.38                         
      1.290         10.323          109.954                23.002           24.394           21.700         70.55                         
      1.300         10.321          109.953                23.025           24.422           21.700         70.71                         
      1.310         10.319          109.953                23.047           24.450           21.700         70.87                         
      1.320         10.318          109.953                23.068           24.476           21.700         71.01                         
      1.330         10.316          109.952                23.088           24.501           21.700         71.16                         
      1.340         10.315          109.952                23.107           24.524           21.700         71.29                         
      1.350         10.314          109.952                23.125           24.547           21.700         71.42                         
      1.360         10.312          109.952                23.142           24.568           21.700         71.55                         
      1.370         10.311          109.952                23.158           24.588           21.700         71.66                         
      1.380         10.310          109.951                23.174           24.607           21.700         71.77                         
      1.390         10.309          109.951                23.188           24.625           21.700         71.88                         
      1.400         10.308          109.951                23.201           24.642           21.700         71.98                         
      1.410         10.307          109.951                23.213           24.657           21.700         72.07                         
      1.420         10.306          109.951                23.225           24.672           21.700         72.16                         
      1.430         10.305          109.951                23.235           24.685           21.700         72.23                         
      1.440         10.304          109.950                23.245           24.697           21.700         72.31                         
      1.450         10.304          109.950                23.254           24.708           21.700         72.37                         
      1.460         10.303          109.950                23.261           24.718           21.700         72.43                         
      1.470         10.302          109.950                23.268           24.726           21.700         72.48                         
      1.480         10.302          109.950                23.274           24.734           21.700         72.53                         
      1.490         10.302          109.950                23.280           24.741           21.700         72.57                         
      1.500         10.301          109.950                23.284           24.746           21.700         72.60                         
      1.510         10.301          109.950                23.287           24.750           21.700         72.63                         
      1.520         10.301          109.950                23.290           24.754           21.700         72.65                         
      1.530         10.301          109.950                23.292           24.756           21.700         72.66                         
      1.540         10.300          109.950                23.292           24.757           21.700         72.67                         
      1.550         10.300          109.950                23.292           24.757           21.700         72.67                         
      1.560         10.301          109.950                23.292           24.756           21.700         72.66                         
      1.570         10.301          109.950                23.290           24.753           21.700         72.65                         
      1.580         10.301          109.950                23.287           24.750           21.700         72.63                         
      1.590         10.301          109.950                23.284           24.746           21.700         72.60                         
      1.600         10.302          109.950                23.279           24.740           21.700         72.57                         
      1.610         10.302          109.950                23.274           24.734           21.700         72.53                         
      1.620         10.302          109.950                23.268           24.726           21.700         72.48                         
      1.630         10.303          109.950                23.261           24.717           21.700         72.43                         
      1.640         10.304          109.950                23.253           24.707           21.700         72.37                         
      1.650         10.304          109.950                23.245           24.697           21.700         72.30                         
      1.660         10.305          109.951                23.235           24.684           21.700         72.23                         
      1.670         10.306          109.951                23.225           24.671           21.700         72.15                         
      1.680         10.307          109.951                23.213           24.657           21.700         72.07                         
      1.690         10.308          109.951                23.201           24.642           21.700         71.98                         
      1.700         10.309          109.951                23.188           24.625           21.700         71.88                         
      1.710         10.310          109.951                23.174           24.607           21.700         71.78                         
      1.720         10.311          109.952                23.159           24.589           21.700         71.66                         
      1.730         10.312          109.952                23.143           24.569           21.700         71.55                         
      1.740         10.314          109.952                23.126           24.548           21.700         71.43                         
      1.750         10.315          109.952                23.108           24.525           21.700         71.30                         
      1.760         10.316          109.952                23.089           24.502           21.700         71.16                         
      1.770         10.318          109.953                23.069           24.477           21.700         71.02                         
      1.780         10.319          109.953                23.048           24.451           21.700         70.87                         
      1.790         10.321          109.953                23.027           24.425           21.700         70.72                         
      1.800         10.323          109.954                23.004           24.396           21.700         70.56                         
      1.810         10.324          109.954                22.980           24.367           21.700         70.40                         
      1.820         10.326          109.954                22.955           24.337           21.700         70.23                         
      1.830         10.328          109.955                22.930           24.305           21.700         70.05                         
      1.840         10.330          109.955                22.903           24.272           21.700         69.87                         
      1.850         10.332          109.955                22.875           24.238           21.700         69.69                         
      1.860         10.334          109.956                22.846           24.202           21.700         69.50                         
      1.870         10.336          109.956                22.816           24.166           21.700         69.30                         
      1.880         10.338          109.956                22.785           24.128           21.700         69.10                         
      1.890         10.340          109.957                22.753           24.089           21.700         68.89                         
      1.900         10.342          109.957                22.720           24.049           21.700         68.68                         
      1.910         10.344          109.957                22.685           24.007           21.700         68.46                         
      1.920         10.347          109.958                22.650           23.964           21.700         68.24                         
      1.930         10.349          109.958                22.614           23.920           21.700         68.01                         
      1.940         10.351          109.959                22.576           23.875           21.700         67.78                         
      1.950         10.354          109.959                22.537           23.828           21.700         67.54                         
      1.960         10.356          109.960                22.498           23.781           21.700         67.30                         
      1.970         10.359          109.960                22.457           23.732           21.700         67.06                         
      1.980         10.361          109.960                22.415           23.681           21.700         66.81                         
      1.990         10.364          109.961                22.372           23.630           21.700         66.55                         
      2.000         10.366          109.961                22.327           23.577           21.700         66.30                         

