  ¬рем€            U                U                Pij              –г               –т г             ”гол рот         ќтн угол U       
                   601              1002             1001             601              601              601              601              
                                                     1002                                                                                 
                                                     1                                                                                    

                    10.500          110.000                13.243           28.200           28.200         61.66                         
      0.010         10.500          110.000                13.243           28.200           28.200         61.66                         
      0.020         10.500          110.000                13.243           28.200           28.200         61.66                         
      0.030         10.500          110.000                13.243           28.200           28.200         61.66                         
      0.040         10.500          110.000                13.243           28.200           28.200         61.66                         
      0.050         10.500          110.000                13.243           28.200           28.200         61.66                         
      0.060         10.500          110.000                13.243           28.200           28.200         61.66                         
      0.070         10.500          110.000                13.243           28.200           28.200         61.66                         
      0.080         10.500          110.000                13.243           28.200           28.200         61.66                         
      0.090         10.500          110.000                13.243           28.200           28.200         61.66                         
      0.100         10.500          110.000                13.243           28.200           28.200         61.66                         
      0.110         10.500          110.000                13.243           28.200           28.200         61.66                         
      0.120         10.500          110.000                13.243           28.200           28.200         61.66                         
      0.130         10.500          110.000                13.243           28.200           28.200         61.66                         
      0.140         10.500          110.000                13.243           28.200           28.200         61.66                         
      0.150         10.500          110.000                13.243           28.200           28.200         61.66                         
      0.160         10.500          110.000                13.243           28.200           28.200         61.66                         
      0.170         10.500          110.000                13.243           28.200           28.200         61.66                         
      0.180         10.500          110.000                13.243           28.200           28.200         61.66                         
      0.190         10.500          110.000                13.243           28.200           28.200         61.66                         
      0.200         10.500          110.000                13.243           28.200           28.200         61.66                         
      0.200         10.591          110.004                21.898           23.022           28.200         61.66                         
      0.210         10.591          110.004                21.899           23.023           28.200         61.67                         
      0.220         10.591          110.004                21.903           23.028           28.200         61.68                         
      0.230         10.591          110.004                21.909           23.035           28.200         61.72                         
      0.240         10.590          110.003                21.918           23.045           28.200         61.76                         
      0.250         10.590          110.003                21.929           23.058           28.200         61.81                         
      0.260         10.589          110.003                21.942           23.074           28.200         61.88                         
      0.270         10.588          110.003                21.958           23.092           28.200         61.96                         
      0.280         10.587          110.003                21.977           23.113           28.200         62.05                         
      0.290         10.586          110.003                21.997           23.137           28.200         62.15                         
      0.300         10.585          110.003                22.020           23.163           28.200         62.26                         
      0.310         10.584          110.002                22.045           23.192           28.200         62.38                         
      0.320         10.583          110.002                22.072           23.224           28.200         62.52                         
      0.330         10.582          110.002                22.101           23.257           28.200         62.66                         
      0.340         10.580          110.002                22.132           23.294           28.200         62.82                         
      0.350         10.578          110.001                22.165           23.332           28.200         62.98                         
      0.360         10.577          110.001                22.200           23.373           28.200         63.16                         
      0.370         10.575          110.001                22.237           23.416           28.200         63.35                         
      0.380         10.573          110.000                22.275           23.461           28.200         63.55                         
      0.390         10.571          110.000                22.316           23.508           28.200         63.76                         
      0.400         10.569          109.999                22.358           23.557           28.200         63.97                         
      0.410         10.567          109.999                22.401           23.609           28.200         64.20                         
      0.420         10.564          109.999                22.446           23.662           28.200         64.44                         
      0.430         10.562          109.998                22.493           23.716           28.200         64.69                         
      0.440         10.559          109.998                22.541           23.773           28.200         64.95                         
      0.450         10.557          109.997                22.590           23.831           28.200         65.22                         
      0.460         10.554          109.997                22.641           23.891           28.200         65.49                         
      0.470         10.551          109.996                22.692           23.952           28.200         65.78                         
      0.480         10.548          109.996                22.745           24.014           28.200         66.07                         
      0.490         10.545          109.995                22.798           24.078           28.200         66.38                         
      0.500         10.542          109.995                22.853           24.143           28.200         66.69                         
      0.510         10.539          109.994                22.908           24.209           28.200         67.01                         
      0.520         10.535          109.993                22.964           24.276           28.200         67.34                         
      0.530         10.532          109.993                23.021           24.345           28.200         67.68                         
      0.540         10.529          109.992                23.078           24.414           28.200         68.03                         
      0.550         10.525          109.991                23.136           24.483           28.200         68.38                         
      0.560         10.521          109.991                23.194           24.554           28.200         68.74                         
      0.570         10.517          109.990                23.252           24.625           28.200         69.11                         
      0.580         10.514          109.989                23.311           24.697           28.200         69.49                         
      0.590         10.510          109.989                23.370           24.769           28.200         69.88                         
      0.600         10.505          109.988                23.429           24.841           28.200         70.27                         
      0.610         10.501          109.987                23.487           24.913           28.200         70.67                         
      0.620         10.497          109.986                23.546           24.986           28.200         71.07                         
      0.630         10.493          109.986                23.605           25.059           28.200         71.48                         
      0.640         10.488          109.985                23.663           25.132           28.200         71.90                         
      0.650         10.484          109.984                23.721           25.204           28.200         72.33                         
      0.660         10.479          109.983                23.778           25.277           28.200         72.76                         
      0.670         10.475          109.982                23.835           25.349           28.200         73.20                         
      0.680         10.470          109.982                23.891           25.421           28.200         73.64                         
      0.690         10.465          109.981                23.947           25.492           28.200         74.09                         
      0.700         10.460          109.980                24.002           25.563           28.200         74.54                         
      0.710         10.455          109.979                24.055           25.633           28.200         75.00                         
      0.720         10.450          109.978                24.109           25.703           28.200         75.47                         
      0.730         10.445          109.977                24.161           25.772           28.200         75.94                         
      0.740         10.440          109.976                24.212           25.840           28.200         76.42                         
      0.750         10.434          109.975                24.262           25.907           28.200         76.90                         
      0.760         10.429          109.974                24.310           25.973           28.200         77.38                         
      0.770         10.424          109.973                24.358           26.038           28.200         77.87                         
      0.780         10.418          109.972                24.404           26.102           28.200         78.37                         
      0.790         10.413          109.972                24.449           26.164           28.200         78.86                         
      0.800         10.407          109.971                24.492           26.226           28.200         79.37                         
      0.810         10.401          109.970                24.534           26.286           28.200         79.87                         
      0.820         10.396          109.969                24.574           26.345           28.200         80.38                         
      0.830         10.390          109.968                24.613           26.402           28.200         80.90                         
      0.840         10.384          109.967                24.650           26.457           28.200         81.41                         
      0.850         10.378          109.966                24.685           26.512           28.200         81.94                         
      0.860         10.372          109.965                24.719           26.564           28.200         82.46                         
      0.870         10.366          109.964                24.750           26.615           28.200         82.99                         
      0.880         10.360          109.963                24.780           26.664           28.200         83.52                         
      0.890         10.354          109.962                24.808           26.712           28.200         84.05                         
      0.900         10.348          109.961                24.834           26.757           28.200         84.59                         
      0.910         10.342          109.959                24.858           26.801           28.200         85.13                         
      0.920         10.335          109.958                24.880           26.843           28.200         85.67                         
      0.930         10.329          109.957                24.900           26.882           28.200         86.22                         
      0.940         10.323          109.956                24.918           26.920           28.200         86.77                         
      0.950         10.316          109.955                24.933           26.956           28.200         87.32                         
      0.960         10.310          109.954                24.947           26.990           28.200         87.87                         
      0.970         10.303          109.953                24.958           27.021           28.200         88.43                         
      0.980         10.297          109.952                24.967           27.051           28.200         88.98                         
      0.990         10.290          109.951                24.974           27.078           28.200         89.54                         
      1.000         10.284          109.950                24.978           27.103           28.200         90.11                         
      1.010         10.277          109.949                24.980           27.126           28.200         90.67                         
      1.020         10.270          109.948                24.980           27.146           28.200         91.24                         
      1.030         10.263          109.947                24.978           27.165           28.200         91.81                         
      1.040         10.257          109.946                24.972           27.181           28.200         92.38                         
      1.050         10.250          109.944                24.965           27.194           28.200         92.95                         
      1.060         10.243          109.943                24.955           27.205           28.200         93.53                         
      1.070         10.236          109.942                24.943           27.214           28.200         94.10                         
      1.080         10.229          109.941                24.928           27.220           28.200         94.68                         
      1.090         10.222          109.940                24.910           27.224           28.200         95.26                         
      1.100         10.216          109.939                24.890           27.225           28.200         95.85                         
      1.110         10.209          109.938                24.868           27.224           28.200         96.43                         
      1.120         10.202          109.937                24.843           27.220           28.200         97.02                         
      1.130         10.195          109.936                24.815           27.213           28.200         97.61                         
      1.140         10.187          109.935                24.784           27.204           28.200         98.20                         
      1.150         10.180          109.933                24.751           27.193           28.200         98.79                         
      1.160         10.173          109.932                24.715           27.178           28.200         99.39                         
      1.170         10.166          109.931                24.677           27.161           28.200         99.99                         
      1.180         10.159          109.930                24.636           27.142           28.200        100.59                         
      1.190         10.152          109.929                24.591           27.119           28.200        101.19                         
      1.200         10.145          109.928                24.545           27.094           28.200        101.79                         
      1.210         10.137          109.927                24.495           27.066           28.200        102.40                         
      1.220         10.130          109.926                24.442           27.035           28.200        103.01                         
      1.230         10.123          109.925                24.387           27.001           28.200        103.62                         
      1.240         10.115          109.923                24.328           26.965           28.200        104.23                         
      1.250         10.108          109.922                24.267           26.925           28.200        104.85                         
      1.260         10.101          109.921                24.202           26.882           28.200        105.47                         
      1.270         10.093          109.920                24.135           26.837           28.200        106.09                         
      1.280         10.086          109.919                24.064           26.788           28.200        106.72                         
      1.290         10.078          109.918                23.990           26.736           28.200        107.35                         
      1.300         10.071          109.917                23.913           26.681           28.200        107.98                         
      1.310         10.064          109.916                23.833           26.623           28.200        108.61                         
      1.320         10.056          109.914                23.749           26.562           28.200        109.25                         
      1.330         10.048          109.913                23.663           26.497           28.200        109.90                         
      1.340         10.041          109.912                23.572           26.429           28.200        110.54                         
      1.350         10.033          109.911                23.479           26.357           28.200        111.19                         
      1.360         10.026          109.910                23.381           26.282           28.200        111.85                         
      1.370         10.018          109.909                23.280           26.204           28.200        112.50                         
      1.380         10.010          109.908                23.176           26.121           28.200        113.17                         
      1.390         10.002          109.907                23.067           26.035           28.200        113.83                         
      1.400          9.995          109.906                22.955           25.946           28.200        114.51                         
      1.410          9.987          109.904                22.839           25.852           28.200        115.18                         
      1.420          9.979          109.903                22.719           25.754           28.200        115.87                         
      1.430          9.971          109.902                22.595           25.653           28.200        116.56                         
      1.440          9.963          109.901                22.466           25.547           28.200        117.25                         
      1.450          9.955          109.900                22.333           25.437           28.200        117.95                         
      1.460          9.947          109.899                22.196           25.322           28.200        118.66                         
      1.470          9.939          109.898                22.054           25.203           28.200        119.37                         
      1.480          9.931          109.897                21.908           25.079           28.200        120.09                         
      1.490          9.923          109.895                21.756           24.951           28.200        120.81                         
      1.500          9.915          109.894                21.600           24.818           28.200        121.55                         
      1.510          9.906          109.893                21.439           24.679           28.200        122.29                         
      1.520          9.898          109.892                21.272           24.536           28.200        123.04                         
      1.530          9.890          109.891                21.100           24.387           28.200        123.80                         
      1.540          9.882          109.890                20.923           24.232           28.200        124.56                         
      1.550          9.873          109.889                20.739           24.072           28.200        125.34                         
      1.560          9.865          109.887                20.550           23.906           28.200        126.12                         
      1.570          9.856          109.886                20.355           23.734           28.200        126.92                         
      1.580          9.848          109.885                20.153           23.556           28.200        127.72                         
      1.590          9.839          109.884                19.945           23.371           28.200        128.53                         
      1.600          9.831          109.883                19.730           23.180           28.200        129.36                         
      1.610          9.822          109.882                19.508           22.982           28.200        130.20                         
      1.620          9.813          109.881                19.279           22.776           28.200        131.04                         
      1.630          9.805          109.880                19.043           22.563           28.200        131.91                         
      1.640          9.796          109.878                18.799           22.343           28.200        132.78                         
      1.650          9.787          109.877                18.547           22.114           28.200        133.67                         
      1.660          9.778          109.876                18.286           21.877           28.200        134.57                         
      1.670          9.769          109.875                18.017           21.632           28.200        135.48                         
      1.680          9.760          109.874                17.740           21.378           28.200        136.41                         
      1.690          9.752          109.873                17.453           21.114           28.200        137.35                         
      1.700          9.743          109.872                17.156           20.841           28.200        138.32                         
      1.710          9.734          109.871                16.850           20.559           28.200        139.29                         
      1.720          9.725          109.870                16.533           20.265           28.200        140.29                         
      1.730          9.715          109.869                16.206           19.962           28.200        141.30                         
      1.740          9.706          109.867                15.868           19.647           28.200        142.33                         
      1.750          9.697          109.866                15.519           19.321           28.200        143.38                         
      1.760          9.688          109.865                15.158           18.983           28.200        144.45                         
      1.770          9.679          109.864                14.784           18.632           28.200        145.54                         
      1.780          9.670          109.863                14.399           18.269           28.200        146.66                         
      1.790          9.661          109.862                14.000           17.892           28.200        147.79                         
      1.800          9.652          109.861                13.587           17.502           28.200        148.95                         
      1.810          9.643          109.860                13.161           17.097           28.200        150.13                         
      1.820          9.634          109.860                12.720           16.678           28.200        151.34                         
      1.830          9.626          109.859                12.264           16.243           28.200        152.57                         
      1.840          9.617          109.858                11.792           15.792           28.200        153.83                         
      1.850          9.608          109.857                11.305           15.325           28.200        155.12                         
      1.860          9.600          109.856                10.801           14.841           28.200        156.44                         
      1.870          9.592          109.855                10.280           14.339           28.200        157.79                         
      1.880          9.583          109.855                 9.742           13.819           28.200        159.17                         
      1.890          9.575          109.854                 9.186           13.280           28.200        160.58                         
      1.900          9.568          109.853                 8.611           12.722           28.200        162.02                         
      1.910          9.560          109.853                 8.017           12.144           28.200        163.50                         
      1.920          9.553          109.852                 7.403           11.545           28.200        165.02                         
      1.930          9.546          109.852                 6.770           10.926           28.200        166.57                         
      1.940          9.539          109.852                 6.116           10.284           28.200        168.16                         
      1.950          9.533          109.851                 5.441            9.621           28.200        169.80                         
      1.960          9.527          109.851                 4.745            8.934           28.200        171.47                         
      1.970          9.522          109.851                 4.027            8.225           28.200        173.19                         
      1.980          9.517          109.851                 3.288            7.492           28.200        174.95                         
      1.990          9.513          109.851                 2.526            6.735           28.200        176.77                         
      2.000          9.510          109.851                 1.742            5.954           28.200        178.62                         

