  ¬рем€            U                U                Pij              –г               –т г             ”гол рот         ќтн угол U       
                   601              1002             1001             601              601              601              601              
                                                     1002                                                                                 
                                                     1                                                                                    

                    10.500          110.000                12.733           27.000           27.000         58.10                         
      0.010         10.500          110.000                12.733           27.000           27.000         58.10                         
      0.020         10.500          110.000                12.733           27.000           27.000         58.10                         
      0.030         10.500          110.000                12.733           27.000           27.000         58.10                         
      0.040         10.500          110.000                12.733           27.000           27.000         58.10                         
      0.050         10.500          110.000                12.733           27.000           27.000         58.10                         
      0.060         10.500          110.000                12.733           27.000           27.000         58.10                         
      0.070         10.500          110.000                12.733           27.000           27.000         58.10                         
      0.080         10.500          110.000                12.733           27.000           27.000         58.10                         
      0.090         10.500          110.000                12.733           27.000           27.000         58.10                         
      0.100         10.500          110.000                12.733           27.000           27.000         58.10                         
      0.110         10.500          110.000                12.733           27.000           27.000         58.10                         
      0.120         10.500          110.000                12.733           27.000           27.000         58.10                         
      0.130         10.500          110.000                12.733           27.000           27.000         58.10                         
      0.140         10.500          110.000                12.733           27.000           27.000         58.10                         
      0.150         10.500          110.000                12.733           27.000           27.000         58.10                         
      0.160         10.500          110.000                12.733           27.000           27.000         58.10                         
      0.170         10.500          110.000                12.733           27.000           27.000         58.10                         
      0.180         10.500          110.000                12.733           27.000           27.000         58.10                         
      0.190         10.500          110.000                12.733           27.000           27.000         58.10                         
      0.200         10.500          110.000                12.733           27.000           27.000         58.10                         
      0.200         10.583          110.002                21.025           22.031           27.000         58.10                         
      0.210         10.583          110.002                21.026           22.033           27.000         58.11                         
      0.220         10.582          110.002                21.031           22.037           27.000         58.13                         
      0.230         10.582          110.002                21.037           22.045           27.000         58.15                         
      0.240         10.582          110.002                21.046           22.055           27.000         58.20                         
      0.250         10.581          110.002                21.058           22.069           27.000         58.25                         
      0.260         10.581          110.002                21.073           22.085           27.000         58.31                         
      0.270         10.580          110.002                21.089           22.104           27.000         58.39                         
      0.280         10.579          110.002                21.109           22.126           27.000         58.47                         
      0.290         10.578          110.001                21.131           22.151           27.000         58.57                         
      0.300         10.577          110.001                21.155           22.179           27.000         58.67                         
      0.310         10.576          110.001                21.181           22.209           27.000         58.79                         
      0.320         10.575          110.001                21.210           22.241           27.000         58.92                         
      0.330         10.574          110.001                21.241           22.277           27.000         59.06                         
      0.340         10.573          110.000                21.274           22.315           27.000         59.21                         
      0.350         10.571          110.000                21.309           22.355           27.000         59.37                         
      0.360         10.569          110.000                21.346           22.397           27.000         59.54                         
      0.370         10.568          109.999                21.386           22.442           27.000         59.72                         
      0.380         10.566          109.999                21.427           22.490           27.000         59.91                         
      0.390         10.564          109.999                21.470           22.539           27.000         60.11                         
      0.400         10.562          109.998                21.515           22.591           27.000         60.32                         
      0.410         10.560          109.998                21.562           22.644           27.000         60.54                         
      0.420         10.558          109.998                21.610           22.700           27.000         60.77                         
      0.430         10.556          109.997                21.660           22.757           27.000         61.00                         
      0.440         10.554          109.997                21.711           22.817           27.000         61.25                         
      0.450         10.551          109.996                21.764           22.878           27.000         61.51                         
      0.460         10.549          109.996                21.819           22.941           27.000         61.77                         
      0.470         10.546          109.995                21.874           23.005           27.000         62.04                         
      0.480         10.543          109.995                21.931           23.071           27.000         62.32                         
      0.490         10.541          109.994                21.989           23.139           27.000         62.61                         
      0.500         10.538          109.994                22.048           23.207           27.000         62.91                         
      0.510         10.535          109.993                22.108           23.277           27.000         63.22                         
      0.520         10.532          109.993                22.169           23.349           27.000         63.53                         
      0.530         10.529          109.992                22.231           23.421           27.000         63.85                         
      0.540         10.526          109.992                22.294           23.494           27.000         64.18                         
      0.550         10.522          109.991                22.357           23.569           27.000         64.52                         
      0.560         10.519          109.990                22.421           23.644           27.000         64.86                         
      0.570         10.515          109.990                22.485           23.720           27.000         65.21                         
      0.580         10.512          109.989                22.550           23.796           27.000         65.57                         
      0.590         10.508          109.988                22.615           23.874           27.000         65.93                         
      0.600         10.505          109.988                22.680           23.951           27.000         66.30                         
      0.610         10.501          109.987                22.746           24.029           27.000         66.68                         
      0.620         10.497          109.986                22.811           24.108           27.000         67.06                         
      0.630         10.493          109.986                22.877           24.187           27.000         67.45                         
      0.640         10.489          109.985                22.943           24.266           27.000         67.85                         
      0.650         10.485          109.984                23.008           24.344           27.000         68.25                         
      0.660         10.481          109.983                23.073           24.423           27.000         68.65                         
      0.670         10.477          109.983                23.138           24.502           27.000         69.07                         
      0.680         10.472          109.982                23.203           24.581           27.000         69.48                         
      0.690         10.468          109.981                23.267           24.660           27.000         69.90                         
      0.700         10.464          109.980                23.330           24.738           27.000         70.33                         
      0.710         10.459          109.979                23.393           24.816           27.000         70.76                         
      0.720         10.454          109.979                23.456           24.893           27.000         71.20                         
      0.730         10.450          109.978                23.518           24.970           27.000         71.64                         
      0.740         10.445          109.977                23.578           25.046           27.000         72.08                         
      0.750         10.440          109.976                23.638           25.122           27.000         72.53                         
      0.760         10.436          109.975                23.698           25.197           27.000         72.98                         
      0.770         10.431          109.974                23.756           25.271           27.000         73.43                         
      0.780         10.426          109.974                23.813           25.344           27.000         73.89                         
      0.790         10.421          109.973                23.869           25.416           27.000         74.35                         
      0.800         10.416          109.972                23.924           25.487           27.000         74.82                         
      0.810         10.411          109.971                23.977           25.558           27.000         75.28                         
      0.820         10.406          109.970                24.030           25.627           27.000         75.76                         
      0.830         10.401          109.969                24.081           25.695           27.000         76.23                         
      0.840         10.395          109.968                24.131           25.761           27.000         76.70                         
      0.850         10.390          109.967                24.180           25.827           27.000         77.18                         
      0.860         10.385          109.966                24.227           25.891           27.000         77.66                         
      0.870         10.379          109.965                24.272           25.954           27.000         78.15                         
      0.880         10.374          109.965                24.316           26.016           27.000         78.63                         
      0.890         10.369          109.964                24.359           26.076           27.000         79.12                         
      0.900         10.363          109.963                24.400           26.134           27.000         79.60                         
      0.910         10.358          109.962                24.440           26.191           27.000         80.09                         
      0.920         10.352          109.961                24.477           26.247           27.000         80.58                         
      0.930         10.347          109.960                24.514           26.301           27.000         81.08                         
      0.940         10.341          109.959                24.548           26.353           27.000         81.57                         
      0.950         10.335          109.958                24.581           26.404           27.000         82.07                         
      0.960         10.330          109.957                24.612           26.453           27.000         82.56                         
      0.970         10.324          109.956                24.642           26.500           27.000         83.06                         
      0.980         10.318          109.955                24.669           26.546           27.000         83.56                         
      0.990         10.313          109.954                24.695           26.590           27.000         84.06                         
      1.000         10.307          109.953                24.719           26.632           27.000         84.55                         
      1.010         10.301          109.952                24.742           26.673           27.000         85.05                         
      1.020         10.295          109.951                24.762           26.711           27.000         85.56                         
      1.030         10.290          109.950                24.781           26.748           27.000         86.06                         
      1.040         10.284          109.949                24.798           26.783           27.000         86.56                         
      1.050         10.278          109.948                24.813           26.817           27.000         87.06                         
      1.060         10.272          109.947                24.826           26.848           27.000         87.56                         
      1.070         10.266          109.946                24.837           26.878           27.000         88.06                         
      1.080         10.260          109.945                24.847           26.906           27.000         88.56                         
      1.090         10.255          109.944                24.855           26.932           27.000         89.06                         
      1.100         10.249          109.944                24.860           26.956           27.000         89.57                         
      1.110         10.243          109.943                24.864           26.978           27.000         90.07                         
      1.120         10.237          109.942                24.867           26.999           27.000         90.57                         
      1.130         10.231          109.941                24.867           27.017           27.000         91.07                         
      1.140         10.225          109.940                24.865           27.034           27.000         91.57                         
      1.150         10.219          109.939                24.862           27.049           27.000         92.07                         
      1.160         10.213          109.938                24.857           27.062           27.000         92.57                         
      1.170         10.207          109.937                24.850           27.073           27.000         93.08                         
      1.180         10.201          109.936                24.841           27.082           27.000         93.58                         
      1.190         10.195          109.935                24.830           27.090           27.000         94.08                         
      1.200         10.189          109.934                24.817           27.095           27.000         94.58                         
      1.210         10.183          109.933                24.803           27.099           27.000         95.07                         
      1.220         10.178          109.932                24.787           27.101           27.000         95.57                         
      1.230         10.172          109.931                24.769           27.101           27.000         96.07                         
      1.240         10.166          109.930                24.749           27.099           27.000         96.57                         
      1.250         10.160          109.929                24.727           27.096           27.000         97.07                         
      1.260         10.154          109.928                24.704           27.090           27.000         97.57                         
      1.270         10.148          109.927                24.679           27.083           27.000         98.07                         
      1.280         10.142          109.927                24.652           27.074           27.000         98.56                         
      1.290         10.136          109.926                24.623           27.063           27.000         99.06                         
      1.300         10.130          109.925                24.592           27.050           27.000         99.56                         
      1.310         10.124          109.924                24.560           27.036           27.000        100.05                         
      1.320         10.118          109.923                24.526           27.020           27.000        100.55                         
      1.330         10.112          109.922                24.490           27.001           27.000        101.05                         
      1.340         10.106          109.921                24.452           26.981           27.000        101.54                         
      1.350         10.100          109.920                24.413           26.960           27.000        102.04                         
      1.360         10.094          109.919                24.372           26.936           27.000        102.54                         
      1.370         10.089          109.918                24.329           26.911           27.000        103.04                         
      1.380         10.083          109.917                24.284           26.883           27.000        103.53                         
      1.390         10.077          109.916                24.237           26.854           27.000        104.03                         
      1.400         10.071          109.916                24.189           26.824           27.000        104.53                         
      1.410         10.065          109.915                24.138           26.791           27.000        105.03                         
      1.420         10.059          109.914                24.086           26.756           27.000        105.53                         
      1.430         10.053          109.913                24.032           26.720           27.000        106.02                         
      1.440         10.047          109.912                23.977           26.682           27.000        106.52                         
      1.450         10.041          109.911                23.919           26.641           27.000        107.03                         
      1.460         10.035          109.910                23.859           26.599           27.000        107.53                         
      1.470         10.029          109.909                23.798           26.556           27.000        108.03                         
      1.480         10.023          109.908                23.735           26.510           27.000        108.53                         
      1.490         10.017          109.908                23.670           26.462           27.000        109.04                         
      1.500         10.011          109.907                23.603           26.412           27.000        109.54                         
      1.510         10.005          109.906                23.533           26.360           27.000        110.05                         
      1.520          9.999          109.905                23.462           26.307           27.000        110.56                         
      1.530          9.993          109.904                23.389           26.251           27.000        111.07                         
      1.540          9.987          109.903                23.314           26.193           27.000        111.58                         
      1.550          9.981          109.902                23.237           26.133           27.000        112.10                         
      1.560          9.975          109.901                23.157           26.071           27.000        112.61                         
      1.570          9.969          109.901                23.076           26.007           27.000        113.13                         
      1.580          9.963          109.900                22.992           25.941           27.000        113.65                         
      1.590          9.957          109.899                22.906           25.872           27.000        114.17                         
      1.600          9.951          109.898                22.818           25.801           27.000        114.70                         
      1.610          9.945          109.897                22.727           25.728           27.000        115.23                         
      1.620          9.939          109.896                22.634           25.653           27.000        115.76                         
      1.630          9.933          109.895                22.539           25.575           27.000        116.29                         
      1.640          9.927          109.894                22.441           25.494           27.000        116.83                         
      1.650          9.920          109.894                22.341           25.412           27.000        117.37                         
      1.660          9.914          109.893                22.238           25.326           27.000        117.91                         
      1.670          9.908          109.892                22.132           25.238           27.000        118.46                         
      1.680          9.902          109.891                22.023           25.147           27.000        119.02                         
      1.690          9.896          109.890                21.912           25.053           27.000        119.57                         
      1.700          9.889          109.889                21.798           24.957           27.000        120.13                         
      1.710          9.883          109.888                21.681           24.857           27.000        120.70                         
      1.720          9.877          109.888                21.560           24.755           27.000        121.27                         
      1.730          9.870          109.887                21.437           24.649           27.000        121.85                         
      1.740          9.864          109.886                21.310           24.540           27.000        122.43                         
      1.750          9.857          109.885                21.180           24.428           27.000        123.01                         
      1.760          9.851          109.884                21.047           24.313           27.000        123.61                         
      1.770          9.844          109.883                20.909           24.194           27.000        124.20                         
      1.780          9.838          109.882                20.769           24.071           27.000        124.81                         
      1.790          9.831          109.881                20.624           23.945           27.000        125.42                         
      1.800          9.824          109.880                20.475           23.814           27.000        126.04                         
      1.810          9.818          109.880                20.323           23.680           27.000        126.66                         
      1.820          9.811          109.879                20.166           23.542           27.000        127.30                         
      1.830          9.804          109.878                20.005           23.399           27.000        127.94                         
      1.840          9.798          109.877                19.839           23.252           27.000        128.59                         
      1.850          9.791          109.876                19.669           23.100           27.000        129.25                         
      1.860          9.784          109.875                19.493           22.943           27.000        129.91                         
      1.870          9.777          109.874                19.313           22.782           27.000        130.59                         
      1.880          9.770          109.873                19.128           22.615           27.000        131.27                         
      1.890          9.763          109.872                18.937           22.444           27.000        131.97                         
      1.900          9.756          109.871                18.741           22.266           27.000        132.67                         
      1.910          9.749          109.871                18.539           22.083           27.000        133.39                         
      1.920          9.741          109.870                18.331           21.894           27.000        134.12                         
      1.930          9.734          109.869                18.117           21.699           27.000        134.86                         
      1.940          9.727          109.868                17.896           21.498           27.000        135.61                         
      1.950          9.720          109.867                17.669           21.290           27.000        136.37                         
      1.960          9.712          109.866                17.434           21.075           27.000        137.15                         
      1.970          9.705          109.865                17.193           20.853           27.000        137.93                         
      1.980          9.697          109.864                16.944           20.623           27.000        138.74                         
      1.990          9.690          109.863                16.688           20.386           27.000        139.56                         
      2.000          9.682          109.862                16.423           20.141           27.000        140.39                         

