  ¬рем€            U                U                Pij              –г               –т г             ”гол рот         ќтн угол U       
                   601              1002             1001             601              601              601              601              
                                                     1002                                                                                 
                                                     1                                                                                    

                    10.500          110.000                12.560           26.600           26.600         56.95                         
      0.010         10.500          110.000                12.560           26.600           26.600         56.95                         
      0.020         10.500          110.000                12.560           26.600           26.600         56.95                         
      0.030         10.500          110.000                12.560           26.600           26.600         56.95                         
      0.040         10.500          110.000                12.560           26.600           26.600         56.95                         
      0.050         10.500          110.000                12.560           26.600           26.600         56.95                         
      0.060         10.500          110.000                12.560           26.600           26.600         56.95                         
      0.070         10.500          110.000                12.560           26.600           26.600         56.95                         
      0.080         10.500          110.000                12.560           26.600           26.600         56.95                         
      0.090         10.500          110.000                12.560           26.600           26.600         56.95                         
      0.100         10.500          110.000                12.560           26.600           26.600         56.95                         
      0.110         10.500          110.000                12.560           26.600           26.600         56.95                         
      0.120         10.500          110.000                12.560           26.600           26.600         56.95                         
      0.130         10.500          110.000                12.560           26.600           26.600         56.95                         
      0.140         10.500          110.000                12.560           26.600           26.600         56.95                         
      0.150         10.500          110.000                12.560           26.600           26.600         56.95                         
      0.160         10.500          110.000                12.560           26.600           26.600         56.95                         
      0.170         10.500          110.000                12.560           26.600           26.600         56.95                         
      0.180         10.500          110.000                12.560           26.600           26.600         56.95                         
      0.190         10.500          110.000                12.560           26.600           26.600         56.95                         
      0.200         10.500          110.000                12.560           26.600           26.600         56.95                         
      0.200         10.580          110.002                20.733           21.703           26.600         56.95                         
      0.210         10.580          110.002                20.734           21.704           26.600         56.96                         
      0.220         10.580          110.002                20.738           21.709           26.600         56.97                         
      0.230         10.580          110.002                20.745           21.716           26.600         57.00                         
      0.240         10.579          110.002                20.754           21.727           26.600         57.04                         
      0.250         10.579          110.002                20.766           21.741           26.600         57.09                         
      0.260         10.578          110.001                20.781           21.757           26.600         57.16                         
      0.270         10.577          110.001                20.798           21.776           26.600         57.23                         
      0.280         10.577          110.001                20.817           21.799           26.600         57.31                         
      0.290         10.576          110.001                20.840           21.824           26.600         57.41                         
      0.300         10.575          110.001                20.864           21.851           26.600         57.51                         
      0.310         10.574          110.001                20.891           21.882           26.600         57.63                         
      0.320         10.573          110.000                20.920           21.915           26.600         57.76                         
      0.330         10.572          110.000                20.951           21.951           26.600         57.89                         
      0.340         10.570          110.000                20.985           21.989           26.600         58.04                         
      0.350         10.569          110.000                21.021           22.029           26.600         58.20                         
      0.360         10.567          109.999                21.059           22.073           26.600         58.37                         
      0.370         10.566          109.999                21.099           22.118           26.600         58.54                         
      0.380         10.564          109.999                21.141           22.166           26.600         58.73                         
      0.390         10.562          109.998                21.185           22.216           26.600         58.93                         
      0.400         10.560          109.998                21.230           22.268           26.600         59.13                         
      0.410         10.558          109.998                21.278           22.322           26.600         59.35                         
      0.420         10.556          109.997                21.327           22.379           26.600         59.57                         
      0.430         10.554          109.997                21.378           22.437           26.600         59.81                         
      0.440         10.552          109.996                21.430           22.497           26.600         60.05                         
      0.450         10.550          109.996                21.484           22.559           26.600         60.30                         
      0.460         10.547          109.996                21.540           22.622           26.600         60.56                         
      0.470         10.545          109.995                21.596           22.688           26.600         60.83                         
      0.480         10.542          109.995                21.654           22.755           26.600         61.11                         
      0.490         10.539          109.994                21.714           22.823           26.600         61.39                         
      0.500         10.537          109.994                21.774           22.893           26.600         61.68                         
      0.510         10.534          109.993                21.835           22.964           26.600         61.99                         
      0.520         10.531          109.992                21.898           23.036           26.600         62.29                         
      0.530         10.528          109.992                21.961           23.109           26.600         62.61                         
      0.540         10.525          109.991                22.025           23.184           26.600         62.93                         
      0.550         10.522          109.991                22.090           23.259           26.600         63.26                         
      0.560         10.518          109.990                22.155           23.336           26.600         63.60                         
      0.570         10.515          109.990                22.221           23.413           26.600         63.95                         
      0.580         10.512          109.989                22.287           23.491           26.600         64.30                         
      0.590         10.508          109.988                22.354           23.570           26.600         64.65                         
      0.600         10.504          109.988                22.421           23.649           26.600         65.02                         
      0.610         10.501          109.987                22.489           23.728           26.600         65.39                         
      0.620         10.497          109.986                22.556           23.808           26.600         65.76                         
      0.630         10.493          109.986                22.624           23.889           26.600         66.14                         
      0.640         10.489          109.985                22.691           23.969           26.600         66.53                         
      0.650         10.486          109.984                22.759           24.050           26.600         66.92                         
      0.660         10.481          109.983                22.826           24.131           26.600         67.32                         
      0.670         10.477          109.983                22.893           24.211           26.600         67.72                         
      0.680         10.473          109.982                22.960           24.292           26.600         68.13                         
      0.690         10.469          109.981                23.027           24.372           26.600         68.54                         
      0.700         10.465          109.980                23.093           24.453           26.600         68.96                         
      0.710         10.460          109.980                23.158           24.532           26.600         69.38                         
      0.720         10.456          109.979                23.223           24.612           26.600         69.81                         
      0.730         10.452          109.978                23.287           24.691           26.600         70.24                         
      0.740         10.447          109.977                23.351           24.769           26.600         70.67                         
      0.750         10.443          109.976                23.414           24.847           26.600         71.11                         
      0.760         10.438          109.976                23.476           24.924           26.600         71.55                         
      0.770         10.433          109.975                23.537           25.001           26.600         71.99                         
      0.780         10.428          109.974                23.597           25.077           26.600         72.44                         
      0.790         10.424          109.973                23.656           25.151           26.600         72.89                         
      0.800         10.419          109.972                23.714           25.225           26.600         73.34                         
      0.810         10.414          109.971                23.771           25.298           26.600         73.80                         
      0.820         10.409          109.970                23.827           25.370           26.600         74.25                         
      0.830         10.404          109.970                23.882           25.441           26.600         74.71                         
      0.840         10.399          109.969                23.935           25.511           26.600         75.18                         
      0.850         10.394          109.968                23.987           25.579           26.600         75.64                         
      0.860         10.389          109.967                24.038           25.646           26.600         76.11                         
      0.870         10.384          109.966                24.087           25.712           26.600         76.58                         
      0.880         10.379          109.965                24.135           25.777           26.600         77.05                         
      0.890         10.373          109.964                24.182           25.841           26.600         77.52                         
      0.900         10.368          109.963                24.227           25.903           26.600         77.99                         
      0.910         10.363          109.962                24.271           25.963           26.600         78.46                         
      0.920         10.358          109.962                24.313           26.022           26.600         78.94                         
      0.930         10.352          109.961                24.354           26.080           26.600         79.42                         
      0.940         10.347          109.960                24.393           26.136           26.600         79.89                         
      0.950         10.342          109.959                24.430           26.191           26.600         80.37                         
      0.960         10.336          109.958                24.466           26.244           26.600         80.85                         
      0.970         10.331          109.957                24.501           26.295           26.600         81.33                         
      0.980         10.325          109.956                24.533           26.345           26.600         81.81                         
      0.990         10.320          109.955                24.564           26.394           26.600         82.29                         
      1.000         10.315          109.954                24.594           26.440           26.600         82.77                         
      1.010         10.309          109.953                24.621           26.485           26.600         83.25                         
      1.020         10.304          109.952                24.647           26.529           26.600         83.73                         
      1.030         10.298          109.951                24.672           26.571           26.600         84.21                         
      1.040         10.293          109.951                24.694           26.611           26.600         84.69                         
      1.050         10.287          109.950                24.715           26.649           26.600         85.16                         
      1.060         10.281          109.949                24.734           26.686           26.600         85.64                         
      1.070         10.276          109.948                24.752           26.721           26.600         86.12                         
      1.080         10.270          109.947                24.768           26.754           26.600         86.60                         
      1.090         10.265          109.946                24.782           26.786           26.600         87.08                         
      1.100         10.259          109.945                24.795           26.816           26.600         87.56                         
      1.110         10.254          109.944                24.806           26.844           26.600         88.03                         
      1.120         10.248          109.943                24.815           26.870           26.600         88.51                         
      1.130         10.243          109.942                24.822           26.895           26.600         88.98                         
      1.140         10.237          109.941                24.828           26.918           26.600         89.46                         
      1.150         10.231          109.940                24.832           26.940           26.600         89.93                         
      1.160         10.226          109.940                24.835           26.959           26.600         90.40                         
      1.170         10.220          109.939                24.836           26.977           26.600         90.88                         
      1.180         10.215          109.938                24.835           26.994           26.600         91.35                         
      1.190         10.209          109.937                24.833           27.009           26.600         91.82                         
      1.200         10.204          109.936                24.829           27.022           26.600         92.29                         
      1.210         10.198          109.935                24.823           27.033           26.600         92.75                         
      1.220         10.193          109.934                24.816           27.043           26.600         93.22                         
      1.230         10.187          109.933                24.807           27.051           26.600         93.69                         
      1.240         10.182          109.932                24.797           27.058           26.600         94.15                         
      1.250         10.176          109.932                24.785           27.063           26.600         94.61                         
      1.260         10.171          109.931                24.772           27.066           26.600         95.08                         
      1.270         10.165          109.930                24.757           27.068           26.600         95.54                         
      1.280         10.160          109.929                24.740           27.068           26.600         96.00                         
      1.290         10.154          109.928                24.722           27.067           26.600         96.46                         
      1.300         10.149          109.927                24.703           27.064           26.600         96.92                         
      1.310         10.143          109.926                24.682           27.060           26.600         97.37                         
      1.320         10.138          109.926                24.660           27.054           26.600         97.83                         
      1.330         10.132          109.925                24.636           27.047           26.600         98.28                         
      1.340         10.127          109.924                24.611           27.038           26.600         98.74                         
      1.350         10.122          109.923                24.584           27.027           26.600         99.19                         
      1.360         10.116          109.922                24.556           27.015           26.600         99.64                         
      1.370         10.111          109.921                24.526           27.002           26.600        100.09                         
      1.380         10.105          109.921                24.495           26.987           26.600        100.54                         
      1.390         10.100          109.920                24.463           26.971           26.600        100.99                         
      1.400         10.095          109.919                24.429           26.953           26.600        101.44                         
      1.410         10.089          109.918                24.394           26.934           26.600        101.89                         
      1.420         10.084          109.917                24.358           26.914           26.600        102.34                         
      1.430         10.079          109.916                24.320           26.891           26.600        102.78                         
      1.440         10.073          109.916                24.280           26.868           26.600        103.23                         
      1.450         10.068          109.915                24.240           26.843           26.600        103.67                         
      1.460         10.063          109.914                24.198           26.817           26.600        104.12                         
      1.470         10.057          109.913                24.154           26.789           26.600        104.56                         
      1.480         10.052          109.912                24.110           26.760           26.600        105.01                         
      1.490         10.047          109.912                24.064           26.729           26.600        105.45                         
      1.500         10.042          109.911                24.016           26.698           26.600        105.89                         
      1.510         10.036          109.910                23.967           26.664           26.600        106.34                         
      1.520         10.031          109.909                23.917           26.629           26.600        106.78                         
      1.530         10.026          109.908                23.865           26.593           26.600        107.22                         
      1.540         10.021          109.908                23.812           26.556           26.600        107.67                         
      1.550         10.015          109.907                23.758           26.516           26.600        108.11                         
      1.560         10.010          109.906                23.702           26.476           26.600        108.55                         
      1.570         10.005          109.905                23.645           26.434           26.600        109.00                         
      1.580         10.000          109.905                23.586           26.391           26.600        109.44                         
      1.590          9.994          109.904                23.526           26.346           26.600        109.89                         
      1.600          9.989          109.903                23.464           26.299           26.600        110.33                         
      1.610          9.984          109.902                23.401           26.252           26.600        110.78                         
      1.620          9.979          109.902                23.337           26.202           26.600        111.23                         
      1.630          9.973          109.901                23.271           26.151           26.600        111.67                         
      1.640          9.968          109.900                23.203           26.099           26.600        112.12                         
      1.650          9.963          109.899                23.134           26.045           26.600        112.57                         
      1.660          9.958          109.898                23.063           25.989           26.600        113.03                         
      1.670          9.952          109.898                22.991           25.932           26.600        113.48                         
      1.680          9.947          109.897                22.917           25.873           26.600        113.93                         
      1.690          9.942          109.896                22.841           25.812           26.600        114.39                         
      1.700          9.936          109.895                22.763           25.750           26.600        114.85                         
      1.710          9.931          109.895                22.684           25.686           26.600        115.31                         
      1.720          9.926          109.894                22.603           25.620           26.600        115.77                         
      1.730          9.921          109.893                22.520           25.553           26.600        116.24                         
      1.740          9.915          109.892                22.436           25.483           26.600        116.70                         
      1.750          9.910          109.892                22.349           25.412           26.600        117.17                         
      1.760          9.904          109.891                22.260           25.338           26.600        117.65                         
      1.770          9.899          109.890                22.170           25.263           26.600        118.12                         
      1.780          9.894          109.889                22.077           25.186           26.600        118.60                         
      1.790          9.888          109.889                21.982           25.106           26.600        119.08                         
      1.800          9.883          109.888                21.885           25.024           26.600        119.57                         
      1.810          9.877          109.887                21.786           24.941           26.600        120.06                         
      1.820          9.872          109.886                21.684           24.854           26.600        120.55                         
      1.830          9.866          109.886                21.580           24.766           26.600        121.04                         
      1.840          9.861          109.885                21.474           24.675           26.600        121.55                         
      1.850          9.855          109.884                21.365           24.582           26.600        122.05                         
      1.860          9.849          109.883                21.253           24.486           26.600        122.56                         
      1.870          9.844          109.882                21.139           24.387           26.600        123.07                         
      1.880          9.838          109.882                21.022           24.286           26.600        123.59                         
      1.890          9.832          109.881                20.902           24.182           26.600        124.12                         
      1.900          9.827          109.880                20.779           24.075           26.600        124.65                         
      1.910          9.821          109.879                20.653           23.965           26.600        125.19                         
      1.920          9.815          109.879                20.524           23.852           26.600        125.73                         
      1.930          9.809          109.878                20.391           23.735           26.600        126.28                         
      1.940          9.803          109.877                20.255           23.616           26.600        126.83                         
      1.950          9.797          109.876                20.116           23.492           26.600        127.39                         
      1.960          9.791          109.875                19.973           23.366           26.600        127.96                         
      1.970          9.785          109.875                19.826           23.235           26.600        128.54                         
      1.980          9.779          109.874                19.675           23.101           26.600        129.12                         
      1.990          9.773          109.873                19.521           22.963           26.600        129.71                         
      2.000          9.767          109.872                19.362           22.821           26.600        130.31                         

