  ¬рем€            U                U                Pij              –г               –т г             ”гол рот         ќтн угол U       
                   601              1002             1001             601              601              601              601              
                                                     1002                                                                                 
                                                     1                                                                                    

                    10.500          110.000                14.295           30.700           30.700         51.07                         
      0.010         10.500          110.000                14.295           30.700           30.700         51.07                         
      0.020         10.500          110.000                14.295           30.700           30.700         51.07                         
      0.030         10.500          110.000                14.295           30.700           30.700         51.07                         
      0.040         10.500          110.000                14.295           30.700           30.700         51.07                         
      0.050         10.500          110.000                14.295           30.700           30.700         51.07                         
      0.060         10.500          110.000                14.295           30.700           30.700         51.07                         
      0.070         10.500          110.000                14.295           30.700           30.700         51.07                         
      0.080         10.500          110.000                14.295           30.700           30.700         51.07                         
      0.090         10.500          110.000                14.295           30.700           30.700         51.07                         
      0.100         10.500          110.000                14.295           30.700           30.700         51.07                         
      0.100         10.560          109.999                24.960           26.520           30.700         51.07                         
      0.110         10.560          109.999                24.962           26.522           30.700         51.08                         
      0.120         10.560          109.999                24.967           26.528           30.700         51.09                         
      0.130         10.559          109.999                24.975           26.537           30.700         51.12                         
      0.140         10.559          109.999                24.987           26.551           30.700         51.15                         
      0.150         10.559          109.999                25.001           26.568           30.700         51.19                         
      0.160         10.558          109.999                25.019           26.589           30.700         51.25                         
      0.170         10.557          109.999                25.041           26.614           30.700         51.31                         
      0.180         10.557          109.998                25.065           26.642           30.700         51.38                         
      0.190         10.556          109.998                25.092           26.674           30.700         51.46                         
      0.200         10.555          109.998                25.122           26.709           30.700         51.55                         
      0.210         10.554          109.998                25.155           26.748           30.700         51.65                         
      0.220         10.553          109.998                25.191           26.789           30.700         51.76                         
      0.230         10.552          109.997                25.230           26.835           30.700         51.87                         
      0.240         10.550          109.997                25.271           26.883           30.700         52.00                         
      0.250         10.549          109.997                25.315           26.935           30.700         52.13                         
      0.260         10.547          109.997                25.362           26.989           30.700         52.27                         
      0.270         10.546          109.996                25.411           27.047           30.700         52.42                         
      0.280         10.544          109.996                25.463           27.107           30.700         52.58                         
      0.290         10.542          109.996                25.516           27.170           30.700         52.74                         
      0.300         10.541          109.995                25.573           27.236           30.700         52.92                         
      0.310         10.539          109.995                25.631           27.305           30.700         53.10                         
      0.320         10.537          109.994                25.691           27.376           30.700         53.28                         
      0.330         10.535          109.994                25.753           27.449           30.700         53.48                         
      0.340         10.532          109.993                25.818           27.525           30.700         53.68                         
      0.350         10.530          109.993                25.884           27.603           30.700         53.89                         
      0.360         10.528          109.993                25.952           27.684           30.700         54.10                         
      0.370         10.525          109.992                26.021           27.766           30.700         54.32                         
      0.380         10.523          109.992                26.092           27.850           30.700         54.55                         
      0.390         10.520          109.991                26.164           27.936           30.700         54.78                         
      0.400         10.518          109.991                26.238           28.023           30.700         55.02                         
      0.410         10.515          109.990                26.313           28.113           30.700         55.26                         
      0.420         10.512          109.989                26.389           28.204           30.700         55.51                         
      0.430         10.509          109.989                26.466           28.296           30.700         55.77                         
      0.440         10.507          109.988                26.544           28.389           30.700         56.03                         
      0.450         10.504          109.988                26.623           28.484           30.700         56.29                         
      0.460         10.501          109.987                26.703           28.580           30.700         56.56                         
      0.470         10.498          109.986                26.784           28.676           30.700         56.83                         
      0.480         10.494          109.986                26.865           28.774           30.700         57.11                         
      0.490         10.491          109.985                26.946           28.872           30.700         57.39                         
      0.500         10.488          109.985                27.028           28.971           30.700         57.67                         
      0.510         10.485          109.984                27.110           29.071           30.700         57.96                         
      0.520         10.481          109.983                27.192           29.171           30.700         58.25                         
      0.530         10.478          109.983                27.275           29.271           30.700         58.55                         
      0.540         10.474          109.982                27.358           29.372           30.700         58.84                         
      0.550         10.471          109.981                27.440           29.473           30.700         59.14                         
      0.560         10.467          109.981                27.522           29.574           30.700         59.44                         
      0.570         10.464          109.980                27.605           29.675           30.700         59.75                         
      0.580         10.460          109.979                27.687           29.776           30.700         60.05                         
      0.590         10.456          109.978                27.768           29.876           30.700         60.36                         
      0.600         10.453          109.978                27.849           29.977           30.700         60.67                         
      0.610         10.449          109.977                27.930           30.077           30.700         60.98                         
      0.620         10.445          109.976                28.010           30.176           30.700         61.29                         
      0.630         10.441          109.975                28.089           30.275           30.700         61.60                         
      0.640         10.438          109.975                28.168           30.373           30.700         61.91                         
      0.650         10.434          109.974                28.246           30.471           30.700         62.23                         
      0.660         10.430          109.973                28.323           30.568           30.700         62.54                         
      0.670         10.426          109.973                28.400           30.664           30.700         62.85                         
      0.680         10.422          109.972                28.475           30.760           30.700         63.16                         
      0.690         10.418          109.971                28.549           30.854           30.700         63.48                         
      0.700         10.414          109.970                28.623           30.947           30.700         63.79                         
      0.710         10.410          109.970                28.695           31.040           30.700         64.10                         
      0.720         10.407          109.969                28.766           31.131           30.700         64.41                         
      0.730         10.403          109.968                28.836           31.221           30.700         64.72                         
      0.740         10.399          109.967                28.905           31.310           30.700         65.02                         
      0.750         10.395          109.967                28.973           31.397           30.700         65.33                         
      0.760         10.391          109.966                29.040           31.483           30.700         65.63                         
      0.770         10.387          109.965                29.105           31.568           30.700         65.93                         
      0.780         10.383          109.964                29.169           31.652           30.700         66.23                         
      0.790         10.379          109.964                29.232           31.734           30.700         66.53                         
      0.800         10.376          109.963                29.293           31.814           30.700         66.82                         
      0.810         10.372          109.962                29.353           31.894           30.700         67.11                         
      0.820         10.368          109.962                29.412           31.971           30.700         67.40                         
      0.830         10.364          109.961                29.469           32.048           30.700         67.68                         
      0.840         10.361          109.960                29.525           32.122           30.700         67.97                         
      0.850         10.357          109.960                29.580           32.195           30.700         68.24                         
      0.860         10.353          109.959                29.633           32.267           30.700         68.52                         
      0.870         10.350          109.958                29.685           32.337           30.700         68.79                         
      0.880         10.346          109.958                29.735           32.405           30.700         69.06                         
      0.890         10.343          109.957                29.784           32.472           30.700         69.32                         
      0.900         10.339          109.956                29.832           32.537           30.700         69.58                         
      0.910         10.336          109.956                29.878           32.600           30.700         69.83                         
      0.920         10.332          109.955                29.923           32.662           30.700         70.09                         
      0.930         10.329          109.954                29.967           32.722           30.700         70.33                         
      0.940         10.326          109.954                30.009           32.780           30.700         70.57                         
      0.950         10.323          109.953                30.050           32.837           30.700         70.81                         
      0.960         10.320          109.953                30.089           32.892           30.700         71.04                         
      0.970         10.316          109.952                30.128           32.946           30.700         71.27                         
      0.980         10.313          109.952                30.164           32.998           30.700         71.49                         
      0.990         10.310          109.951                30.200           33.048           30.700         71.71                         
      1.000         10.308          109.951                30.234           33.097           30.700         71.92                         
      1.010         10.305          109.950                30.267           33.144           30.700         72.12                         
      1.020         10.302          109.950                30.299           33.189           30.700         72.32                         
      1.030         10.299          109.949                30.330           33.233           30.700         72.52                         
      1.040         10.297          109.949                30.359           33.275           30.700         72.71                         
      1.050         10.294          109.948                30.387           33.315           30.700         72.89                         
      1.060         10.292          109.948                30.414           33.354           30.700         73.07                         
      1.070         10.289          109.947                30.439           33.392           30.700         73.24                         
      1.080         10.287          109.947                30.464           33.428           30.700         73.41                         
      1.090         10.285          109.946                30.487           33.462           30.700         73.57                         
      1.100         10.283          109.946                30.510           33.495           30.700         73.72                         
      1.110         10.281          109.946                30.531           33.526           30.700         73.87                         
      1.120         10.279          109.945                30.551           33.556           30.700         74.01                         
      1.130         10.277          109.945                30.570           33.584           30.700         74.14                         
      1.140         10.275          109.945                30.588           33.611           30.700         74.27                         
      1.150         10.273          109.944                30.605           33.636           30.700         74.39                         
      1.160         10.272          109.944                30.621           33.660           30.700         74.51                         
      1.170         10.270          109.944                30.636           33.682           30.700         74.62                         
      1.180         10.269          109.944                30.649           33.703           30.700         74.72                         
      1.190         10.267          109.943                30.662           33.723           30.700         74.82                         
      1.200         10.266          109.943                30.674           33.741           30.700         74.90                         
      1.210         10.265          109.943                30.685           33.758           30.700         74.99                         
      1.220         10.264          109.943                30.695           33.773           30.700         75.06                         
      1.230         10.263          109.943                30.704           33.787           30.700         75.13                         
      1.240         10.262          109.942                30.712           33.799           30.700         75.19                         
      1.250         10.261          109.942                30.720           33.810           30.700         75.25                         
      1.260         10.261          109.942                30.726           33.820           30.700         75.30                         
      1.270         10.260          109.942                30.731           33.828           30.700         75.34                         
      1.280         10.260          109.942                30.736           33.835           30.700         75.37                         
      1.290         10.259          109.942                30.740           33.841           30.700         75.40                         
      1.300         10.259          109.942                30.742           33.845           30.700         75.42                         
      1.310         10.259          109.942                30.744           33.848           30.700         75.44                         
      1.320         10.258          109.942                30.745           33.849           30.700         75.45                         
      1.330         10.258          109.942                30.745           33.849           30.700         75.45                         
      1.340         10.259          109.942                30.744           33.848           30.700         75.44                         
      1.350         10.259          109.942                30.743           33.846           30.700         75.43                         
      1.360         10.259          109.942                30.740           33.842           30.700         75.41                         
      1.370         10.259          109.942                30.737           33.836           30.700         75.38                         
      1.380         10.260          109.942                30.733           33.830           30.700         75.35                         
      1.390         10.260          109.942                30.727           33.822           30.700         75.31                         
      1.400         10.261          109.942                30.721           33.813           30.700         75.26                         
      1.410         10.262          109.942                30.714           33.802           30.700         75.21                         
      1.420         10.263          109.942                30.706           33.790           30.700         75.15                         
      1.430         10.264          109.943                30.698           33.776           30.700         75.08                         
      1.440         10.265          109.943                30.688           33.762           30.700         75.01                         
      1.450         10.266          109.943                30.677           33.746           30.700         74.93                         
      1.460         10.267          109.943                30.666           33.728           30.700         74.84                         
      1.470         10.268          109.943                30.653           33.709           30.700         74.75                         
      1.480         10.270          109.944                30.640           33.689           30.700         74.65                         
      1.490         10.271          109.944                30.625           33.667           30.700         74.54                         
      1.500         10.273          109.944                30.610           33.644           30.700         74.43                         
      1.510         10.274          109.945                30.593           33.619           30.700         74.31                         
      1.520         10.276          109.945                30.576           33.593           30.700         74.19                         
      1.530         10.278          109.945                30.558           33.566           30.700         74.06                         
      1.540         10.280          109.946                30.538           33.537           30.700         73.92                         
      1.550         10.282          109.946                30.518           33.507           30.700         73.78                         
      1.560         10.284          109.946                30.496           33.475           30.700         73.63                         
      1.570         10.286          109.947                30.473           33.441           30.700         73.47                         
      1.580         10.288          109.947                30.450           33.407           30.700         73.31                         
      1.590         10.291          109.947                30.425           33.370           30.700         73.14                         
      1.600         10.293          109.948                30.399           33.333           30.700         72.97                         
      1.610         10.296          109.948                30.372           33.294           30.700         72.79                         
      1.620         10.298          109.949                30.344           33.253           30.700         72.61                         
      1.630         10.301          109.949                30.314           33.211           30.700         72.42                         
      1.640         10.303          109.950                30.284           33.167           30.700         72.23                         
      1.650         10.306          109.950                30.252           33.121           30.700         72.03                         
      1.660         10.309          109.951                30.219           33.075           30.700         71.82                         
      1.670         10.312          109.951                30.185           33.026           30.700         71.61                         
      1.680         10.315          109.952                30.149           32.976           30.700         71.40                         
      1.690         10.318          109.952                30.113           32.925           30.700         71.18                         
      1.700         10.321          109.953                30.075           32.872           30.700         70.96                         
      1.710         10.324          109.953                30.036           32.818           30.700         70.73                         
      1.720         10.327          109.954                29.996           32.762           30.700         70.50                         
      1.730         10.330          109.955                29.954           32.704           30.700         70.26                         
      1.740         10.333          109.955                29.911           32.645           30.700         70.02                         
      1.750         10.337          109.956                29.867           32.585           30.700         69.77                         
      1.760         10.340          109.956                29.822           32.523           30.700         69.52                         
      1.770         10.343          109.957                29.775           32.459           30.700         69.27                         
      1.780         10.347          109.958                29.728           32.394           30.700         69.02                         
      1.790         10.350          109.958                29.679           32.328           30.700         68.76                         
      1.800         10.354          109.959                29.628           32.260           30.700         68.49                         
      1.810         10.357          109.960                29.577           32.191           30.700         68.23                         
      1.820         10.361          109.960                29.524           32.120           30.700         67.96                         
      1.830         10.364          109.961                29.470           32.048           30.700         67.69                         
      1.840         10.368          109.962                29.415           31.975           30.700         67.41                         
      1.850         10.372          109.962                29.358           31.900           30.700         67.13                         
      1.860         10.375          109.963                29.301           31.824           30.700         66.86                         
      1.870         10.379          109.964                29.242           31.747           30.700         66.57                         
      1.880         10.383          109.964                29.182           31.669           30.700         66.29                         
      1.890         10.386          109.965                29.121           31.589           30.700         66.00                         
      1.900         10.390          109.966                29.059           31.508           30.700         65.72                         
      1.910         10.394          109.966                28.996           31.426           30.700         65.43                         
      1.920         10.397          109.967                28.932           31.343           30.700         65.14                         
      1.930         10.401          109.968                28.866           31.259           30.700         64.85                         
      1.940         10.405          109.968                28.800           31.174           30.700         64.56                         
      1.950         10.408          109.969                28.733           31.088           30.700         64.26                         
      1.960         10.412          109.970                28.665           31.002           30.700         63.97                         
      1.970         10.416          109.971                28.597           30.914           30.700         63.68                         
      1.980         10.419          109.971                28.527           30.826           30.700         63.38                         
      1.990         10.423          109.972                28.457           30.737           30.700         63.09                         
      2.000         10.427          109.973                28.386           30.647           30.700         62.80                         

