  ¬рем€            U                U                Pij              –г               –т г             ”гол рот         ќтн угол U       
                   601              1002             1001             601              601              601              601              
                                                     1002                                                                                 
                                                     1                                                                                    

                    10.500          110.000                13.914           29.800           29.800         49.29                         
      0.010         10.500          110.000                13.914           29.800           29.800         49.29                         
      0.020         10.500          110.000                13.914           29.800           29.800         49.29                         
      0.030         10.500          110.000                13.914           29.800           29.800         49.29                         
      0.040         10.500          110.000                13.914           29.800           29.800         49.29                         
      0.050         10.500          110.000                13.914           29.800           29.800         49.29                         
      0.060         10.500          110.000                13.914           29.800           29.800         49.29                         
      0.070         10.500          110.000                13.914           29.800           29.800         49.29                         
      0.080         10.500          110.000                13.914           29.800           29.800         49.29                         
      0.090         10.500          110.000                13.914           29.800           29.800         49.29                         
      0.100         10.500          110.000                13.914           29.800           29.800         49.29                         
      0.100         10.557          109.999                24.281           25.739           29.800         49.29                         
      0.110         10.557          109.999                24.283           25.741           29.800         49.29                         
      0.120         10.556          109.999                24.288           25.747           29.800         49.31                         
      0.130         10.556          109.998                24.296           25.756           29.800         49.33                         
      0.140         10.556          109.998                24.308           25.770           29.800         49.36                         
      0.150         10.555          109.998                24.323           25.787           29.800         49.41                         
      0.160         10.555          109.998                24.341           25.808           29.800         49.46                         
      0.170         10.554          109.998                24.362           25.833           29.800         49.52                         
      0.180         10.554          109.998                24.387           25.861           29.800         49.59                         
      0.190         10.553          109.998                24.414           25.892           29.800         49.67                         
      0.200         10.552          109.998                24.445           25.928           29.800         49.75                         
      0.210         10.551          109.997                24.478           25.966           29.800         49.85                         
      0.220         10.550          109.997                24.514           26.008           29.800         49.96                         
      0.230         10.549          109.997                24.553           26.053           29.800         50.07                         
      0.240         10.548          109.997                24.595           26.102           29.800         50.19                         
      0.250         10.546          109.996                24.640           26.153           29.800         50.32                         
      0.260         10.545          109.996                24.687           26.208           29.800         50.45                         
      0.270         10.543          109.996                24.736           26.265           29.800         50.60                         
      0.280         10.542          109.995                24.788           26.326           29.800         50.75                         
      0.290         10.540          109.995                24.843           26.389           29.800         50.91                         
      0.300         10.539          109.995                24.899           26.455           29.800         51.08                         
      0.310         10.537          109.994                24.958           26.523           29.800         51.25                         
      0.320         10.535          109.994                25.019           26.595           29.800         51.43                         
      0.330         10.533          109.994                25.082           26.668           29.800         51.62                         
      0.340         10.531          109.993                25.147           26.744           29.800         51.82                         
      0.350         10.529          109.993                25.214           26.822           29.800         52.02                         
      0.360         10.527          109.992                25.282           26.902           29.800         52.23                         
      0.370         10.524          109.992                25.353           26.984           29.800         52.44                         
      0.380         10.522          109.991                25.424           27.069           29.800         52.66                         
      0.390         10.520          109.991                25.498           27.155           29.800         52.88                         
      0.400         10.517          109.990                25.572           27.242           29.800         53.11                         
      0.410         10.515          109.990                25.648           27.332           29.800         53.35                         
      0.420         10.512          109.989                25.725           27.423           29.800         53.59                         
      0.430         10.509          109.989                25.803           27.515           29.800         53.84                         
      0.440         10.507          109.988                25.883           27.609           29.800         54.09                         
      0.450         10.504          109.988                25.963           27.704           29.800         54.34                         
      0.460         10.501          109.987                26.044           27.800           29.800         54.60                         
      0.470         10.498          109.987                26.125           27.897           29.800         54.87                         
      0.480         10.495          109.986                26.207           27.994           29.800         55.13                         
      0.490         10.492          109.985                26.290           28.093           29.800         55.40                         
      0.500         10.489          109.985                26.373           28.192           29.800         55.68                         
      0.510         10.486          109.984                26.457           28.292           29.800         55.95                         
      0.520         10.483          109.984                26.541           28.393           29.800         56.23                         
      0.530         10.480          109.983                26.624           28.493           29.800         56.52                         
      0.540         10.477          109.982                26.708           28.594           29.800         56.80                         
      0.550         10.473          109.982                26.792           28.695           29.800         57.09                         
      0.560         10.470          109.981                26.876           28.797           29.800         57.38                         
      0.570         10.467          109.980                26.960           28.898           29.800         57.67                         
      0.580         10.463          109.980                27.044           28.999           29.800         57.97                         
      0.590         10.460          109.979                27.127           29.100           29.800         58.26                         
      0.600         10.456          109.978                27.210           29.201           29.800         58.56                         
      0.610         10.453          109.978                27.292           29.301           29.800         58.85                         
      0.620         10.449          109.977                27.374           29.401           29.800         59.15                         
      0.630         10.446          109.976                27.455           29.501           29.800         59.45                         
      0.640         10.442          109.976                27.535           29.600           29.800         59.75                         
      0.650         10.439          109.975                27.615           29.698           29.800         60.04                         
      0.660         10.435          109.974                27.694           29.795           29.800         60.34                         
      0.670         10.432          109.973                27.772           29.892           29.800         60.64                         
      0.680         10.428          109.973                27.850           29.988           29.800         60.94                         
      0.690         10.425          109.972                27.926           30.082           29.800         61.23                         
      0.700         10.421          109.971                28.001           30.176           29.800         61.53                         
      0.710         10.417          109.971                28.075           30.269           29.800         61.82                         
      0.720         10.414          109.970                28.149           30.361           29.800         62.12                         
      0.730         10.410          109.969                28.221           30.451           29.800         62.41                         
      0.740         10.407          109.969                28.291           30.540           29.800         62.70                         
      0.750         10.403          109.968                28.361           30.628           29.800         62.98                         
      0.760         10.400          109.967                28.430           30.715           29.800         63.27                         
      0.770         10.396          109.967                28.497           30.800           29.800         63.55                         
      0.780         10.393          109.966                28.563           30.884           29.800         63.83                         
      0.790         10.389          109.965                28.627           30.966           29.800         64.11                         
      0.800         10.386          109.965                28.691           31.047           29.800         64.39                         
      0.810         10.382          109.964                28.753           31.127           29.800         64.66                         
      0.820         10.379          109.963                28.813           31.205           29.800         64.93                         
      0.830         10.375          109.963                28.872           31.281           29.800         65.19                         
      0.840         10.372          109.962                28.930           31.356           29.800         65.46                         
      0.850         10.369          109.961                28.987           31.429           29.800         65.71                         
      0.860         10.365          109.961                29.042           31.501           29.800         65.97                         
      0.870         10.362          109.960                29.095           31.571           29.800         66.22                         
      0.880         10.359          109.960                29.147           31.639           29.800         66.47                         
      0.890         10.356          109.959                29.198           31.705           29.800         66.71                         
      0.900         10.353          109.958                29.247           31.770           29.800         66.95                         
      0.910         10.350          109.958                29.295           31.833           29.800         67.18                         
      0.920         10.347          109.957                29.342           31.895           29.800         67.41                         
      0.930         10.344          109.957                29.387           31.955           29.800         67.63                         
      0.940         10.341          109.956                29.430           32.013           29.800         67.85                         
      0.950         10.338          109.956                29.472           32.069           29.800         68.07                         
      0.960         10.335          109.955                29.513           32.123           29.800         68.27                         
      0.970         10.333          109.955                29.552           32.176           29.800         68.48                         
      0.980         10.330          109.954                29.590           32.227           29.800         68.68                         
      0.990         10.327          109.954                29.627           32.277           29.800         68.87                         
      1.000         10.325          109.953                29.662           32.324           29.800         69.06                         
      1.010         10.323          109.953                29.696           32.370           29.800         69.24                         
      1.020         10.320          109.952                29.728           32.414           29.800         69.41                         
      1.030         10.318          109.952                29.759           32.457           29.800         69.58                         
      1.040         10.316          109.952                29.789           32.497           29.800         69.75                         
      1.050         10.314          109.951                29.817           32.536           29.800         69.90                         
      1.060         10.312          109.951                29.845           32.574           29.800         70.06                         
      1.070         10.310          109.951                29.870           32.609           29.800         70.20                         
      1.080         10.308          109.950                29.895           32.643           29.800         70.34                         
      1.090         10.306          109.950                29.918           32.675           29.800         70.47                         
      1.100         10.304          109.950                29.940           32.706           29.800         70.60                         
      1.110         10.303          109.949                29.961           32.735           29.800         70.72                         
      1.120         10.301          109.949                29.980           32.762           29.800         70.83                         
      1.130         10.300          109.949                29.999           32.787           29.800         70.94                         
      1.140         10.298          109.948                30.016           32.811           29.800         71.04                         
      1.150         10.297          109.948                30.031           32.833           29.800         71.14                         
      1.160         10.296          109.948                30.046           32.854           29.800         71.22                         
      1.170         10.295          109.948                30.059           32.873           29.800         71.30                         
      1.180         10.294          109.948                30.072           32.890           29.800         71.38                         
      1.190         10.293          109.948                30.083           32.906           29.800         71.44                         
      1.200         10.292          109.947                30.093           32.920           29.800         71.50                         
      1.210         10.291          109.947                30.102           32.932           29.800         71.56                         
      1.220         10.291          109.947                30.109           32.943           29.800         71.60                         
      1.230         10.290          109.947                30.116           32.952           29.800         71.64                         
      1.240         10.290          109.947                30.121           32.959           29.800         71.68                         
      1.250         10.289          109.947                30.125           32.965           29.800         71.70                         
      1.260         10.289          109.947                30.128           32.970           29.800         71.72                         
      1.270         10.289          109.947                30.130           32.973           29.800         71.73                         
      1.280         10.289          109.947                30.131           32.974           29.800         71.74                         
      1.290         10.289          109.947                30.131           32.973           29.800         71.74                         
      1.300         10.289          109.947                30.129           32.971           29.800         71.73                         
      1.310         10.289          109.947                30.127           32.968           29.800         71.71                         
      1.320         10.289          109.947                30.123           32.963           29.800         71.69                         
      1.330         10.290          109.947                30.119           32.956           29.800         71.66                         
      1.340         10.290          109.947                30.113           32.948           29.800         71.63                         
      1.350         10.291          109.947                30.106           32.938           29.800         71.58                         
      1.360         10.292          109.947                30.098           32.926           29.800         71.53                         
      1.370         10.292          109.947                30.088           32.913           29.800         71.48                         
      1.380         10.293          109.948                30.078           32.898           29.800         71.41                         
      1.390         10.294          109.948                30.066           32.882           29.800         71.34                         
      1.400         10.295          109.948                30.054           32.864           29.800         71.27                         
      1.410         10.296          109.948                30.040           32.845           29.800         71.19                         
      1.420         10.298          109.948                30.025           32.824           29.800         71.10                         
      1.430         10.299          109.949                30.008           32.801           29.800         71.00                         
      1.440         10.300          109.949                29.991           32.777           29.800         70.90                         
      1.450         10.302          109.949                29.972           32.751           29.800         70.79                         
      1.460         10.303          109.949                29.953           32.723           29.800         70.67                         
      1.470         10.305          109.950                29.932           32.694           29.800         70.55                         
      1.480         10.307          109.950                29.910           32.664           29.800         70.42                         
      1.490         10.308          109.950                29.886           32.631           29.800         70.29                         
      1.500         10.310          109.951                29.861           32.597           29.800         70.15                         
      1.510         10.312          109.951                29.836           32.561           29.800         70.01                         
      1.520         10.314          109.951                29.808           32.524           29.800         69.85                         
      1.530         10.316          109.952                29.780           32.485           29.800         69.70                         
      1.540         10.319          109.952                29.750           32.445           29.800         69.53                         
      1.550         10.321          109.953                29.720           32.403           29.800         69.37                         
      1.560         10.323          109.953                29.687           32.359           29.800         69.19                         
      1.570         10.326          109.953                29.654           32.313           29.800         69.01                         
      1.580         10.328          109.954                29.619           32.266           29.800         68.83                         
      1.590         10.331          109.954                29.583           32.218           29.800         68.64                         
      1.600         10.333          109.955                29.546           32.167           29.800         68.44                         
      1.610         10.336          109.955                29.507           32.115           29.800         68.24                         
      1.620         10.338          109.956                29.467           32.062           29.800         68.04                         
      1.630         10.341          109.956                29.426           32.007           29.800         67.83                         
      1.640         10.344          109.957                29.383           31.950           29.800         67.61                         
      1.650         10.347          109.957                29.339           31.891           29.800         67.40                         
      1.660         10.350          109.958                29.294           31.832           29.800         67.17                         
      1.670         10.353          109.958                29.247           31.770           29.800         66.95                         
      1.680         10.356          109.959                29.199           31.707           29.800         66.71                         
      1.690         10.359          109.960                29.150           31.642           29.800         66.48                         
      1.700         10.362          109.960                29.100           31.576           29.800         66.24                         
      1.710         10.365          109.961                29.048           31.509           29.800         66.00                         
      1.720         10.368          109.961                28.995           31.440           29.800         65.75                         
      1.730         10.371          109.962                28.940           31.369           29.800         65.50                         
      1.740         10.375          109.963                28.885           31.297           29.800         65.25                         
      1.750         10.378          109.963                28.828           31.224           29.800         64.99                         
      1.760         10.381          109.964                28.770           31.149           29.800         64.74                         
      1.770         10.384          109.964                28.711           31.073           29.800         64.48                         
      1.780         10.388          109.965                28.650           30.996           29.800         64.21                         
      1.790         10.391          109.966                28.589           30.917           29.800         63.95                         
      1.800         10.394          109.966                28.526           30.838           29.800         63.68                         
      1.810         10.398          109.967                28.462           30.757           29.800         63.41                         
      1.820         10.401          109.968                28.398           30.674           29.800         63.14                         
      1.830         10.405          109.968                28.332           30.591           29.800         62.86                         
      1.840         10.408          109.969                28.265           30.507           29.800         62.59                         
      1.850         10.411          109.970                28.197           30.422           29.800         62.31                         
      1.860         10.415          109.970                28.128           30.335           29.800         62.03                         
      1.870         10.418          109.971                28.059           30.248           29.800         61.76                         
      1.880         10.422          109.972                27.988           30.160           29.800         61.48                         
      1.890         10.425          109.972                27.917           30.072           29.800         61.20                         
      1.900         10.428          109.973                27.845           29.982           29.800         60.92                         
      1.910         10.432          109.973                27.772           29.892           29.800         60.64                         
      1.920         10.435          109.974                27.699           29.801           29.800         60.36                         
      1.930         10.438          109.975                27.625           29.710           29.800         60.08                         
      1.940         10.442          109.975                27.551           29.619           29.800         59.80                         
      1.950         10.445          109.976                27.476           29.527           29.800         59.52                         
      1.960         10.448          109.977                27.401           29.434           29.800         59.25                         
      1.970         10.452          109.977                27.325           29.342           29.800         58.97                         
      1.980         10.455          109.978                27.249           29.249           29.800         58.70                         
      1.990         10.458          109.979                27.173           29.157           29.800         58.42                         
      2.000         10.461          109.979                27.097           29.064           29.800         58.15                         

