  ¬рем€            U                U                Pij              –г               –т г             ”гол рот         ќтн угол U       
                   601              1002             1001             601              601              601              601              
                                                     1002                                                                                 
                                                     1                                                                                    

                    10.500          110.000                13.744           29.400           29.400         48.51                         
      0.010         10.500          110.000                13.744           29.400           29.400         48.51                         
      0.020         10.500          110.000                13.744           29.400           29.400         48.51                         
      0.030         10.500          110.000                13.744           29.400           29.400         48.51                         
      0.040         10.500          110.000                13.744           29.400           29.400         48.51                         
      0.050         10.500          110.000                13.744           29.400           29.400         48.51                         
      0.060         10.500          110.000                13.744           29.400           29.400         48.51                         
      0.070         10.500          110.000                13.744           29.400           29.400         48.51                         
      0.080         10.500          110.000                13.744           29.400           29.400         48.51                         
      0.090         10.500          110.000                13.744           29.400           29.400         48.51                         
      0.100         10.500          110.000                13.744           29.400           29.400         48.51                         
      0.100         10.555          109.998                23.978           25.392           29.400         48.51                         
      0.110         10.555          109.998                23.980           25.394           29.400         48.51                         
      0.120         10.555          109.998                23.985           25.400           29.400         48.53                         
      0.130         10.555          109.998                23.993           25.409           29.400         48.55                         
      0.140         10.554          109.998                24.005           25.423           29.400         48.58                         
      0.150         10.554          109.998                24.020           25.440           29.400         48.62                         
      0.160         10.554          109.998                24.038           25.461           29.400         48.68                         
      0.170         10.553          109.998                24.059           25.485           29.400         48.74                         
      0.180         10.552          109.998                24.084           25.513           29.400         48.80                         
      0.190         10.552          109.998                24.111           25.545           29.400         48.88                         
      0.200         10.551          109.997                24.142           25.580           29.400         48.97                         
      0.210         10.550          109.997                24.175           25.619           29.400         49.06                         
      0.220         10.549          109.997                24.212           25.661           29.400         49.17                         
      0.230         10.548          109.997                24.251           25.706           29.400         49.28                         
      0.240         10.546          109.996                24.293           25.754           29.400         49.40                         
      0.250         10.545          109.996                24.337           25.806           29.400         49.52                         
      0.260         10.544          109.996                24.384           25.860           29.400         49.66                         
      0.270         10.542          109.996                24.434           25.918           29.400         49.80                         
      0.280         10.541          109.995                24.486           25.978           29.400         49.95                         
      0.290         10.539          109.995                24.541           26.041           29.400         50.11                         
      0.300         10.538          109.995                24.598           26.107           29.400         50.27                         
      0.310         10.536          109.994                24.657           26.175           29.400         50.44                         
      0.320         10.534          109.994                24.718           26.246           29.400         50.62                         
      0.330         10.532          109.994                24.781           26.320           29.400         50.81                         
      0.340         10.530          109.993                24.846           26.396           29.400         51.00                         
      0.350         10.528          109.993                24.913           26.474           29.400         51.20                         
      0.360         10.526          109.992                24.982           26.554           29.400         51.40                         
      0.370         10.524          109.992                25.052           26.636           29.400         51.61                         
      0.380         10.522          109.991                25.124           26.720           29.400         51.83                         
      0.390         10.519          109.991                25.198           26.806           29.400         52.05                         
      0.400         10.517          109.990                25.273           26.894           29.400         52.28                         
      0.410         10.514          109.990                25.349           26.983           29.400         52.51                         
      0.420         10.512          109.989                25.427           27.074           29.400         52.75                         
      0.430         10.509          109.989                25.505           27.166           29.400         52.99                         
      0.440         10.507          109.988                25.585           27.260           29.400         53.24                         
      0.450         10.504          109.988                25.665           27.355           29.400         53.49                         
      0.460         10.501          109.987                25.746           27.451           29.400         53.74                         
      0.470         10.499          109.987                25.828           27.548           29.400         54.00                         
      0.480         10.496          109.986                25.911           27.645           29.400         54.27                         
      0.490         10.493          109.985                25.994           27.744           29.400         54.53                         
      0.500         10.490          109.985                26.078           27.843           29.400         54.80                         
      0.510         10.487          109.984                26.162           27.943           29.400         55.07                         
      0.520         10.484          109.984                26.246           28.044           29.400         55.35                         
      0.530         10.481          109.983                26.330           28.144           29.400         55.63                         
      0.540         10.478          109.982                26.415           28.245           29.400         55.91                         
      0.550         10.474          109.982                26.499           28.347           29.400         56.19                         
      0.560         10.471          109.981                26.584           28.448           29.400         56.48                         
      0.570         10.468          109.980                26.668           28.549           29.400         56.76                         
      0.580         10.465          109.980                26.752           28.650           29.400         57.05                         
      0.590         10.461          109.979                26.836           28.751           29.400         57.34                         
      0.600         10.458          109.979                26.919           28.852           29.400         57.63                         
      0.610         10.455          109.978                27.002           28.953           29.400         57.92                         
      0.620         10.451          109.977                27.084           29.053           29.400         58.21                         
      0.630         10.448          109.977                27.166           29.152           29.400         58.50                         
      0.640         10.445          109.976                27.247           29.251           29.400         58.80                         
      0.650         10.441          109.975                27.328           29.349           29.400         59.09                         
      0.660         10.438          109.975                27.407           29.447           29.400         59.38                         
      0.670         10.434          109.974                27.486           29.543           29.400         59.67                         
      0.680         10.431          109.973                27.564           29.639           29.400         59.96                         
      0.690         10.427          109.973                27.641           29.734           29.400         60.25                         
      0.700         10.424          109.972                27.717           29.828           29.400         60.54                         
      0.710         10.420          109.971                27.792           29.921           29.400         60.83                         
      0.720         10.417          109.971                27.866           30.012           29.400         61.11                         
      0.730         10.414          109.970                27.938           30.103           29.400         61.40                         
      0.740         10.410          109.969                28.010           30.192           29.400         61.68                         
      0.750         10.407          109.969                28.080           30.280           29.400         61.96                         
      0.760         10.403          109.968                28.149           30.366           29.400         62.24                         
      0.770         10.400          109.967                28.217           30.452           29.400         62.51                         
      0.780         10.396          109.967                28.284           30.536           29.400         62.79                         
      0.790         10.393          109.966                28.349           30.618           29.400         63.06                         
      0.800         10.390          109.965                28.413           30.699           29.400         63.33                         
      0.810         10.387          109.965                28.475           30.778           29.400         63.59                         
      0.820         10.383          109.964                28.536           30.856           29.400         63.85                         
      0.830         10.380          109.963                28.596           30.932           29.400         64.11                         
      0.840         10.377          109.963                28.655           31.007           29.400         64.36                         
      0.850         10.374          109.962                28.712           31.080           29.400         64.61                         
      0.860         10.371          109.962                28.767           31.151           29.400         64.86                         
      0.870         10.367          109.961                28.821           31.221           29.400         65.10                         
      0.880         10.364          109.961                28.874           31.289           29.400         65.34                         
      0.890         10.361          109.960                28.925           31.355           29.400         65.57                         
      0.900         10.359          109.959                28.975           31.420           29.400         65.80                         
      0.910         10.356          109.959                29.023           31.483           29.400         66.02                         
      0.920         10.353          109.958                29.070           31.544           29.400         66.24                         
      0.930         10.350          109.958                29.115           31.603           29.400         66.46                         
      0.940         10.347          109.957                29.159           31.661           29.400         66.67                         
      0.950         10.345          109.957                29.201           31.717           29.400         66.87                         
      0.960         10.342          109.956                29.242           31.771           29.400         67.07                         
      0.970         10.340          109.956                29.282           31.823           29.400         67.27                         
      0.980         10.337          109.955                29.320           31.873           29.400         67.45                         
      0.990         10.335          109.955                29.357           31.922           29.400         67.64                         
      1.000         10.332          109.955                29.392           31.969           29.400         67.81                         
      1.010         10.330          109.954                29.426           32.014           29.400         67.99                         
      1.020         10.328          109.954                29.458           32.057           29.400         68.15                         
      1.030         10.326          109.953                29.489           32.099           29.400         68.31                         
      1.040         10.324          109.953                29.519           32.139           29.400         68.46                         
      1.050         10.322          109.953                29.547           32.177           29.400         68.61                         
      1.060         10.320          109.952                29.574           32.213           29.400         68.75                         
      1.070         10.318          109.952                29.599           32.248           29.400         68.89                         
      1.080         10.316          109.952                29.624           32.280           29.400         69.02                         
      1.090         10.315          109.951                29.646           32.311           29.400         69.14                         
      1.100         10.313          109.951                29.668           32.341           29.400         69.26                         
      1.110         10.312          109.951                29.688           32.368           29.400         69.36                         
      1.120         10.310          109.951                29.707           32.394           29.400         69.47                         
      1.130         10.309          109.950                29.725           32.418           29.400         69.56                         
      1.140         10.308          109.950                29.741           32.440           29.400         69.65                         
      1.150         10.307          109.950                29.756           32.461           29.400         69.74                         
      1.160         10.306          109.950                29.770           32.479           29.400         69.81                         
      1.170         10.305          109.950                29.782           32.496           29.400         69.88                         
      1.180         10.304          109.949                29.793           32.512           29.400         69.94                         
      1.190         10.303          109.949                29.803           32.526           29.400         70.00                         
      1.200         10.303          109.949                29.812           32.538           29.400         70.05                         
      1.210         10.302          109.949                29.819           32.548           29.400         70.09                         
      1.220         10.302          109.949                29.826           32.556           29.400         70.13                         
      1.230         10.301          109.949                29.831           32.563           29.400         70.15                         
      1.240         10.301          109.949                29.834           32.568           29.400         70.18                         
      1.250         10.301          109.949                29.837           32.572           29.400         70.19                         
      1.260         10.301          109.949                29.838           32.574           29.400         70.20                         
      1.270         10.301          109.949                29.838           32.574           29.400         70.20                         
      1.280         10.301          109.949                29.837           32.572           29.400         70.19                         
      1.290         10.301          109.949                29.835           32.569           29.400         70.18                         
      1.300         10.301          109.949                29.831           32.564           29.400         70.16                         
      1.310         10.302          109.949                29.827           32.558           29.400         70.13                         
      1.320         10.302          109.949                29.821           32.550           29.400         70.10                         
      1.330         10.303          109.949                29.813           32.540           29.400         70.06                         
      1.340         10.303          109.949                29.805           32.528           29.400         70.01                         
      1.350         10.304          109.949                29.795           32.515           29.400         69.96                         
      1.360         10.305          109.950                29.785           32.500           29.400         69.90                         
      1.370         10.306          109.950                29.772           32.483           29.400         69.83                         
      1.380         10.307          109.950                29.759           32.465           29.400         69.75                         
      1.390         10.308          109.950                29.744           32.445           29.400         69.67                         
      1.400         10.309          109.950                29.729           32.423           29.400         69.59                         
      1.410         10.310          109.950                29.712           32.400           29.400         69.49                         
      1.420         10.311          109.951                29.693           32.375           29.400         69.39                         
      1.430         10.313          109.951                29.674           32.348           29.400         69.29                         
      1.440         10.314          109.951                29.653           32.320           29.400         69.17                         
      1.450         10.316          109.952                29.630           32.290           29.400         69.05                         
      1.460         10.318          109.952                29.607           32.258           29.400         68.93                         
      1.470         10.319          109.952                29.582           32.224           29.400         68.80                         
      1.480         10.321          109.953                29.556           32.189           29.400         68.66                         
      1.490         10.323          109.953                29.529           32.152           29.400         68.52                         
      1.500         10.325          109.953                29.500           32.114           29.400         68.37                         
      1.510         10.327          109.954                29.470           32.074           29.400         68.21                         
      1.520         10.329          109.954                29.439           32.032           29.400         68.05                         
      1.530         10.331          109.954                29.406           31.988           29.400         67.89                         
      1.540         10.334          109.955                29.372           31.943           29.400         67.71                         
      1.550         10.336          109.955                29.337           31.896           29.400         67.54                         
      1.560         10.338          109.956                29.300           31.847           29.400         67.36                         
      1.570         10.341          109.956                29.262           31.797           29.400         67.17                         
      1.580         10.343          109.957                29.223           31.745           29.400         66.98                         
      1.590         10.346          109.957                29.182           31.691           29.400         66.78                         
      1.600         10.348          109.958                29.140           31.636           29.400         66.58                         
      1.610         10.351          109.958                29.096           31.579           29.400         66.37                         
      1.620         10.354          109.959                29.052           31.520           29.400         66.16                         
      1.630         10.357          109.959                29.005           31.460           29.400         65.94                         
      1.640         10.359          109.960                28.958           31.398           29.400         65.72                         
      1.650         10.362          109.960                28.909           31.335           29.400         65.50                         
      1.660         10.365          109.961                28.859           31.270           29.400         65.27                         
      1.670         10.368          109.961                28.808           31.204           29.400         65.04                         
      1.680         10.371          109.962                28.755           31.136           29.400         64.80                         
      1.690         10.374          109.962                28.701           31.066           29.400         64.57                         
      1.700         10.377          109.963                28.646           30.995           29.400         64.32                         
      1.710         10.380          109.964                28.589           30.923           29.400         64.08                         
      1.720         10.384          109.964                28.531           30.849           29.400         63.83                         
      1.730         10.387          109.965                28.472           30.774           29.400         63.58                         
      1.740         10.390          109.965                28.412           30.698           29.400         63.32                         
      1.750         10.393          109.966                28.351           30.620           29.400         63.07                         
      1.760         10.396          109.967                28.288           30.541           29.400         62.81                         
      1.770         10.399          109.967                28.224           30.461           29.400         62.54                         
      1.780         10.403          109.968                28.160           30.380           29.400         62.28                         
      1.790         10.406          109.968                28.094           30.297           29.400         62.02                         
      1.800         10.409          109.969                28.027           30.213           29.400         61.75                         
      1.810         10.413          109.970                27.959           30.129           29.400         61.48                         
      1.820         10.416          109.970                27.890           30.043           29.400         61.21                         
      1.830         10.419          109.971                27.821           29.957           29.400         60.94                         
      1.840         10.422          109.972                27.750           29.869           29.400         60.67                         
      1.850         10.426          109.972                27.679           29.781           29.400         60.40                         
      1.860         10.429          109.973                27.607           29.692           29.400         60.12                         
      1.870         10.432          109.973                27.534           29.602           29.400         59.85                         
      1.880         10.435          109.974                27.460           29.512           29.400         59.58                         
      1.890         10.439          109.975                27.386           29.421           29.400         59.30                         
      1.900         10.442          109.975                27.311           29.329           29.400         59.03                         
      1.910         10.445          109.976                27.236           29.238           29.400         58.76                         
      1.920         10.448          109.977                27.161           29.145           29.400         58.48                         
      1.930         10.451          109.977                27.085           29.053           29.400         58.21                         
      1.940         10.454          109.978                27.008           28.960           29.400         57.94                         
      1.950         10.458          109.978                26.932           28.867           29.400         57.67                         
      1.960         10.461          109.979                26.855           28.775           29.400         57.41                         
      1.970         10.464          109.980                26.778           28.682           29.400         57.14                         
      1.980         10.467          109.980                26.701           28.589           29.400         56.88                         
      1.990         10.470          109.981                26.625           28.497           29.400         56.61                         
      2.000         10.473          109.981                26.548           28.405           29.400         56.35                         

