  ¬рем€            U                U                Pij              –г               –т г             ”гол рот         ќтн угол U       
                   601              1002             1001             601              601              601              601              
                                                     1002                                                                                 
                                                     1                                                                                    

                    10.500          110.000                13.701           29.300           29.300         48.31                         
      0.010         10.500          110.000                13.701           29.300           29.300         48.31                         
      0.020         10.500          110.000                13.701           29.300           29.300         48.31                         
      0.030         10.500          110.000                13.701           29.300           29.300         48.31                         
      0.040         10.500          110.000                13.701           29.300           29.300         48.31                         
      0.050         10.500          110.000                13.701           29.300           29.300         48.31                         
      0.060         10.500          110.000                13.701           29.300           29.300         48.31                         
      0.070         10.500          110.000                13.701           29.300           29.300         48.31                         
      0.080         10.500          110.000                13.701           29.300           29.300         48.31                         
      0.090         10.500          110.000                13.701           29.300           29.300         48.31                         
      0.100         10.500          110.000                13.701           29.300           29.300         48.31                         
      0.100         10.555          109.998                23.902           25.305           29.300         48.31                         
      0.110         10.555          109.998                23.904           25.307           29.300         48.32                         
      0.120         10.555          109.998                23.909           25.313           29.300         48.33                         
      0.130         10.554          109.998                23.917           25.322           29.300         48.36                         
      0.140         10.554          109.998                23.929           25.336           29.300         48.39                         
      0.150         10.554          109.998                23.944           25.353           29.300         48.43                         
      0.160         10.553          109.998                23.962           25.374           29.300         48.48                         
      0.170         10.553          109.998                23.984           25.399           29.300         48.54                         
      0.180         10.552          109.998                24.008           25.427           29.300         48.61                         
      0.190         10.551          109.997                24.035           25.458           29.300         48.69                         
      0.200         10.550          109.997                24.066           25.493           29.300         48.77                         
      0.210         10.549          109.997                24.099           25.532           29.300         48.87                         
      0.220         10.548          109.997                24.136           25.574           29.300         48.97                         
      0.230         10.547          109.997                24.175           25.619           29.300         49.08                         
      0.240         10.546          109.996                24.217           25.667           29.300         49.20                         
      0.250         10.545          109.996                24.261           25.719           29.300         49.32                         
      0.260         10.544          109.996                24.309           25.773           29.300         49.46                         
      0.270         10.542          109.996                24.358           25.831           29.300         49.60                         
      0.280         10.541          109.995                24.411           25.891           29.300         49.75                         
      0.290         10.539          109.995                24.465           25.954           29.300         49.91                         
      0.300         10.537          109.995                24.522           26.020           29.300         50.07                         
      0.310         10.536          109.994                24.581           26.088           29.300         50.24                         
      0.320         10.534          109.994                24.642           26.159           29.300         50.42                         
      0.330         10.532          109.993                24.706           26.233           29.300         50.61                         
      0.340         10.530          109.993                24.771           26.308           29.300         50.80                         
      0.350         10.528          109.993                24.838           26.386           29.300         51.00                         
      0.360         10.526          109.992                24.907           26.467           29.300         51.20                         
      0.370         10.524          109.992                24.977           26.549           29.300         51.41                         
      0.380         10.522          109.991                25.049           26.633           29.300         51.62                         
      0.390         10.519          109.991                25.123           26.719           29.300         51.85                         
      0.400         10.517          109.990                25.198           26.807           29.300         52.07                         
      0.410         10.514          109.990                25.274           26.896           29.300         52.30                         
      0.420         10.512          109.989                25.352           26.987           29.300         52.54                         
      0.430         10.509          109.989                25.430           27.079           29.300         52.78                         
      0.440         10.507          109.988                25.510           27.173           29.300         53.03                         
      0.450         10.504          109.988                25.590           27.267           29.300         53.28                         
      0.460         10.501          109.987                25.672           27.363           29.300         53.53                         
      0.470         10.499          109.987                25.754           27.460           29.300         53.79                         
      0.480         10.496          109.986                25.836           27.558           29.300         54.05                         
      0.490         10.493          109.985                25.920           27.657           29.300         54.32                         
      0.500         10.490          109.985                26.003           27.756           29.300         54.58                         
      0.510         10.487          109.984                26.088           27.856           29.300         54.86                         
      0.520         10.484          109.984                26.172           27.956           29.300         55.13                         
      0.530         10.481          109.983                26.256           28.057           29.300         55.41                         
      0.540         10.478          109.982                26.341           28.158           29.300         55.69                         
      0.550         10.475          109.982                26.426           28.259           29.300         55.97                         
      0.560         10.471          109.981                26.510           28.360           29.300         56.25                         
      0.570         10.468          109.981                26.595           28.462           29.300         56.54                         
      0.580         10.465          109.980                26.679           28.563           29.300         56.82                         
      0.590         10.462          109.979                26.763           28.664           29.300         57.11                         
      0.600         10.458          109.979                26.846           28.765           29.300         57.40                         
      0.610         10.455          109.978                26.929           28.865           29.300         57.69                         
      0.620         10.452          109.977                27.012           28.965           29.300         57.98                         
      0.630         10.448          109.977                27.093           29.065           29.300         58.27                         
      0.640         10.445          109.976                27.175           29.163           29.300         58.56                         
      0.650         10.442          109.975                27.255           29.262           29.300         58.85                         
      0.660         10.438          109.975                27.335           29.359           29.300         59.14                         
      0.670         10.435          109.974                27.414           29.456           29.300         59.43                         
      0.680         10.431          109.973                27.492           29.552           29.300         59.72                         
      0.690         10.428          109.973                27.569           29.646           29.300         60.01                         
      0.700         10.425          109.972                27.645           29.740           29.300         60.29                         
      0.710         10.421          109.971                27.720           29.833           29.300         60.58                         
      0.720         10.418          109.971                27.794           29.925           29.300         60.86                         
      0.730         10.414          109.970                27.867           30.015           29.300         61.15                         
      0.740         10.411          109.969                27.939           30.104           29.300         61.43                         
      0.750         10.408          109.969                28.009           30.192           29.300         61.71                         
      0.760         10.404          109.968                28.078           30.279           29.300         61.98                         
      0.770         10.401          109.967                28.146           30.364           29.300         62.26                         
      0.780         10.397          109.967                28.213           30.448           29.300         62.53                         
      0.790         10.394          109.966                28.278           30.530           29.300         62.80                         
      0.800         10.391          109.966                28.342           30.611           29.300         63.06                         
      0.810         10.388          109.965                28.405           30.690           29.300         63.32                         
      0.820         10.384          109.964                28.466           30.768           29.300         63.58                         
      0.830         10.381          109.964                28.526           30.844           29.300         63.84                         
      0.840         10.378          109.963                28.585           30.919           29.300         64.09                         
      0.850         10.375          109.962                28.642           30.992           29.300         64.34                         
      0.860         10.372          109.962                28.697           31.063           29.300         64.58                         
      0.870         10.369          109.961                28.752           31.133           29.300         64.82                         
      0.880         10.366          109.961                28.804           31.201           29.300         65.06                         
      0.890         10.363          109.960                28.855           31.267           29.300         65.29                         
      0.900         10.360          109.960                28.905           31.331           29.300         65.52                         
      0.910         10.357          109.959                28.954           31.394           29.300         65.74                         
      0.920         10.354          109.959                29.000           31.455           29.300         65.96                         
      0.930         10.352          109.958                29.046           31.514           29.300         66.17                         
      0.940         10.349          109.958                29.090           31.572           29.300         66.38                         
      0.950         10.346          109.957                29.132           31.628           29.300         66.58                         
      0.960         10.344          109.957                29.173           31.681           29.300         66.77                         
      0.970         10.341          109.956                29.213           31.734           29.300         66.97                         
      0.980         10.339          109.956                29.251           31.784           29.300         67.15                         
      0.990         10.336          109.955                29.288           31.832           29.300         67.33                         
      1.000         10.334          109.955                29.323           31.879           29.300         67.51                         
      1.010         10.332          109.954                29.357           31.924           29.300         67.68                         
      1.020         10.330          109.954                29.389           31.967           29.300         67.84                         
      1.030         10.328          109.954                29.420           32.008           29.300         68.00                         
      1.040         10.326          109.953                29.450           32.048           29.300         68.15                         
      1.050         10.324          109.953                29.478           32.086           29.300         68.29                         
      1.060         10.322          109.953                29.505           32.122           29.300         68.43                         
      1.070         10.320          109.952                29.530           32.156           29.300         68.56                         
      1.080         10.319          109.952                29.554           32.188           29.300         68.69                         
      1.090         10.317          109.952                29.577           32.219           29.300         68.81                         
      1.100         10.315          109.951                29.598           32.248           29.300         68.92                         
      1.110         10.314          109.951                29.618           32.275           29.300         69.03                         
      1.120         10.313          109.951                29.637           32.300           29.300         69.13                         
      1.130         10.311          109.951                29.654           32.324           29.300         69.22                         
      1.140         10.310          109.950                29.670           32.346           29.300         69.31                         
      1.150         10.309          109.950                29.685           32.366           29.300         69.39                         
      1.160         10.308          109.950                29.699           32.384           29.300         69.46                         
      1.170         10.307          109.950                29.711           32.401           29.300         69.53                         
      1.180         10.307          109.950                29.722           32.416           29.300         69.59                         
      1.190         10.306          109.950                29.731           32.429           29.300         69.64                         
      1.200         10.305          109.950                29.740           32.441           29.300         69.69                         
      1.210         10.305          109.949                29.747           32.450           29.300         69.73                         
      1.220         10.304          109.949                29.753           32.458           29.300         69.76                         
      1.230         10.304          109.949                29.757           32.465           29.300         69.79                         
      1.240         10.304          109.949                29.761           32.469           29.300         69.81                         
      1.250         10.304          109.949                29.763           32.472           29.300         69.82                         
      1.260         10.303          109.949                29.764           32.473           29.300         69.82                         
      1.270         10.304          109.949                29.763           32.473           29.300         69.82                         
      1.280         10.304          109.949                29.762           32.471           29.300         69.81                         
      1.290         10.304          109.949                29.759           32.467           29.300         69.80                         
      1.300         10.304          109.949                29.755           32.461           29.300         69.77                         
      1.310         10.305          109.949                29.749           32.454           29.300         69.74                         
      1.320         10.305          109.950                29.743           32.445           29.300         69.71                         
      1.330         10.306          109.950                29.735           32.434           29.300         69.66                         
      1.340         10.306          109.950                29.726           32.422           29.300         69.61                         
      1.350         10.307          109.950                29.716           32.408           29.300         69.56                         
      1.360         10.308          109.950                29.704           32.392           29.300         69.49                         
      1.370         10.309          109.950                29.691           32.374           29.300         69.42                         
      1.380         10.310          109.950                29.677           32.355           29.300         69.35                         
      1.390         10.311          109.951                29.662           32.334           29.300         69.26                         
      1.400         10.312          109.951                29.645           32.312           29.300         69.17                         
      1.410         10.313          109.951                29.627           32.287           29.300         69.08                         
      1.420         10.315          109.951                29.608           32.261           29.300         68.97                         
      1.430         10.316          109.952                29.587           32.234           29.300         68.87                         
      1.440         10.318          109.952                29.566           32.204           29.300         68.75                         
      1.450         10.319          109.952                29.543           32.173           29.300         68.63                         
      1.460         10.321          109.952                29.518           32.140           29.300         68.50                         
      1.470         10.323          109.953                29.492           32.106           29.300         68.37                         
      1.480         10.325          109.953                29.465           32.069           29.300         68.23                         
      1.490         10.327          109.953                29.437           32.031           29.300         68.08                         
      1.500         10.329          109.954                29.407           31.992           29.300         67.93                         
      1.510         10.331          109.954                29.376           31.950           29.300         67.78                         
      1.520         10.333          109.955                29.344           31.907           29.300         67.61                         
      1.530         10.335          109.955                29.310           31.862           29.300         67.44                         
      1.540         10.337          109.955                29.275           31.816           29.300         67.27                         
      1.550         10.340          109.956                29.239           31.768           29.300         67.09                         
      1.560         10.342          109.956                29.201           31.718           29.300         66.91                         
      1.570         10.344          109.957                29.162           31.666           29.300         66.72                         
      1.580         10.347          109.957                29.121           31.613           29.300         66.53                         
      1.590         10.349          109.958                29.080           31.558           29.300         66.33                         
      1.600         10.352          109.958                29.036           31.502           29.300         66.12                         
      1.610         10.355          109.959                28.992           31.444           29.300         65.92                         
      1.620         10.358          109.959                28.946           31.384           29.300         65.70                         
      1.630         10.360          109.960                28.899           31.323           29.300         65.49                         
      1.640         10.363          109.960                28.850           31.260           29.300         65.26                         
      1.650         10.366          109.961                28.800           31.195           29.300         65.04                         
      1.660         10.369          109.961                28.749           31.129           29.300         64.81                         
      1.670         10.372          109.962                28.696           31.062           29.300         64.58                         
      1.680         10.375          109.962                28.642           30.993           29.300         64.34                         
      1.690         10.378          109.963                28.587           30.922           29.300         64.10                         
      1.700         10.381          109.964                28.531           30.850           29.300         63.86                         
      1.710         10.384          109.964                28.473           30.777           29.300         63.61                         
      1.720         10.387          109.965                28.414           30.702           29.300         63.36                         
      1.730         10.390          109.965                28.354           30.626           29.300         63.11                         
      1.740         10.393          109.966                28.293           30.549           29.300         62.86                         
      1.750         10.397          109.967                28.230           30.470           29.300         62.60                         
      1.760         10.400          109.967                28.167           30.390           29.300         62.34                         
      1.770         10.403          109.968                28.102           30.309           29.300         62.08                         
      1.780         10.406          109.968                28.037           30.227           29.300         61.82                         
      1.790         10.409          109.969                27.970           30.143           29.300         61.55                         
      1.800         10.413          109.970                27.902           30.059           29.300         61.28                         
      1.810         10.416          109.970                27.833           29.973           29.300         61.02                         
      1.820         10.419          109.971                27.764           29.887           29.300         60.75                         
      1.830         10.422          109.972                27.693           29.800           29.300         60.48                         
      1.840         10.426          109.972                27.622           29.711           29.300         60.21                         
      1.850         10.429          109.973                27.550           29.623           29.300         59.93                         
      1.860         10.432          109.973                27.477           29.533           29.300         59.66                         
      1.870         10.435          109.974                27.403           29.443           29.300         59.39                         
      1.880         10.438          109.975                27.329           29.352           29.300         59.12                         
      1.890         10.442          109.975                27.254           29.261           29.300         58.85                         
      1.900         10.445          109.976                27.179           29.169           29.300         58.58                         
      1.910         10.448          109.977                27.103           29.077           29.300         58.30                         
      1.920         10.451          109.977                27.027           28.984           29.300         58.03                         
      1.930         10.454          109.978                26.951           28.892           29.300         57.77                         
      1.940         10.457          109.978                26.874           28.799           29.300         57.50                         
      1.950         10.460          109.979                26.798           28.706           29.300         57.23                         
      1.960         10.463          109.980                26.721           28.613           29.300         56.97                         
      1.970         10.466          109.980                26.644           28.521           29.300         56.70                         
      1.980         10.469          109.981                26.567           28.428           29.300         56.44                         
      1.990         10.472          109.981                26.490           28.336           29.300         56.18                         
      2.000         10.475          109.982                26.413           28.244           29.300         55.93                         

