  ¬рем€            U                U                Pij              –г               –т г             ”гол рот         ќтн угол U       
                   601              1002             1001             601              601              601              601              
                                                     1002                                                                                 
                                                     1                                                                                    

                    10.500          110.000                14.253           30.600           30.600         50.87                         
      0.010         10.500          110.000                14.253           30.600           30.600         50.87                         
      0.020         10.500          110.000                14.253           30.600           30.600         50.87                         
      0.030         10.500          110.000                14.253           30.600           30.600         50.87                         
      0.040         10.500          110.000                14.253           30.600           30.600         50.87                         
      0.050         10.500          110.000                14.253           30.600           30.600         50.87                         
      0.060         10.500          110.000                14.253           30.600           30.600         50.87                         
      0.070         10.500          110.000                14.253           30.600           30.600         50.87                         
      0.080         10.500          110.000                14.253           30.600           30.600         50.87                         
      0.090         10.500          110.000                14.253           30.600           30.600         50.87                         
      0.100         10.500          110.000                14.253           30.600           30.600         50.87                         
      0.100         10.559          109.999                24.885           26.433           30.600         50.87                         
      0.110         10.559          109.999                24.887           26.435           30.600         50.88                         
      0.120         10.559          109.999                24.892           26.441           30.600         50.89                         
      0.130         10.559          109.999                24.900           26.451           30.600         50.92                         
      0.140         10.559          109.999                24.912           26.464           30.600         50.95                         
      0.150         10.558          109.999                24.926           26.481           30.600         50.99                         
      0.160         10.558          109.999                24.944           26.502           30.600         51.05                         
      0.170         10.557          109.999                24.965           26.527           30.600         51.11                         
      0.180         10.556          109.998                24.990           26.555           30.600         51.18                         
      0.190         10.555          109.998                25.017           26.587           30.600         51.26                         
      0.200         10.555          109.998                25.047           26.622           30.600         51.35                         
      0.210         10.554          109.998                25.080           26.661           30.600         51.45                         
      0.220         10.552          109.998                25.116           26.703           30.600         51.56                         
      0.230         10.551          109.997                25.155           26.748           30.600         51.67                         
      0.240         10.550          109.997                25.196           26.796           30.600         51.80                         
      0.250         10.549          109.997                25.241           26.848           30.600         51.93                         
      0.260         10.547          109.996                25.287           26.902           30.600         52.07                         
      0.270         10.546          109.996                25.336           26.960           30.600         52.22                         
      0.280         10.544          109.996                25.388           27.020           30.600         52.37                         
      0.290         10.542          109.995                25.442           27.084           30.600         52.54                         
      0.300         10.540          109.995                25.498           27.150           30.600         52.71                         
      0.310         10.538          109.995                25.556           27.218           30.600         52.89                         
      0.320         10.536          109.994                25.617           27.289           30.600         53.08                         
      0.330         10.534          109.994                25.679           27.363           30.600         53.27                         
      0.340         10.532          109.993                25.744           27.439           30.600         53.47                         
      0.350         10.530          109.993                25.810           27.517           30.600         53.68                         
      0.360         10.528          109.993                25.878           27.597           30.600         53.89                         
      0.370         10.525          109.992                25.947           27.679           30.600         54.11                         
      0.380         10.523          109.992                26.018           27.763           30.600         54.34                         
      0.390         10.520          109.991                26.091           27.849           30.600         54.57                         
      0.400         10.518          109.991                26.165           27.937           30.600         54.80                         
      0.410         10.515          109.990                26.240           28.026           30.600         55.05                         
      0.420         10.512          109.989                26.316           28.117           30.600         55.30                         
      0.430         10.509          109.989                26.393           28.209           30.600         55.55                         
      0.440         10.507          109.988                26.471           28.303           30.600         55.81                         
      0.450         10.504          109.988                26.551           28.397           30.600         56.07                         
      0.460         10.501          109.987                26.630           28.493           30.600         56.34                         
      0.470         10.498          109.986                26.711           28.590           30.600         56.61                         
      0.480         10.494          109.986                26.792           28.688           30.600         56.89                         
      0.490         10.491          109.985                26.874           28.786           30.600         57.17                         
      0.500         10.488          109.985                26.956           28.885           30.600         57.45                         
      0.510         10.485          109.984                27.038           28.985           30.600         57.74                         
      0.520         10.481          109.983                27.121           29.085           30.600         58.03                         
      0.530         10.478          109.983                27.204           29.185           30.600         58.32                         
      0.540         10.475          109.982                27.286           29.286           30.600         58.61                         
      0.550         10.471          109.981                27.369           29.387           30.600         58.91                         
      0.560         10.468          109.981                27.452           29.488           30.600         59.21                         
      0.570         10.464          109.980                27.534           29.589           30.600         59.52                         
      0.580         10.460          109.979                27.616           29.690           30.600         59.82                         
      0.590         10.457          109.978                27.698           29.791           30.600         60.13                         
      0.600         10.453          109.978                27.779           29.891           30.600         60.43                         
      0.610         10.449          109.977                27.860           29.991           30.600         60.74                         
      0.620         10.446          109.976                27.940           30.091           30.600         61.05                         
      0.630         10.442          109.976                28.020           30.190           30.600         61.36                         
      0.640         10.438          109.975                28.099           30.288           30.600         61.67                         
      0.650         10.434          109.974                28.177           30.386           30.600         61.98                         
      0.660         10.430          109.973                28.254           30.483           30.600         62.29                         
      0.670         10.427          109.973                28.331           30.579           30.600         62.60                         
      0.680         10.423          109.972                28.407           30.675           30.600         62.91                         
      0.690         10.419          109.971                28.481           30.769           30.600         63.22                         
      0.700         10.415          109.970                28.555           30.863           30.600         63.53                         
      0.710         10.411          109.970                28.628           30.955           30.600         63.84                         
      0.720         10.407          109.969                28.699           31.046           30.600         64.15                         
      0.730         10.404          109.968                28.769           31.136           30.600         64.46                         
      0.740         10.400          109.968                28.839           31.225           30.600         64.76                         
      0.750         10.396          109.967                28.907           31.313           30.600         65.06                         
      0.760         10.392          109.966                28.973           31.399           30.600         65.36                         
      0.770         10.388          109.965                29.039           31.484           30.600         65.66                         
      0.780         10.384          109.965                29.103           31.568           30.600         65.96                         
      0.790         10.381          109.964                29.166           31.650           30.600         66.25                         
      0.800         10.377          109.963                29.228           31.731           30.600         66.55                         
      0.810         10.373          109.963                29.288           31.810           30.600         66.83                         
      0.820         10.369          109.962                29.347           31.888           30.600         67.12                         
      0.830         10.366          109.961                29.405           31.964           30.600         67.40                         
      0.840         10.362          109.960                29.461           32.038           30.600         67.68                         
      0.850         10.358          109.960                29.516           32.112           30.600         67.96                         
      0.860         10.355          109.959                29.569           32.183           30.600         68.23                         
      0.870         10.351          109.958                29.621           32.253           30.600         68.50                         
      0.880         10.348          109.958                29.672           32.321           30.600         68.77                         
      0.890         10.344          109.957                29.721           32.388           30.600         69.03                         
      0.900         10.341          109.957                29.769           32.453           30.600         69.28                         
      0.910         10.337          109.956                29.816           32.516           30.600         69.54                         
      0.920         10.334          109.955                29.861           32.578           30.600         69.78                         
      0.930         10.331          109.955                29.905           32.638           30.600         70.03                         
      0.940         10.328          109.954                29.947           32.697           30.600         70.27                         
      0.950         10.324          109.954                29.988           32.754           30.600         70.50                         
      0.960         10.321          109.953                30.028           32.809           30.600         70.73                         
      0.970         10.318          109.952                30.066           32.862           30.600         70.95                         
      0.980         10.315          109.952                30.103           32.914           30.600         71.17                         
      0.990         10.312          109.951                30.139           32.964           30.600         71.39                         
      1.000         10.310          109.951                30.173           33.013           30.600         71.60                         
      1.010         10.307          109.950                30.206           33.060           30.600         71.80                         
      1.020         10.304          109.950                30.238           33.105           30.600         72.00                         
      1.030         10.301          109.949                30.269           33.149           30.600         72.19                         
      1.040         10.299          109.949                30.298           33.191           30.600         72.37                         
      1.050         10.296          109.948                30.326           33.231           30.600         72.55                         
      1.060         10.294          109.948                30.353           33.270           30.600         72.73                         
      1.070         10.292          109.948                30.379           33.307           30.600         72.90                         
      1.080         10.289          109.947                30.404           33.343           30.600         73.06                         
      1.090         10.287          109.947                30.427           33.377           30.600         73.22                         
      1.100         10.285          109.946                30.450           33.410           30.600         73.37                         
      1.110         10.283          109.946                30.471           33.441           30.600         73.51                         
      1.120         10.281          109.946                30.491           33.470           30.600         73.65                         
      1.130         10.279          109.945                30.510           33.498           30.600         73.78                         
      1.140         10.278          109.945                30.528           33.525           30.600         73.91                         
      1.150         10.276          109.945                30.545           33.550           30.600         74.02                         
      1.160         10.274          109.945                30.560           33.573           30.600         74.14                         
      1.170         10.273          109.944                30.575           33.595           30.600         74.24                         
      1.180         10.272          109.944                30.589           33.616           30.600         74.34                         
      1.190         10.270          109.944                30.602           33.635           30.600         74.43                         
      1.200         10.269          109.944                30.613           33.653           30.600         74.52                         
      1.210         10.268          109.943                30.624           33.669           30.600         74.60                         
      1.220         10.267          109.943                30.634           33.684           30.600         74.67                         
      1.230         10.266          109.943                30.643           33.697           30.600         74.73                         
      1.240         10.265          109.943                30.651           33.709           30.600         74.79                         
      1.250         10.265          109.943                30.658           33.719           30.600         74.84                         
      1.260         10.264          109.943                30.664           33.728           30.600         74.89                         
      1.270         10.263          109.943                30.669           33.736           30.600         74.93                         
      1.280         10.263          109.942                30.673           33.743           30.600         74.96                         
      1.290         10.263          109.942                30.676           33.747           30.600         74.98                         
      1.300         10.262          109.942                30.679           33.751           30.600         75.00                         
      1.310         10.262          109.942                30.680           33.753           30.600         75.01                         
      1.320         10.262          109.942                30.681           33.754           30.600         75.02                         
      1.330         10.262          109.942                30.680           33.753           30.600         75.01                         
      1.340         10.262          109.942                30.679           33.751           30.600         75.00                         
      1.350         10.263          109.942                30.677           33.748           30.600         74.99                         
      1.360         10.263          109.942                30.674           33.743           30.600         74.96                         
      1.370         10.263          109.943                30.670           33.737           30.600         74.93                         
      1.380         10.264          109.943                30.665           33.730           30.600         74.90                         
      1.390         10.264          109.943                30.659           33.721           30.600         74.85                         
      1.400         10.265          109.943                30.652           33.711           30.600         74.80                         
      1.410         10.266          109.943                30.644           33.699           30.600         74.75                         
      1.420         10.267          109.943                30.636           33.686           30.600         74.68                         
      1.430         10.268          109.943                30.626           33.672           30.600         74.61                         
      1.440         10.269          109.944                30.616           33.656           30.600         74.53                         
      1.450         10.270          109.944                30.604           33.639           30.600         74.45                         
      1.460         10.271          109.944                30.592           33.620           30.600         74.36                         
      1.470         10.273          109.944                30.578           33.600           30.600         74.26                         
      1.480         10.274          109.944                30.564           33.578           30.600         74.16                         
      1.490         10.276          109.945                30.548           33.555           30.600         74.05                         
      1.500         10.277          109.945                30.532           33.531           30.600         73.94                         
      1.510         10.279          109.945                30.515           33.505           30.600         73.81                         
      1.520         10.281          109.946                30.496           33.478           30.600         73.68                         
      1.530         10.283          109.946                30.476           33.449           30.600         73.55                         
      1.540         10.285          109.946                30.456           33.419           30.600         73.41                         
      1.550         10.287          109.947                30.434           33.387           30.600         73.26                         
      1.560         10.289          109.947                30.411           33.354           30.600         73.11                         
      1.570         10.291          109.947                30.388           33.319           30.600         72.95                         
      1.580         10.293          109.948                30.363           33.283           30.600         72.79                         
      1.590         10.296          109.948                30.336           33.245           30.600         72.62                         
      1.600         10.298          109.949                30.309           33.206           30.600         72.44                         
      1.610         10.300          109.949                30.281           33.165           30.600         72.26                         
      1.620         10.303          109.950                30.251           33.123           30.600         72.08                         
      1.630         10.306          109.950                30.220           33.079           30.600         71.88                         
      1.640         10.308          109.951                30.188           33.034           30.600         71.69                         
      1.650         10.311          109.951                30.155           32.987           30.600         71.49                         
      1.660         10.314          109.952                30.121           32.939           30.600         71.28                         
      1.670         10.317          109.952                30.085           32.889           30.600         71.07                         
      1.680         10.320          109.953                30.048           32.837           30.600         70.85                         
      1.690         10.323          109.953                30.010           32.784           30.600         70.63                         
      1.700         10.326          109.954                29.971           32.730           30.600         70.40                         
      1.710         10.329          109.954                29.930           32.674           30.600         70.17                         
      1.720         10.332          109.955                29.889           32.616           30.600         69.94                         
      1.730         10.335          109.956                29.845           32.557           30.600         69.70                         
      1.740         10.338          109.956                29.801           32.497           30.600         69.46                         
      1.750         10.342          109.957                29.755           32.434           30.600         69.21                         
      1.760         10.345          109.957                29.709           32.371           30.600         68.96                         
      1.770         10.348          109.958                29.660           32.306           30.600         68.71                         
      1.780         10.352          109.959                29.611           32.239           30.600         68.45                         
      1.790         10.355          109.959                29.560           32.171           30.600         68.19                         
      1.800         10.359          109.960                29.508           32.102           30.600         67.92                         
      1.810         10.362          109.961                29.455           32.031           30.600         67.66                         
      1.820         10.366          109.961                29.401           31.959           30.600         67.39                         
      1.830         10.369          109.962                29.345           31.885           30.600         67.11                         
      1.840         10.373          109.963                29.289           31.810           30.600         66.84                         
      1.850         10.377          109.963                29.231           31.734           30.600         66.56                         
      1.860         10.380          109.964                29.172           31.657           30.600         66.28                         
      1.870         10.384          109.965                29.111           31.578           30.600         66.00                         
      1.880         10.387          109.965                29.050           31.498           30.600         65.71                         
      1.890         10.391          109.966                28.988           31.417           30.600         65.43                         
      1.900         10.395          109.967                28.924           31.335           30.600         65.14                         
      1.910         10.398          109.967                28.860           31.252           30.600         64.85                         
      1.920         10.402          109.968                28.794           31.168           30.600         64.56                         
      1.930         10.406          109.969                28.728           31.083           30.600         64.27                         
      1.940         10.409          109.969                28.660           30.997           30.600         63.98                         
      1.950         10.413          109.970                28.592           30.910           30.600         63.69                         
      1.960         10.417          109.971                28.523           30.822           30.600         63.40                         
      1.970         10.420          109.971                28.453           30.734           30.600         63.11                         
      1.980         10.424          109.972                28.383           30.644           30.600         62.82                         
      1.990         10.428          109.973                28.311           30.555           30.600         62.52                         
      2.000         10.431          109.974                28.239           30.464           30.600         62.23                         

