  ¬рем€            U                U                Pij              –г               –т г             ”гол рот         ќтн угол U       
                   601              1002             1001             601              601              601              601              
                                                     1002                                                                                 
                                                     1                                                                                    

                    10.500          110.000                14.169           30.400           30.400         50.47                         
      0.010         10.500          110.000                14.169           30.400           30.400         50.47                         
      0.020         10.500          110.000                14.169           30.400           30.400         50.47                         
      0.030         10.500          110.000                14.169           30.400           30.400         50.47                         
      0.040         10.500          110.000                14.169           30.400           30.400         50.47                         
      0.050         10.500          110.000                14.169           30.400           30.400         50.47                         
      0.060         10.500          110.000                14.169           30.400           30.400         50.47                         
      0.070         10.500          110.000                14.169           30.400           30.400         50.47                         
      0.080         10.500          110.000                14.169           30.400           30.400         50.47                         
      0.090         10.500          110.000                14.169           30.400           30.400         50.47                         
      0.100         10.500          110.000                14.169           30.400           30.400         50.47                         
      0.100         10.559          109.999                24.734           26.260           30.400         50.47                         
      0.110         10.559          109.999                24.736           26.262           30.400         50.48                         
      0.120         10.559          109.999                24.741           26.267           30.400         50.49                         
      0.130         10.558          109.999                24.749           26.277           30.400         50.52                         
      0.140         10.558          109.999                24.761           26.291           30.400         50.55                         
      0.150         10.558          109.999                24.776           26.308           30.400         50.59                         
      0.160         10.557          109.999                24.794           26.329           30.400         50.65                         
      0.170         10.556          109.998                24.815           26.353           30.400         50.71                         
      0.180         10.556          109.998                24.839           26.382           30.400         50.78                         
      0.190         10.555          109.998                24.867           26.413           30.400         50.86                         
      0.200         10.554          109.998                24.897           26.449           30.400         50.95                         
      0.210         10.553          109.998                24.930           26.487           30.400         51.05                         
      0.220         10.552          109.997                24.966           26.529           30.400         51.15                         
      0.230         10.551          109.997                25.005           26.574           30.400         51.27                         
      0.240         10.549          109.997                25.047           26.623           30.400         51.39                         
      0.250         10.548          109.997                25.091           26.674           30.400         51.52                         
      0.260         10.547          109.996                25.138           26.729           30.400         51.66                         
      0.270         10.545          109.996                25.187           26.786           30.400         51.81                         
      0.280         10.543          109.996                25.239           26.847           30.400         51.97                         
      0.290         10.542          109.995                25.293           26.910           30.400         52.13                         
      0.300         10.540          109.995                25.349           26.976           30.400         52.30                         
      0.310         10.538          109.995                25.407           27.045           30.400         52.48                         
      0.320         10.536          109.994                25.468           27.116           30.400         52.66                         
      0.330         10.534          109.994                25.531           27.189           30.400         52.85                         
      0.340         10.532          109.993                25.595           27.265           30.400         53.05                         
      0.350         10.530          109.993                25.661           27.343           30.400         53.26                         
      0.360         10.527          109.992                25.730           27.423           30.400         53.47                         
      0.370         10.525          109.992                25.799           27.506           30.400         53.69                         
      0.380         10.523          109.992                25.870           27.590           30.400         53.91                         
      0.390         10.520          109.991                25.943           27.676           30.400         54.14                         
      0.400         10.518          109.990                26.017           27.764           30.400         54.38                         
      0.410         10.515          109.990                26.093           27.853           30.400         54.62                         
      0.420         10.512          109.989                26.169           27.944           30.400         54.87                         
      0.430         10.509          109.989                26.247           28.036           30.400         55.12                         
      0.440         10.507          109.988                26.325           28.130           30.400         55.38                         
      0.450         10.504          109.988                26.405           28.225           30.400         55.64                         
      0.460         10.501          109.987                26.485           28.320           30.400         55.90                         
      0.470         10.498          109.987                26.566           28.417           30.400         56.17                         
      0.480         10.495          109.986                26.647           28.515           30.400         56.44                         
      0.490         10.492          109.985                26.729           28.613           30.400         56.72                         
      0.500         10.488          109.985                26.811           28.713           30.400         57.00                         
      0.510         10.485          109.984                26.894           28.812           30.400         57.29                         
      0.520         10.482          109.983                26.977           28.913           30.400         57.58                         
      0.530         10.478          109.983                27.060           29.013           30.400         57.87                         
      0.540         10.475          109.982                27.143           29.114           30.400         58.16                         
      0.550         10.472          109.981                27.226           29.215           30.400         58.45                         
      0.560         10.468          109.981                27.309           29.316           30.400         58.75                         
      0.570         10.465          109.980                27.392           29.417           30.400         59.05                         
      0.580         10.461          109.979                27.474           29.518           30.400         59.35                         
      0.590         10.458          109.979                27.556           29.619           30.400         59.66                         
      0.600         10.454          109.978                27.638           29.720           30.400         59.96                         
      0.610         10.450          109.977                27.719           29.820           30.400         60.27                         
      0.620         10.447          109.976                27.800           29.919           30.400         60.57                         
      0.630         10.443          109.976                27.880           30.019           30.400         60.88                         
      0.640         10.439          109.975                27.960           30.117           30.400         61.19                         
      0.650         10.435          109.974                28.038           30.215           30.400         61.49                         
      0.660         10.432          109.974                28.116           30.312           30.400         61.80                         
      0.670         10.428          109.973                28.193           30.409           30.400         62.11                         
      0.680         10.424          109.972                28.269           30.504           30.400         62.42                         
      0.690         10.420          109.971                28.344           30.599           30.400         62.72                         
      0.700         10.417          109.971                28.418           30.692           30.400         63.03                         
      0.710         10.413          109.970                28.491           30.785           30.400         63.33                         
      0.720         10.409          109.969                28.563           30.876           30.400         63.64                         
      0.730         10.405          109.969                28.634           30.966           30.400         63.94                         
      0.740         10.401          109.968                28.704           31.055           30.400         64.24                         
      0.750         10.398          109.967                28.772           31.143           30.400         64.54                         
      0.760         10.394          109.966                28.840           31.230           30.400         64.84                         
      0.770         10.390          109.966                28.906           31.315           30.400         65.13                         
      0.780         10.386          109.965                28.970           31.398           30.400         65.42                         
      0.790         10.383          109.964                29.034           31.481           30.400         65.71                         
      0.800         10.379          109.964                29.096           31.562           30.400         66.00                         
      0.810         10.375          109.963                29.157           31.641           30.400         66.29                         
      0.820         10.372          109.962                29.216           31.719           30.400         66.57                         
      0.830         10.368          109.962                29.274           31.795           30.400         66.85                         
      0.840         10.365          109.961                29.331           31.870           30.400         67.12                         
      0.850         10.361          109.960                29.386           31.943           30.400         67.39                         
      0.860         10.357          109.960                29.440           32.015           30.400         67.66                         
      0.870         10.354          109.959                29.493           32.085           30.400         67.93                         
      0.880         10.351          109.958                29.544           32.153           30.400         68.19                         
      0.890         10.347          109.958                29.593           32.220           30.400         68.44                         
      0.900         10.344          109.957                29.642           32.285           30.400         68.69                         
      0.910         10.341          109.956                29.689           32.348           30.400         68.94                         
      0.920         10.337          109.956                29.734           32.410           30.400         69.18                         
      0.930         10.334          109.955                29.778           32.470           30.400         69.42                         
      0.940         10.331          109.955                29.821           32.528           30.400         69.66                         
      0.950         10.328          109.954                29.863           32.585           30.400         69.89                         
      0.960         10.325          109.954                29.903           32.640           30.400         70.11                         
      0.970         10.322          109.953                29.941           32.693           30.400         70.33                         
      0.980         10.319          109.953                29.979           32.745           30.400         70.54                         
      0.990         10.316          109.952                30.015           32.795           30.400         70.75                         
      1.000         10.314          109.951                30.049           32.844           30.400         70.95                         
      1.010         10.311          109.951                30.083           32.890           30.400         71.15                         
      1.020         10.308          109.951                30.115           32.935           30.400         71.34                         
      1.030         10.306          109.950                30.146           32.979           30.400         71.53                         
      1.040         10.303          109.950                30.175           33.021           30.400         71.71                         
      1.050         10.301          109.949                30.203           33.061           30.400         71.88                         
      1.060         10.299          109.949                30.231           33.099           30.400         72.05                         
      1.070         10.296          109.948                30.256           33.136           30.400         72.21                         
      1.080         10.294          109.948                30.281           33.171           30.400         72.37                         
      1.090         10.292          109.948                30.305           33.205           30.400         72.52                         
      1.100         10.290          109.947                30.327           33.237           30.400         72.67                         
      1.110         10.288          109.947                30.348           33.268           30.400         72.80                         
      1.120         10.286          109.947                30.368           33.297           30.400         72.93                         
      1.130         10.285          109.946                30.387           33.324           30.400         73.06                         
      1.140         10.283          109.946                30.405           33.350           30.400         73.18                         
      1.150         10.281          109.946                30.421           33.375           30.400         73.29                         
      1.160         10.280          109.945                30.437           33.397           30.400         73.40                         
      1.170         10.279          109.945                30.452           33.419           30.400         73.49                         
      1.180         10.277          109.945                30.465           33.438           30.400         73.59                         
      1.190         10.276          109.945                30.477           33.457           30.400         73.67                         
      1.200         10.275          109.945                30.489           33.474           30.400         73.75                         
      1.210         10.274          109.944                30.499           33.489           30.400         73.82                         
      1.220         10.273          109.944                30.509           33.503           30.400         73.89                         
      1.230         10.272          109.944                30.517           33.515           30.400         73.95                         
      1.240         10.272          109.944                30.524           33.526           30.400         74.00                         
      1.250         10.271          109.944                30.531           33.535           30.400         74.04                         
      1.260         10.270          109.944                30.536           33.543           30.400         74.08                         
      1.270         10.270          109.944                30.540           33.550           30.400         74.11                         
      1.280         10.270          109.944                30.544           33.555           30.400         74.14                         
      1.290         10.269          109.944                30.546           33.559           30.400         74.16                         
      1.300         10.269          109.944                30.548           33.561           30.400         74.17                         
      1.310         10.269          109.944                30.548           33.562           30.400         74.17                         
      1.320         10.269          109.944                30.548           33.561           30.400         74.17                         
      1.330         10.269          109.944                30.546           33.559           30.400         74.16                         
      1.340         10.270          109.944                30.544           33.556           30.400         74.14                         
      1.350         10.270          109.944                30.541           33.551           30.400         74.12                         
      1.360         10.270          109.944                30.537           33.544           30.400         74.09                         
      1.370         10.271          109.944                30.531           33.536           30.400         74.05                         
      1.380         10.272          109.944                30.525           33.527           30.400         74.00                         
      1.390         10.272          109.944                30.518           33.516           30.400         73.95                         
      1.400         10.273          109.944                30.510           33.504           30.400         73.90                         
      1.410         10.274          109.944                30.500           33.491           30.400         73.83                         
      1.420         10.275          109.945                30.490           33.476           30.400         73.76                         
      1.430         10.276          109.945                30.479           33.459           30.400         73.68                         
      1.440         10.277          109.945                30.467           33.441           30.400         73.60                         
      1.450         10.278          109.945                30.454           33.422           30.400         73.51                         
      1.460         10.280          109.945                30.439           33.401           30.400         73.41                         
      1.470         10.281          109.946                30.424           33.379           30.400         73.31                         
      1.480         10.283          109.946                30.408           33.355           30.400         73.20                         
      1.490         10.284          109.946                30.390           33.329           30.400         73.08                         
      1.500         10.286          109.947                30.372           33.303           30.400         72.96                         
      1.510         10.288          109.947                30.352           33.274           30.400         72.83                         
      1.520         10.290          109.947                30.332           33.244           30.400         72.70                         
      1.530         10.292          109.948                30.310           33.213           30.400         72.56                         
      1.540         10.294          109.948                30.287           33.180           30.400         72.41                         
      1.550         10.296          109.948                30.263           33.146           30.400         72.26                         
      1.560         10.298          109.949                30.238           33.110           30.400         72.10                         
      1.570         10.300          109.949                30.212           33.072           30.400         71.93                         
      1.580         10.302          109.949                30.184           33.033           30.400         71.76                         
      1.590         10.305          109.950                30.155           32.993           30.400         71.59                         
      1.600         10.307          109.950                30.125           32.951           30.400         71.41                         
      1.610         10.310          109.951                30.094           32.907           30.400         71.22                         
      1.620         10.313          109.951                30.062           32.862           30.400         71.03                         
      1.630         10.315          109.952                30.029           32.815           30.400         70.83                         
      1.640         10.318          109.952                29.994           32.766           30.400         70.63                         
      1.650         10.321          109.953                29.958           32.717           30.400         70.42                         
      1.660         10.324          109.953                29.921           32.665           30.400         70.21                         
      1.670         10.326          109.954                29.882           32.612           30.400         69.99                         
      1.680         10.329          109.954                29.842           32.557           30.400         69.77                         
      1.690         10.332          109.955                29.801           32.501           30.400         69.55                         
      1.700         10.336          109.956                29.759           32.444           30.400         69.32                         
      1.710         10.339          109.956                29.716           32.384           30.400         69.08                         
      1.720         10.342          109.957                29.671           32.324           30.400         68.85                         
      1.730         10.345          109.957                29.625           32.262           30.400         68.60                         
      1.740         10.348          109.958                29.577           32.198           30.400         68.36                         
      1.750         10.352          109.958                29.529           32.133           30.400         68.11                         
      1.760         10.355          109.959                29.479           32.066           30.400         67.85                         
      1.770         10.358          109.960                29.427           31.998           30.400         67.60                         
      1.780         10.362          109.960                29.375           31.928           30.400         67.34                         
      1.790         10.365          109.961                29.321           31.857           30.400         67.07                         
      1.800         10.369          109.962                29.266           31.785           30.400         66.81                         
      1.810         10.372          109.962                29.210           31.711           30.400         66.54                         
      1.820         10.376          109.963                29.153           31.636           30.400         66.27                         
      1.830         10.379          109.964                29.095           31.560           30.400         65.99                         
      1.840         10.383          109.964                29.035           31.482           30.400         65.72                         
      1.850         10.386          109.965                28.974           31.403           30.400         65.44                         
      1.860         10.390          109.966                28.912           31.323           30.400         65.16                         
      1.870         10.393          109.966                28.849           31.242           30.400         64.88                         
      1.880         10.397          109.967                28.785           31.160           30.400         64.60                         
      1.890         10.401          109.968                28.720           31.076           30.400         64.31                         
      1.900         10.404          109.968                28.654           30.992           30.400         64.03                         
      1.910         10.408          109.969                28.587           30.907           30.400         63.74                         
      1.920         10.411          109.970                28.519           30.820           30.400         63.45                         
      1.930         10.415          109.970                28.451           30.733           30.400         63.16                         
      1.940         10.419          109.971                28.381           30.645           30.400         62.87                         
      1.950         10.422          109.972                28.311           30.556           30.400         62.59                         
      1.960         10.426          109.972                28.240           30.467           30.400         62.30                         
      1.970         10.429          109.973                28.168           30.377           30.400         62.01                         
      1.980         10.433          109.974                28.095           30.287           30.400         61.72                         
      1.990         10.436          109.974                28.022           30.195           30.400         61.43                         
      2.000         10.440          109.975                27.949           30.104           30.400         61.14                         

