  ¬рем€            U                U                Pij              –г               –т г             ”гол рот         ќтн угол U       
                   601              1002             1001             601              601              601              601              
                                                     1002                                                                                 
                                                     1                                                                                    

                    10.500          110.000                14.126           30.300           30.300         50.27                         
      0.010         10.500          110.000                14.126           30.300           30.300         50.27                         
      0.020         10.500          110.000                14.126           30.300           30.300         50.27                         
      0.030         10.500          110.000                14.126           30.300           30.300         50.27                         
      0.040         10.500          110.000                14.126           30.300           30.300         50.27                         
      0.050         10.500          110.000                14.126           30.300           30.300         50.27                         
      0.060         10.500          110.000                14.126           30.300           30.300         50.27                         
      0.070         10.500          110.000                14.126           30.300           30.300         50.27                         
      0.080         10.500          110.000                14.126           30.300           30.300         50.27                         
      0.090         10.500          110.000                14.126           30.300           30.300         50.27                         
      0.100         10.500          110.000                14.126           30.300           30.300         50.27                         
      0.100         10.558          109.999                24.659           26.173           30.300         50.27                         
      0.110         10.558          109.999                24.661           26.175           30.300         50.28                         
      0.120         10.558          109.999                24.666           26.181           30.300         50.29                         
      0.130         10.558          109.999                24.674           26.190           30.300         50.32                         
      0.140         10.558          109.999                24.686           26.204           30.300         50.35                         
      0.150         10.557          109.999                24.701           26.221           30.300         50.40                         
      0.160         10.557          109.999                24.719           26.242           30.300         50.45                         
      0.170         10.556          109.998                24.740           26.267           30.300         50.51                         
      0.180         10.555          109.998                24.764           26.295           30.300         50.58                         
      0.190         10.554          109.998                24.791           26.326           30.300         50.66                         
      0.200         10.554          109.998                24.822           26.362           30.300         50.75                         
      0.210         10.553          109.998                24.855           26.400           30.300         50.85                         
      0.220         10.551          109.997                24.891           26.442           30.300         50.95                         
      0.230         10.550          109.997                24.930           26.487           30.300         51.07                         
      0.240         10.549          109.997                24.971           26.536           30.300         51.19                         
      0.250         10.548          109.997                25.016           26.587           30.300         51.32                         
      0.260         10.546          109.996                25.063           26.642           30.300         51.46                         
      0.270         10.545          109.996                25.112           26.700           30.300         51.61                         
      0.280         10.543          109.996                25.164           26.760           30.300         51.76                         
      0.290         10.541          109.995                25.218           26.823           30.300         51.92                         
      0.300         10.540          109.995                25.274           26.889           30.300         52.09                         
      0.310         10.538          109.995                25.333           26.958           30.300         52.27                         
      0.320         10.536          109.994                25.393           27.029           30.300         52.46                         
      0.330         10.534          109.994                25.456           27.103           30.300         52.65                         
      0.340         10.532          109.993                25.521           27.178           30.300         52.85                         
      0.350         10.530          109.993                25.587           27.256           30.300         53.05                         
      0.360         10.527          109.992                25.655           27.337           30.300         53.26                         
      0.370         10.525          109.992                25.725           27.419           30.300         53.48                         
      0.380         10.523          109.991                25.796           27.503           30.300         53.70                         
      0.390         10.520          109.991                25.869           27.589           30.300         53.93                         
      0.400         10.518          109.990                25.943           27.677           30.300         54.17                         
      0.410         10.515          109.990                26.019           27.766           30.300         54.41                         
      0.420         10.512          109.989                26.095           27.857           30.300         54.65                         
      0.430         10.509          109.989                26.173           27.950           30.300         54.90                         
      0.440         10.507          109.988                26.252           28.043           30.300         55.16                         
      0.450         10.504          109.988                26.331           28.138           30.300         55.42                         
      0.460         10.501          109.987                26.412           28.234           30.300         55.68                         
      0.470         10.498          109.987                26.493           28.331           30.300         55.95                         
      0.480         10.495          109.986                26.574           28.428           30.300         56.22                         
      0.490         10.492          109.985                26.656           28.527           30.300         56.50                         
      0.500         10.488          109.985                26.739           28.626           30.300         56.78                         
      0.510         10.485          109.984                26.822           28.726           30.300         57.06                         
      0.520         10.482          109.983                26.905           28.826           30.300         57.35                         
      0.530         10.479          109.983                26.988           28.927           30.300         57.64                         
      0.540         10.475          109.982                27.071           29.028           30.300         57.93                         
      0.550         10.472          109.981                27.154           29.129           30.300         58.23                         
      0.560         10.468          109.981                27.237           29.230           30.300         58.52                         
      0.570         10.465          109.980                27.320           29.331           30.300         58.82                         
      0.580         10.461          109.979                27.403           29.432           30.300         59.12                         
      0.590         10.458          109.979                27.485           29.533           30.300         59.42                         
      0.600         10.454          109.978                27.567           29.634           30.300         59.72                         
      0.610         10.451          109.977                27.649           29.734           30.300         60.03                         
      0.620         10.447          109.977                27.730           29.834           30.300         60.33                         
      0.630         10.443          109.976                27.810           29.933           30.300         60.64                         
      0.640         10.440          109.975                27.890           30.031           30.300         60.94                         
      0.650         10.436          109.974                27.968           30.129           30.300         61.25                         
      0.660         10.432          109.974                28.046           30.227           30.300         61.56                         
      0.670         10.429          109.973                28.124           30.323           30.300         61.86                         
      0.680         10.425          109.972                28.200           30.419           30.300         62.17                         
      0.690         10.421          109.972                28.275           30.513           30.300         62.47                         
      0.700         10.417          109.971                28.350           30.607           30.300         62.78                         
      0.710         10.414          109.970                28.423           30.699           30.300         63.08                         
      0.720         10.410          109.969                28.495           30.791           30.300         63.38                         
      0.730         10.406          109.969                28.566           30.881           30.300         63.68                         
      0.740         10.402          109.968                28.636           30.970           30.300         63.98                         
      0.750         10.399          109.967                28.705           31.058           30.300         64.28                         
      0.760         10.395          109.967                28.772           31.145           30.300         64.57                         
      0.770         10.391          109.966                28.839           31.230           30.300         64.87                         
      0.780         10.387          109.965                28.903           31.313           30.300         65.16                         
      0.790         10.384          109.964                28.967           31.396           30.300         65.45                         
      0.800         10.380          109.964                29.029           31.477           30.300         65.73                         
      0.810         10.376          109.963                29.090           31.556           30.300         66.01                         
      0.820         10.373          109.962                29.150           31.634           30.300         66.29                         
      0.830         10.369          109.962                29.208           31.710           30.300         66.57                         
      0.840         10.366          109.961                29.265           31.785           30.300         66.84                         
      0.850         10.362          109.960                29.321           31.858           30.300         67.11                         
      0.860         10.359          109.960                29.375           31.930           30.300         67.38                         
      0.870         10.355          109.959                29.428           32.000           30.300         67.64                         
      0.880         10.352          109.959                29.479           32.068           30.300         67.90                         
      0.890         10.349          109.958                29.529           32.135           30.300         68.15                         
      0.900         10.345          109.957                29.577           32.200           30.300         68.40                         
      0.910         10.342          109.957                29.624           32.263           30.300         68.65                         
      0.920         10.339          109.956                29.670           32.325           30.300         68.89                         
      0.930         10.336          109.956                29.714           32.385           30.300         69.12                         
      0.940         10.333          109.955                29.757           32.443           30.300         69.35                         
      0.950         10.330          109.954                29.799           32.500           30.300         69.58                         
      0.960         10.327          109.954                29.839           32.555           30.300         69.80                         
      0.970         10.324          109.953                29.878           32.608           30.300         70.02                         
      0.980         10.321          109.953                29.915           32.660           30.300         70.23                         
      0.990         10.318          109.952                29.951           32.710           30.300         70.43                         
      1.000         10.315          109.952                29.986           32.758           30.300         70.63                         
      1.010         10.313          109.951                30.020           32.805           30.300         70.83                         
      1.020         10.310          109.951                30.052           32.850           30.300         71.02                         
      1.030         10.308          109.950                30.083           32.893           30.300         71.20                         
      1.040         10.305          109.950                30.112           32.935           30.300         71.38                         
      1.050         10.303          109.950                30.141           32.975           30.300         71.55                         
      1.060         10.301          109.949                30.168           33.013           30.300         71.72                         
      1.070         10.299          109.949                30.194           33.050           30.300         71.88                         
      1.080         10.296          109.948                30.218           33.085           30.300         72.03                         
      1.090         10.294          109.948                30.242           33.118           30.300         72.18                         
      1.100         10.293          109.948                30.264           33.150           30.300         72.32                         
      1.110         10.291          109.947                30.285           33.181           30.300         72.45                         
      1.120         10.289          109.947                30.305           33.209           30.300         72.58                         
      1.130         10.287          109.947                30.324           33.236           30.300         72.70                         
      1.140         10.286          109.946                30.342           33.262           30.300         72.82                         
      1.150         10.284          109.946                30.358           33.286           30.300         72.93                         
      1.160         10.283          109.946                30.374           33.308           30.300         73.03                         
      1.170         10.281          109.946                30.388           33.329           30.300         73.12                         
      1.180         10.280          109.945                30.402           33.349           30.300         73.21                         
      1.190         10.279          109.945                30.414           33.367           30.300         73.30                         
      1.200         10.278          109.945                30.425           33.383           30.300         73.37                         
      1.210         10.277          109.945                30.435           33.398           30.300         73.44                         
      1.220         10.276          109.945                30.444           33.411           30.300         73.50                         
      1.230         10.275          109.945                30.452           33.423           30.300         73.56                         
      1.240         10.275          109.944                30.459           33.433           30.300         73.61                         
      1.250         10.274          109.944                30.466           33.442           30.300         73.65                         
      1.260         10.274          109.944                30.471           33.450           30.300         73.68                         
      1.270         10.273          109.944                30.475           33.456           30.300         73.71                         
      1.280         10.273          109.944                30.478           33.460           30.300         73.73                         
      1.290         10.273          109.944                30.480           33.463           30.300         73.75                         
      1.300         10.273          109.944                30.481           33.465           30.300         73.75                         
      1.310         10.273          109.944                30.481           33.465           30.300         73.75                         
      1.320         10.273          109.944                30.480           33.463           30.300         73.75                         
      1.330         10.273          109.944                30.478           33.461           30.300         73.73                         
      1.340         10.273          109.944                30.475           33.456           30.300         73.71                         
      1.350         10.274          109.944                30.471           33.450           30.300         73.69                         
      1.360         10.274          109.944                30.466           33.443           30.300         73.65                         
      1.370         10.275          109.944                30.460           33.435           30.300         73.61                         
      1.380         10.275          109.945                30.453           33.424           30.300         73.56                         
      1.390         10.276          109.945                30.445           33.413           30.300         73.51                         
      1.400         10.277          109.945                30.437           33.400           30.300         73.45                         
      1.410         10.278          109.945                30.427           33.385           30.300         73.38                         
      1.420         10.279          109.945                30.416           33.369           30.300         73.31                         
      1.430         10.280          109.945                30.404           33.352           30.300         73.23                         
      1.440         10.281          109.946                30.391           33.333           30.300         73.14                         
      1.450         10.282          109.946                30.376           33.312           30.300         73.05                         
      1.460         10.284          109.946                30.361           33.290           30.300         72.95                         
      1.470         10.285          109.946                30.345           33.267           30.300         72.84                         
      1.480         10.287          109.947                30.328           33.242           30.300         72.73                         
      1.490         10.289          109.947                30.309           33.215           30.300         72.61                         
      1.500         10.290          109.947                30.290           33.187           30.300         72.48                         
      1.510         10.292          109.948                30.269           33.157           30.300         72.35                         
      1.520         10.294          109.948                30.248           33.126           30.300         72.21                         
      1.530         10.296          109.948                30.225           33.094           30.300         72.07                         
      1.540         10.298          109.949                30.201           33.059           30.300         71.92                         
      1.550         10.300          109.949                30.175           33.024           30.300         71.76                         
      1.560         10.302          109.949                30.149           32.986           30.300         71.60                         
      1.570         10.305          109.950                30.122           32.948           30.300         71.43                         
      1.580         10.307          109.950                30.093           32.907           30.300         71.26                         
      1.590         10.309          109.951                30.063           32.865           30.300         71.08                         
      1.600         10.312          109.951                30.032           32.822           30.300         70.90                         
      1.610         10.314          109.952                29.999           32.776           30.300         70.71                         
      1.620         10.317          109.952                29.966           32.730           30.300         70.52                         
      1.630         10.320          109.953                29.931           32.681           30.300         70.32                         
      1.640         10.323          109.953                29.895           32.632           30.300         70.11                         
      1.650         10.325          109.954                29.857           32.580           30.300         69.90                         
      1.660         10.328          109.954                29.819           32.527           30.300         69.69                         
      1.670         10.331          109.955                29.779           32.473           30.300         69.47                         
      1.680         10.334          109.955                29.738           32.417           30.300         69.25                         
      1.690         10.337          109.956                29.695           32.359           30.300         69.02                         
      1.700         10.340          109.956                29.651           32.300           30.300         68.79                         
      1.710         10.343          109.957                29.606           32.239           30.300         68.55                         
      1.720         10.347          109.958                29.560           32.177           30.300         68.31                         
      1.730         10.350          109.958                29.513           32.113           30.300         68.07                         
      1.740         10.353          109.959                29.464           32.048           30.300         67.82                         
      1.750         10.356          109.959                29.414           31.981           30.300         67.57                         
      1.760         10.360          109.960                29.362           31.913           30.300         67.31                         
      1.770         10.363          109.961                29.310           31.844           30.300         67.06                         
      1.780         10.366          109.961                29.256           31.773           30.300         66.80                         
      1.790         10.370          109.962                29.201           31.700           30.300         66.53                         
      1.800         10.373          109.962                29.144           31.626           30.300         66.27                         
      1.810         10.377          109.963                29.087           31.551           30.300         66.00                         
      1.820         10.380          109.964                29.028           31.475           30.300         65.72                         
      1.830         10.384          109.964                28.968           31.397           30.300         65.45                         
      1.840         10.387          109.965                28.907           31.318           30.300         65.17                         
      1.850         10.391          109.966                28.845           31.238           30.300         64.90                         
      1.860         10.394          109.966                28.782           31.157           30.300         64.62                         
      1.870         10.398          109.967                28.718           31.075           30.300         64.34                         
      1.880         10.401          109.968                28.653           30.991           30.300         64.05                         
      1.890         10.405          109.968                28.586           30.907           30.300         63.77                         
      1.900         10.409          109.969                28.519           30.821           30.300         63.48                         
      1.910         10.412          109.970                28.451           30.735           30.300         63.20                         
      1.920         10.416          109.970                28.382           30.648           30.300         62.91                         
      1.930         10.419          109.971                28.312           30.560           30.300         62.62                         
      1.940         10.423          109.972                28.242           30.471           30.300         62.34                         
      1.950         10.426          109.973                28.170           30.382           30.300         62.05                         
      1.960         10.430          109.973                28.098           30.291           30.300         61.76                         
      1.970         10.433          109.974                28.026           30.201           30.300         61.48                         
      1.980         10.437          109.975                27.953           30.110           30.300         61.19                         
      1.990         10.440          109.975                27.879           30.018           30.300         60.90                         
      2.000         10.444          109.976                27.805           29.926           30.300         60.62                         

