  ¬рем€            U                U                Pij              –г               –т г             ”гол рот         ќтн угол U       
                   601              1002             1001             601              601              601              601              
                                                     1002                                                                                 
                                                     1                                                                                    

                    10.500          110.000                13.999           30.000           30.000         49.68                         
      0.010         10.500          110.000                13.999           30.000           30.000         49.68                         
      0.020         10.500          110.000                13.999           30.000           30.000         49.68                         
      0.030         10.500          110.000                13.999           30.000           30.000         49.68                         
      0.040         10.500          110.000                13.999           30.000           30.000         49.68                         
      0.050         10.500          110.000                13.999           30.000           30.000         49.68                         
      0.060         10.500          110.000                13.999           30.000           30.000         49.68                         
      0.070         10.500          110.000                13.999           30.000           30.000         49.68                         
      0.080         10.500          110.000                13.999           30.000           30.000         49.68                         
      0.090         10.500          110.000                13.999           30.000           30.000         49.68                         
      0.100         10.500          110.000                13.999           30.000           30.000         49.68                         
      0.100         10.557          109.999                24.432           25.912           30.000         49.68                         
      0.110         10.557          109.999                24.434           25.914           30.000         49.69                         
      0.120         10.557          109.999                24.439           25.920           30.000         49.70                         
      0.130         10.557          109.999                24.448           25.930           30.000         49.72                         
      0.140         10.557          109.999                24.459           25.943           30.000         49.76                         
      0.150         10.556          109.998                24.474           25.961           30.000         49.80                         
      0.160         10.556          109.998                24.492           25.982           30.000         49.85                         
      0.170         10.555          109.998                24.514           26.006           30.000         49.91                         
      0.180         10.554          109.998                24.538           26.034           30.000         49.98                         
      0.190         10.553          109.998                24.565           26.066           30.000         50.06                         
      0.200         10.553          109.998                24.596           26.101           30.000         50.15                         
      0.210         10.552          109.997                24.629           26.140           30.000         50.25                         
      0.220         10.551          109.997                24.665           26.182           30.000         50.35                         
      0.230         10.549          109.997                24.704           26.227           30.000         50.47                         
      0.240         10.548          109.997                24.746           26.275           30.000         50.59                         
      0.250         10.547          109.996                24.790           26.327           30.000         50.72                         
      0.260         10.545          109.996                24.837           26.382           30.000         50.86                         
      0.270         10.544          109.996                24.887           26.439           30.000         51.00                         
      0.280         10.542          109.996                24.939           26.500           30.000         51.15                         
      0.290         10.541          109.995                24.993           26.563           30.000         51.32                         
      0.300         10.539          109.995                25.049           26.629           30.000         51.48                         
      0.310         10.537          109.994                25.108           26.697           30.000         51.66                         
      0.320         10.535          109.994                25.169           26.768           30.000         51.84                         
      0.330         10.533          109.994                25.232           26.842           30.000         52.03                         
      0.340         10.531          109.993                25.297           26.918           30.000         52.23                         
      0.350         10.529          109.993                25.363           26.996           30.000         52.43                         
      0.360         10.527          109.992                25.432           27.076           30.000         52.64                         
      0.370         10.525          109.992                25.502           27.158           30.000         52.85                         
      0.380         10.522          109.991                25.573           27.243           30.000         53.07                         
      0.390         10.520          109.991                25.647           27.329           30.000         53.30                         
      0.400         10.517          109.990                25.721           27.416           30.000         53.53                         
      0.410         10.515          109.990                25.797           27.506           30.000         53.77                         
      0.420         10.512          109.989                25.874           27.597           30.000         54.01                         
      0.430         10.509          109.989                25.952           27.689           30.000         54.26                         
      0.440         10.507          109.988                26.031           27.783           30.000         54.51                         
      0.450         10.504          109.988                26.111           27.878           30.000         54.77                         
      0.460         10.501          109.987                26.191           27.974           30.000         55.03                         
      0.470         10.498          109.987                26.273           28.070           30.000         55.30                         
      0.480         10.495          109.986                26.355           28.168           30.000         55.57                         
      0.490         10.492          109.985                26.437           28.267           30.000         55.84                         
      0.500         10.489          109.985                26.520           28.366           30.000         56.12                         
      0.510         10.486          109.984                26.603           28.466           30.000         56.40                         
      0.520         10.483          109.983                26.687           28.566           30.000         56.68                         
      0.530         10.479          109.983                26.770           28.667           30.000         56.96                         
      0.540         10.476          109.982                26.854           28.768           30.000         57.25                         
      0.550         10.473          109.982                26.938           28.869           30.000         57.54                         
      0.560         10.469          109.981                27.021           28.970           30.000         57.84                         
      0.570         10.466          109.980                27.105           29.072           30.000         58.13                         
      0.580         10.463          109.980                27.188           29.173           30.000         58.43                         
      0.590         10.459          109.979                27.271           29.274           30.000         58.72                         
      0.600         10.456          109.978                27.353           29.375           30.000         59.02                         
      0.610         10.452          109.977                27.435           29.475           30.000         59.32                         
      0.620         10.448          109.977                27.517           29.575           30.000         59.62                         
      0.630         10.445          109.976                27.598           29.674           30.000         59.92                         
      0.640         10.441          109.975                27.678           29.773           30.000         60.22                         
      0.650         10.438          109.975                27.757           29.871           30.000         60.52                         
      0.660         10.434          109.974                27.836           29.968           30.000         60.83                         
      0.670         10.430          109.973                27.914           30.065           30.000         61.13                         
      0.680         10.427          109.973                27.991           30.161           30.000         61.43                         
      0.690         10.423          109.972                28.067           30.255           30.000         61.73                         
      0.700         10.420          109.971                28.141           30.349           30.000         62.03                         
      0.710         10.416          109.970                28.215           30.442           30.000         62.32                         
      0.720         10.412          109.970                28.288           30.533           30.000         62.62                         
      0.730         10.409          109.969                28.360           30.624           30.000         62.92                         
      0.740         10.405          109.968                28.430           30.713           30.000         63.21                         
      0.750         10.401          109.968                28.500           30.801           30.000         63.50                         
      0.760         10.398          109.967                28.568           30.888           30.000         63.79                         
      0.770         10.394          109.966                28.635           30.973           30.000         64.08                         
      0.780         10.391          109.966                28.700           31.057           30.000         64.36                         
      0.790         10.387          109.965                28.764           31.139           30.000         64.64                         
      0.800         10.383          109.964                28.827           31.220           30.000         64.92                         
      0.810         10.380          109.964                28.889           31.299           30.000         65.20                         
      0.820         10.376          109.963                28.949           31.377           30.000         65.47                         
      0.830         10.373          109.962                29.008           31.454           30.000         65.74                         
      0.840         10.370          109.962                29.066           31.529           30.000         66.01                         
      0.850         10.366          109.961                29.122           31.602           30.000         66.27                         
      0.860         10.363          109.960                29.176           31.673           30.000         66.53                         
      0.870         10.359          109.960                29.230           31.743           30.000         66.78                         
      0.880         10.356          109.959                29.281           31.812           30.000         67.04                         
      0.890         10.353          109.959                29.332           31.878           30.000         67.28                         
      0.900         10.350          109.958                29.381           31.943           30.000         67.53                         
      0.910         10.347          109.957                29.428           32.007           30.000         67.76                         
      0.920         10.344          109.957                29.475           32.068           30.000         68.00                         
      0.930         10.341          109.956                29.519           32.128           30.000         68.23                         
      0.940         10.338          109.956                29.563           32.186           30.000         68.45                         
      0.950         10.335          109.955                29.605           32.243           30.000         68.67                         
      0.960         10.332          109.955                29.645           32.297           30.000         68.88                         
      0.970         10.329          109.954                29.684           32.350           30.000         69.09                         
      0.980         10.326          109.954                29.722           32.402           30.000         69.29                         
      0.990         10.324          109.953                29.758           32.451           30.000         69.49                         
      1.000         10.321          109.953                29.793           32.499           30.000         69.68                         
      1.010         10.319          109.952                29.827           32.546           30.000         69.87                         
      1.020         10.316          109.952                29.860           32.590           30.000         70.05                         
      1.030         10.314          109.951                29.891           32.633           30.000         70.23                         
      1.040         10.312          109.951                29.920           32.674           30.000         70.40                         
      1.050         10.309          109.951                29.949           32.713           30.000         70.56                         
      1.060         10.307          109.950                29.976           32.751           30.000         70.72                         
      1.070         10.305          109.950                30.002           32.787           30.000         70.87                         
      1.080         10.303          109.949                30.026           32.822           30.000         71.01                         
      1.090         10.301          109.949                30.050           32.854           30.000         71.15                         
      1.100         10.300          109.949                30.072           32.885           30.000         71.28                         
      1.110         10.298          109.949                30.093           32.915           30.000         71.41                         
      1.120         10.296          109.948                30.113           32.943           30.000         71.53                         
      1.130         10.295          109.948                30.131           32.969           30.000         71.64                         
      1.140         10.293          109.948                30.148           32.993           30.000         71.75                         
      1.150         10.292          109.947                30.165           33.016           30.000         71.85                         
      1.160         10.291          109.947                30.180           33.038           30.000         71.94                         
      1.170         10.289          109.947                30.194           33.057           30.000         72.03                         
      1.180         10.288          109.947                30.206           33.075           30.000         72.11                         
      1.190         10.287          109.947                30.218           33.092           30.000         72.18                         
      1.200         10.286          109.946                30.228           33.107           30.000         72.25                         
      1.210         10.286          109.946                30.238           33.120           30.000         72.30                         
      1.220         10.285          109.946                30.246           33.132           30.000         72.36                         
      1.230         10.284          109.946                30.253           33.142           30.000         72.40                         
      1.240         10.284          109.946                30.259           33.151           30.000         72.44                         
      1.250         10.283          109.946                30.264           33.158           30.000         72.47                         
      1.260         10.283          109.946                30.268           33.164           30.000         72.50                         
      1.270         10.283          109.946                30.271           33.168           30.000         72.52                         
      1.280         10.283          109.946                30.273           33.171           30.000         72.53                         
      1.290         10.283          109.946                30.273           33.171           30.000         72.53                         
      1.300         10.283          109.946                30.273           33.171           30.000         72.53                         
      1.310         10.283          109.946                30.272           33.169           30.000         72.52                         
      1.320         10.283          109.946                30.269           33.165           30.000         72.50                         
      1.330         10.283          109.946                30.265           33.160           30.000         72.48                         
      1.340         10.284          109.946                30.261           33.153           30.000         72.45                         
      1.350         10.284          109.946                30.255           33.145           30.000         72.42                         
      1.360         10.285          109.946                30.248           33.135           30.000         72.37                         
      1.370         10.285          109.946                30.240           33.124           30.000         72.32                         
      1.380         10.286          109.946                30.231           33.111           30.000         72.26                         
      1.390         10.287          109.947                30.221           33.097           30.000         72.20                         
      1.400         10.288          109.947                30.210           33.081           30.000         72.13                         
      1.410         10.289          109.947                30.198           33.063           30.000         72.05                         
      1.420         10.290          109.947                30.184           33.044           30.000         71.97                         
      1.430         10.292          109.947                30.170           33.024           30.000         71.88                         
      1.440         10.293          109.948                30.154           33.001           30.000         71.78                         
      1.450         10.294          109.948                30.137           32.978           30.000         71.68                         
      1.460         10.296          109.948                30.120           32.952           30.000         71.57                         
      1.470         10.297          109.948                30.100           32.925           30.000         71.45                         
      1.480         10.299          109.949                30.080           32.897           30.000         71.33                         
      1.490         10.301          109.949                30.059           32.867           30.000         71.20                         
      1.500         10.303          109.949                30.036           32.835           30.000         71.07                         
      1.510         10.304          109.950                30.012           32.802           30.000         70.93                         
      1.520         10.306          109.950                29.987           32.767           30.000         70.78                         
      1.530         10.308          109.950                29.961           32.731           30.000         70.63                         
      1.540         10.311          109.951                29.934           32.693           30.000         70.47                         
      1.550         10.313          109.951                29.905           32.653           30.000         70.31                         
      1.560         10.315          109.952                29.875           32.612           30.000         70.14                         
      1.570         10.317          109.952                29.844           32.569           30.000         69.96                         
      1.580         10.320          109.953                29.812           32.524           30.000         69.78                         
      1.590         10.322          109.953                29.778           32.478           30.000         69.60                         
      1.600         10.325          109.953                29.743           32.431           30.000         69.41                         
      1.610         10.328          109.954                29.707           32.381           30.000         69.21                         
      1.620         10.330          109.954                29.669           32.330           30.000         69.01                         
      1.630         10.333          109.955                29.631           32.278           30.000         68.81                         
      1.640         10.336          109.955                29.591           32.224           30.000         68.59                         
      1.650         10.339          109.956                29.549           32.168           30.000         68.38                         
      1.660         10.341          109.956                29.506           32.111           30.000         68.16                         
      1.670         10.344          109.957                29.462           32.052           30.000         67.94                         
      1.680         10.347          109.958                29.417           31.992           30.000         67.71                         
      1.690         10.350          109.958                29.371           31.930           30.000         67.47                         
      1.700         10.354          109.959                29.323           31.866           30.000         67.24                         
      1.710         10.357          109.959                29.274           31.801           30.000         67.00                         
      1.720         10.360          109.960                29.223           31.735           30.000         66.75                         
      1.730         10.363          109.960                29.171           31.667           30.000         66.51                         
      1.740         10.366          109.961                29.118           31.598           30.000         66.26                         
      1.750         10.370          109.962                29.064           31.527           30.000         66.00                         
      1.760         10.373          109.962                29.009           31.455           30.000         65.74                         
      1.770         10.376          109.963                28.952           31.381           30.000         65.48                         
      1.780         10.380          109.964                28.894           31.306           30.000         65.22                         
      1.790         10.383          109.964                28.835           31.230           30.000         64.96                         
      1.800         10.386          109.965                28.775           31.152           30.000         64.69                         
      1.810         10.390          109.965                28.713           31.073           30.000         64.42                         
      1.820         10.393          109.966                28.651           30.993           30.000         64.15                         
      1.830         10.397          109.967                28.587           30.912           30.000         63.87                         
      1.840         10.400          109.967                28.522           30.830           30.000         63.60                         
      1.850         10.404          109.968                28.457           30.746           30.000         63.32                         
      1.860         10.407          109.969                28.390           30.662           30.000         63.04                         
      1.870         10.410          109.969                28.322           30.577           30.000         62.76                         
      1.880         10.414          109.970                28.254           30.490           30.000         62.48                         
      1.890         10.417          109.971                28.184           30.403           30.000         62.20                         
      1.900         10.421          109.971                28.114           30.315           30.000         61.92                         
      1.910         10.424          109.972                28.043           30.226           30.000         61.63                         
      1.920         10.428          109.973                27.971           30.137           30.000         61.35                         
      1.930         10.431          109.973                27.899           30.047           30.000         61.07                         
      1.940         10.435          109.974                27.826           29.956           30.000         60.79                         
      1.950         10.438          109.975                27.752           29.865           30.000         60.50                         
      1.960         10.441          109.975                27.678           29.773           30.000         60.22                         
      1.970         10.445          109.976                27.603           29.681           30.000         59.94                         
      1.980         10.448          109.977                27.528           29.589           30.000         59.66                         
      1.990         10.451          109.977                27.453           29.496           30.000         59.39                         
      2.000         10.455          109.978                27.377           29.404           30.000         59.11                         

