  ¬рем€            U                U                Pij              –г               –т г             ”гол рот         ќтн угол U       
                   601              1002             1001             601              601              601              601              
                                                     1002                                                                                 
                                                     1                                                                                    

                    10.500          110.000                13.957           29.900           29.900         49.48                         
      0.010         10.500          110.000                13.957           29.900           29.900         49.48                         
      0.020         10.500          110.000                13.957           29.900           29.900         49.48                         
      0.030         10.500          110.000                13.957           29.900           29.900         49.48                         
      0.040         10.500          110.000                13.957           29.900           29.900         49.48                         
      0.050         10.500          110.000                13.957           29.900           29.900         49.48                         
      0.060         10.500          110.000                13.957           29.900           29.900         49.48                         
      0.070         10.500          110.000                13.957           29.900           29.900         49.48                         
      0.080         10.500          110.000                13.957           29.900           29.900         49.48                         
      0.090         10.500          110.000                13.957           29.900           29.900         49.48                         
      0.100         10.500          110.000                13.957           29.900           29.900         49.48                         
      0.100         10.557          109.999                24.357           25.826           29.900         49.48                         
      0.110         10.557          109.999                24.359           25.828           29.900         49.49                         
      0.120         10.557          109.999                24.364           25.833           29.900         49.50                         
      0.130         10.557          109.999                24.372           25.843           29.900         49.53                         
      0.140         10.556          109.998                24.384           25.857           29.900         49.56                         
      0.150         10.556          109.998                24.399           25.874           29.900         49.60                         
      0.160         10.555          109.998                24.417           25.895           29.900         49.66                         
      0.170         10.555          109.998                24.438           25.919           29.900         49.72                         
      0.180         10.554          109.998                24.462           25.948           29.900         49.79                         
      0.190         10.553          109.998                24.490           25.979           29.900         49.87                         
      0.200         10.552          109.998                24.520           26.014           29.900         49.95                         
      0.210         10.551          109.997                24.554           26.053           29.900         50.05                         
      0.220         10.550          109.997                24.590           26.095           29.900         50.15                         
      0.230         10.549          109.997                24.629           26.140           29.900         50.27                         
      0.240         10.548          109.997                24.671           26.189           29.900         50.39                         
      0.250         10.547          109.996                24.715           26.240           29.900         50.52                         
      0.260         10.545          109.996                24.762           26.295           29.900         50.65                         
      0.270         10.544          109.996                24.811           26.352           29.900         50.80                         
      0.280         10.542          109.996                24.863           26.413           29.900         50.95                         
      0.290         10.540          109.995                24.918           26.476           29.900         51.11                         
      0.300         10.539          109.995                24.974           26.542           29.900         51.28                         
      0.310         10.537          109.994                25.033           26.610           29.900         51.46                         
      0.320         10.535          109.994                25.094           26.681           29.900         51.64                         
      0.330         10.533          109.994                25.157           26.755           29.900         51.83                         
      0.340         10.531          109.993                25.222           26.831           29.900         52.02                         
      0.350         10.529          109.993                25.289           26.909           29.900         52.22                         
      0.360         10.527          109.992                25.357           26.989           29.900         52.43                         
      0.370         10.524          109.992                25.427           27.071           29.900         52.65                         
      0.380         10.522          109.991                25.499           27.156           29.900         52.87                         
      0.390         10.520          109.991                25.572           27.242           29.900         53.09                         
      0.400         10.517          109.990                25.647           27.329           29.900         53.32                         
      0.410         10.515          109.990                25.722           27.419           29.900         53.56                         
      0.420         10.512          109.989                25.799           27.510           29.900         53.80                         
      0.430         10.509          109.989                25.878           27.602           29.900         54.05                         
      0.440         10.507          109.988                25.957           27.696           29.900         54.30                         
      0.450         10.504          109.988                26.037           27.791           29.900         54.56                         
      0.460         10.501          109.987                26.117           27.887           29.900         54.82                         
      0.470         10.498          109.987                26.199           27.984           29.900         55.08                         
      0.480         10.495          109.986                26.281           28.081           29.900         55.35                         
      0.490         10.492          109.985                26.364           28.180           29.900         55.62                         
      0.500         10.489          109.985                26.447           28.279           29.900         55.90                         
      0.510         10.486          109.984                26.530           28.379           29.900         56.18                         
      0.520         10.483          109.983                26.614           28.479           29.900         56.46                         
      0.530         10.480          109.983                26.698           28.580           29.900         56.74                         
      0.540         10.476          109.982                26.781           28.681           29.900         57.03                         
      0.550         10.473          109.982                26.865           28.782           29.900         57.32                         
      0.560         10.470          109.981                26.949           28.884           29.900         57.61                         
      0.570         10.466          109.980                27.033           28.985           29.900         57.90                         
      0.580         10.463          109.980                27.116           29.086           29.900         58.20                         
      0.590         10.459          109.979                27.199           29.187           29.900         58.49                         
      0.600         10.456          109.978                27.282           29.288           29.900         58.79                         
      0.610         10.452          109.978                27.364           29.388           29.900         59.09                         
      0.620         10.449          109.977                27.445           29.488           29.900         59.39                         
      0.630         10.445          109.976                27.526           29.588           29.900         59.68                         
      0.640         10.442          109.975                27.607           29.686           29.900         59.98                         
      0.650         10.438          109.975                27.686           29.785           29.900         60.28                         
      0.660         10.435          109.974                27.765           29.882           29.900         60.58                         
      0.670         10.431          109.973                27.843           29.979           29.900         60.88                         
      0.680         10.427          109.973                27.920           30.074           29.900         61.18                         
      0.690         10.424          109.972                27.996           30.169           29.900         61.48                         
      0.700         10.420          109.971                28.071           30.263           29.900         61.78                         
      0.710         10.417          109.971                28.146           30.356           29.900         62.07                         
      0.720         10.413          109.970                28.218           30.447           29.900         62.37                         
      0.730         10.409          109.969                28.290           30.538           29.900         62.66                         
      0.740         10.406          109.969                28.361           30.627           29.900         62.95                         
      0.750         10.402          109.968                28.431           30.715           29.900         63.24                         
      0.760         10.399          109.967                28.499           30.801           29.900         63.53                         
      0.770         10.395          109.966                28.566           30.887           29.900         63.81                         
      0.780         10.392          109.966                28.632           30.970           29.900         64.10                         
      0.790         10.388          109.965                28.696           31.053           29.900         64.38                         
      0.800         10.384          109.964                28.759           31.134           29.900         64.65                         
      0.810         10.381          109.964                28.821           31.213           29.900         64.93                         
      0.820         10.378          109.963                28.881           31.291           29.900         65.20                         
      0.830         10.374          109.963                28.940           31.368           29.900         65.47                         
      0.840         10.371          109.962                28.998           31.442           29.900         65.73                         
      0.850         10.367          109.961                29.054           31.516           29.900         65.99                         
      0.860         10.364          109.961                29.109           31.587           29.900         66.25                         
      0.870         10.361          109.960                29.163           31.657           29.900         66.50                         
      0.880         10.358          109.959                29.215           31.725           29.900         66.75                         
      0.890         10.354          109.959                29.265           31.792           29.900         67.00                         
      0.900         10.351          109.958                29.314           31.857           29.900         67.24                         
      0.910         10.348          109.958                29.362           31.920           29.900         67.47                         
      0.920         10.345          109.957                29.408           31.982           29.900         67.70                         
      0.930         10.342          109.957                29.453           32.042           29.900         67.93                         
      0.940         10.339          109.956                29.497           32.100           29.900         68.15                         
      0.950         10.336          109.956                29.539           32.156           29.900         68.37                         
      0.960         10.334          109.955                29.579           32.211           29.900         68.58                         
      0.970         10.331          109.954                29.619           32.264           29.900         68.78                         
      0.980         10.328          109.954                29.656           32.315           29.900         68.98                         
      0.990         10.326          109.954                29.693           32.364           29.900         69.18                         
      1.000         10.323          109.953                29.728           32.412           29.900         69.37                         
      1.010         10.321          109.953                29.762           32.458           29.900         69.55                         
      1.020         10.318          109.952                29.794           32.502           29.900         69.73                         
      1.030         10.316          109.952                29.825           32.545           29.900         69.90                         
      1.040         10.314          109.951                29.855           32.586           29.900         70.07                         
      1.050         10.312          109.951                29.883           32.625           29.900         70.23                         
      1.060         10.309          109.951                29.911           32.663           29.900         70.39                         
      1.070         10.307          109.950                29.936           32.698           29.900         70.53                         
      1.080         10.306          109.950                29.961           32.733           29.900         70.68                         
      1.090         10.304          109.950                29.984           32.765           29.900         70.81                         
      1.100         10.302          109.949                30.006           32.796           29.900         70.94                         
      1.110         10.300          109.949                30.027           32.825           29.900         71.06                         
      1.120         10.299          109.949                30.047           32.852           29.900         71.18                         
      1.130         10.297          109.948                30.065           32.878           29.900         71.29                         
      1.140         10.296          109.948                30.082           32.902           29.900         71.39                         
      1.150         10.295          109.948                30.098           32.925           29.900         71.49                         
      1.160         10.293          109.948                30.113           32.946           29.900         71.58                         
      1.170         10.292          109.947                30.127           32.965           29.900         71.66                         
      1.180         10.291          109.947                30.139           32.983           29.900         71.74                         
      1.190         10.290          109.947                30.151           32.999           29.900         71.81                         
      1.200         10.289          109.947                30.161           33.014           29.900         71.87                         
      1.210         10.288          109.947                30.170           33.026           29.900         71.93                         
      1.220         10.288          109.947                30.178           33.038           29.900         71.98                         
      1.230         10.287          109.947                30.185           33.047           29.900         72.02                         
      1.240         10.287          109.946                30.191           33.056           29.900         72.06                         
      1.250         10.286          109.946                30.195           33.062           29.900         72.09                         
      1.260         10.286          109.946                30.199           33.067           29.900         72.11                         
      1.270         10.286          109.946                30.201           33.071           29.900         72.12                         
      1.280         10.286          109.946                30.202           33.073           29.900         72.13                         
      1.290         10.286          109.946                30.203           33.073           29.900         72.13                         
      1.300         10.286          109.946                30.202           33.072           29.900         72.13                         
      1.310         10.286          109.946                30.200           33.069           29.900         72.12                         
      1.320         10.286          109.946                30.197           33.064           29.900         72.10                         
      1.330         10.287          109.946                30.193           33.058           29.900         72.07                         
      1.340         10.287          109.946                30.187           33.051           29.900         72.04                         
      1.350         10.288          109.947                30.181           33.042           29.900         72.00                         
      1.360         10.288          109.947                30.173           33.031           29.900         71.95                         
      1.370         10.289          109.947                30.165           33.019           29.900         71.90                         
      1.380         10.290          109.947                30.155           33.005           29.900         71.84                         
      1.390         10.291          109.947                30.144           32.990           29.900         71.77                         
      1.400         10.292          109.947                30.132           32.973           29.900         71.70                         
      1.410         10.293          109.948                30.119           32.954           29.900         71.62                         
      1.420         10.294          109.948                30.105           32.934           29.900         71.53                         
      1.430         10.295          109.948                30.090           32.913           29.900         71.44                         
      1.440         10.297          109.948                30.073           32.889           29.900         71.34                         
      1.450         10.298          109.948                30.056           32.865           29.900         71.23                         
      1.460         10.300          109.949                30.037           32.838           29.900         71.12                         
      1.470         10.301          109.949                30.017           32.810           29.900         71.00                         
      1.480         10.303          109.949                29.995           32.781           29.900         70.88                         
      1.490         10.305          109.950                29.973           32.749           29.900         70.75                         
      1.500         10.306          109.950                29.949           32.717           29.900         70.61                         
      1.510         10.308          109.950                29.925           32.682           29.900         70.47                         
      1.520         10.310          109.951                29.899           32.646           29.900         70.32                         
      1.530         10.313          109.951                29.871           32.608           29.900         70.16                         
      1.540         10.315          109.952                29.843           32.569           29.900         70.00                         
      1.550         10.317          109.952                29.813           32.528           29.900         69.83                         
      1.560         10.319          109.952                29.782           32.486           29.900         69.66                         
      1.570         10.322          109.953                29.750           32.441           29.900         69.49                         
      1.580         10.324          109.953                29.716           32.396           29.900         69.30                         
      1.590         10.327          109.954                29.681           32.348           29.900         69.12                         
      1.600         10.329          109.954                29.645           32.299           29.900         68.92                         
      1.610         10.332          109.955                29.607           32.249           29.900         68.72                         
      1.620         10.334          109.955                29.569           32.196           29.900         68.52                         
      1.630         10.337          109.956                29.529           32.142           29.900         68.31                         
      1.640         10.340          109.956                29.487           32.087           29.900         68.10                         
      1.650         10.343          109.957                29.444           32.030           29.900         67.88                         
      1.660         10.346          109.957                29.400           31.971           29.900         67.66                         
      1.670         10.349          109.958                29.355           31.911           29.900         67.44                         
      1.680         10.352          109.958                29.309           31.849           29.900         67.21                         
      1.690         10.355          109.959                29.261           31.786           29.900         66.97                         
      1.700         10.358          109.959                29.211           31.721           29.900         66.74                         
      1.710         10.361          109.960                29.161           31.655           29.900         66.49                         
      1.720         10.364          109.961                29.109           31.587           29.900         66.25                         
      1.730         10.367          109.961                29.056           31.518           29.900         66.00                         
      1.740         10.371          109.962                29.002           31.447           29.900         65.75                         
      1.750         10.374          109.962                28.946           31.375           29.900         65.49                         
      1.760         10.377          109.963                28.890           31.302           29.900         65.24                         
      1.770         10.380          109.964                28.832           31.227           29.900         64.98                         
      1.780         10.384          109.964                28.772           31.151           29.900         64.71                         
      1.790         10.387          109.965                28.712           31.073           29.900         64.45                         
      1.800         10.390          109.966                28.651           30.995           29.900         64.18                         
      1.810         10.394          109.966                28.588           30.915           29.900         63.91                         
      1.820         10.397          109.967                28.524           30.834           29.900         63.64                         
      1.830         10.401          109.968                28.460           30.751           29.900         63.36                         
      1.840         10.404          109.968                28.394           30.668           29.900         63.09                         
      1.850         10.408          109.969                28.327           30.584           29.900         62.81                         
      1.860         10.411          109.969                28.259           30.498           29.900         62.53                         
      1.870         10.414          109.970                28.191           30.412           29.900         62.25                         
      1.880         10.418          109.971                28.121           30.325           29.900         61.97                         
      1.890         10.421          109.971                28.051           30.237           29.900         61.69                         
      1.900         10.425          109.972                27.979           30.148           29.900         61.41                         
      1.910         10.428          109.973                27.908           30.059           29.900         61.13                         
      1.920         10.431          109.973                27.835           29.968           29.900         60.85                         
      1.930         10.435          109.974                27.762           29.878           29.900         60.57                         
      1.940         10.438          109.975                27.688           29.787           29.900         60.29                         
      1.950         10.442          109.975                27.614           29.695           29.900         60.01                         
      1.960         10.445          109.976                27.539           29.603           29.900         59.73                         
      1.970         10.448          109.977                27.464           29.511           29.900         59.45                         
      1.980         10.451          109.977                27.388           29.418           29.900         59.18                         
      1.990         10.455          109.978                27.312           29.326           29.900         58.90                         
      2.000         10.458          109.979                27.237           29.233           29.900         58.63                         

