  ¬рем€            U                U                Pij              –г               –т г             ”гол рот         ќтн угол U       
                   601              1002             1001             601              601              601              601              
                                                     1002                                                                                 
                                                     1                                                                                    

                    10.500          110.000                 8.236           17.500           17.500         48.48                         
      0.010         10.500          110.000                 8.236           17.500           17.500         48.48                         
      0.020         10.500          110.000                 8.236           17.500           17.500         48.48                         
      0.030         10.500          110.000                 8.236           17.500           17.500         48.48                         
      0.040         10.500          110.000                 8.236           17.500           17.500         48.48                         
      0.050         10.500          110.000                 8.236           17.500           17.500         48.48                         
      0.060         10.500          110.000                 8.236           17.500           17.500         48.48                         
      0.070         10.500          110.000                 8.236           17.500           17.500         48.48                         
      0.080         10.500          110.000                 8.236           17.500           17.500         48.48                         
      0.090         10.500          110.000                 8.236           17.500           17.500         48.48                         
      0.100         10.500          110.000                 8.236           17.500           17.500         48.48                         
      0.110         10.500          110.000                 8.236           17.500           17.500         48.48                         
      0.120         10.500          110.000                 8.236           17.500           17.500         48.48                         
      0.130         10.500          110.000                 8.236           17.500           17.500         48.48                         
      0.140         10.500          110.000                 8.236           17.500           17.500         48.48                         
      0.150         10.500          110.000                 8.236           17.500           17.500         48.48                         
      0.160         10.500          110.000                 8.236           17.500           17.500         48.48                         
      0.170         10.500          110.000                 8.236           17.500           17.500         48.48                         
      0.180         10.500          110.000                 8.236           17.500           17.500         48.48                         
      0.190         10.500          110.000                 8.236           17.500           17.500         48.48                         
      0.200         10.500          110.000                 8.236           17.500           17.500         48.48                         
      0.200         10.537          109.996                14.195           14.937           17.500         48.48                         
      0.210         10.537          109.996                14.196           14.938           17.500         48.48                         
      0.220         10.536          109.996                14.198           14.940           17.500         48.49                         
      0.230         10.536          109.996                14.201           14.944           17.500         48.50                         
      0.240         10.536          109.996                14.206           14.949           17.500         48.52                         
      0.250         10.536          109.996                14.211           14.955           17.500         48.55                         
      0.260         10.536          109.996                14.218           14.963           17.500         48.58                         
      0.270         10.536          109.996                14.226           14.973           17.500         48.62                         
      0.280         10.535          109.996                14.236           14.983           17.500         48.67                         
      0.290         10.535          109.996                14.246           14.995           17.500         48.72                         
      0.300         10.535          109.996                14.258           15.009           17.500         48.77                         
      0.310         10.534          109.996                14.271           15.023           17.500         48.83                         
      0.320         10.534          109.996                14.285           15.039           17.500         48.90                         
      0.330         10.534          109.996                14.300           15.056           17.500         48.97                         
      0.340         10.533          109.996                14.317           15.075           17.500         49.05                         
      0.350         10.533          109.996                14.334           15.095           17.500         49.13                         
      0.360         10.532          109.995                14.353           15.116           17.500         49.22                         
      0.370         10.531          109.995                14.372           15.138           17.500         49.31                         
      0.380         10.531          109.995                14.393           15.161           17.500         49.41                         
      0.390         10.530          109.995                14.414           15.186           17.500         49.51                         
      0.400         10.530          109.995                14.437           15.212           17.500         49.62                         
      0.410         10.529          109.995                14.461           15.238           17.500         49.73                         
      0.420         10.528          109.995                14.485           15.266           17.500         49.85                         
      0.430         10.527          109.994                14.511           15.295           17.500         49.98                         
      0.440         10.526          109.994                14.537           15.326           17.500         50.10                         
      0.450         10.526          109.994                14.564           15.357           17.500         50.24                         
      0.460         10.525          109.994                14.592           15.389           17.500         50.37                         
      0.470         10.524          109.994                14.621           15.422           17.500         50.51                         
      0.480         10.523          109.994                14.651           15.456           17.500         50.66                         
      0.490         10.522          109.993                14.682           15.491           17.500         50.81                         
      0.500         10.521          109.993                14.713           15.527           17.500         50.96                         
      0.510         10.520          109.993                14.745           15.563           17.500         51.12                         
      0.520         10.519          109.993                14.778           15.601           17.500         51.28                         
      0.530         10.518          109.993                14.811           15.639           17.500         51.45                         
      0.540         10.517          109.992                14.846           15.678           17.500         51.62                         
      0.550         10.516          109.992                14.880           15.718           17.500         51.80                         
      0.560         10.515          109.992                14.916           15.759           17.500         51.97                         
      0.570         10.513          109.992                14.952           15.800           17.500         52.16                         
      0.580         10.512          109.992                14.988           15.842           17.500         52.34                         
      0.590         10.511          109.991                15.025           15.885           17.500         52.53                         
      0.600         10.510          109.991                15.063           15.928           17.500         52.72                         
      0.610         10.508          109.991                15.101           15.972           17.500         52.92                         
      0.620         10.507          109.991                15.139           16.016           17.500         53.11                         
      0.630         10.506          109.990                15.178           16.061           17.500         53.32                         
      0.640         10.504          109.990                15.217           16.107           17.500         53.52                         
      0.650         10.503          109.990                15.256           16.153           17.500         53.73                         
      0.660         10.502          109.989                15.296           16.199           17.500         53.94                         
      0.670         10.500          109.989                15.337           16.245           17.500         54.15                         
      0.680         10.499          109.989                15.377           16.292           17.500         54.37                         
      0.690         10.497          109.989                15.418           16.340           17.500         54.58                         
      0.700         10.496          109.988                15.458           16.387           17.500         54.80                         
      0.710         10.494          109.988                15.500           16.435           17.500         55.03                         
      0.720         10.493          109.988                15.541           16.484           17.500         55.25                         
      0.730         10.491          109.987                15.582           16.532           17.500         55.48                         
      0.740         10.489          109.987                15.624           16.580           17.500         55.71                         
      0.750         10.488          109.987                15.665           16.629           17.500         55.94                         
      0.760         10.486          109.987                15.707           16.678           17.500         56.17                         
      0.770         10.485          109.986                15.748           16.727           17.500         56.40                         
      0.780         10.483          109.986                15.790           16.776           17.500         56.64                         
      0.790         10.481          109.986                15.832           16.825           17.500         56.87                         
      0.800         10.480          109.985                15.873           16.874           17.500         57.11                         
      0.810         10.478          109.985                15.915           16.923           17.500         57.35                         
      0.820         10.476          109.985                15.956           16.972           17.500         57.59                         
      0.830         10.475          109.984                15.997           17.021           17.500         57.83                         
      0.840         10.473          109.984                16.038           17.070           17.500         58.07                         
      0.850         10.471          109.984                16.079           17.119           17.500         58.32                         
      0.860         10.469          109.983                16.120           17.167           17.500         58.56                         
      0.870         10.468          109.983                16.161           17.216           17.500         58.80                         
      0.880         10.466          109.983                16.201           17.264           17.500         59.05                         
      0.890         10.464          109.982                16.241           17.312           17.500         59.29                         
      0.900         10.462          109.982                16.281           17.360           17.500         59.54                         
      0.910         10.460          109.982                16.321           17.408           17.500         59.78                         
      0.920         10.459          109.981                16.360           17.455           17.500         60.03                         
      0.930         10.457          109.981                16.399           17.502           17.500         60.27                         
      0.940         10.455          109.981                16.438           17.549           17.500         60.52                         
      0.950         10.453          109.980                16.476           17.595           17.500         60.76                         
      0.960         10.451          109.980                16.514           17.641           17.500         61.01                         
      0.970         10.450          109.980                16.552           17.687           17.500         61.25                         
      0.980         10.448          109.979                16.589           17.732           17.500         61.49                         
      0.990         10.446          109.979                16.626           17.777           17.500         61.73                         
      1.000         10.444          109.979                16.662           17.821           17.500         61.98                         
      1.010         10.442          109.978                16.698           17.865           17.500         62.22                         
      1.020         10.440          109.978                16.734           17.909           17.500         62.46                         
      1.030         10.439          109.978                16.769           17.952           17.500         62.70                         
      1.040         10.437          109.977                16.804           17.995           17.500         62.93                         
      1.050         10.435          109.977                16.838           18.037           17.500         63.17                         
      1.060         10.433          109.977                16.872           18.078           17.500         63.40                         
      1.070         10.431          109.976                16.905           18.119           17.500         63.64                         
      1.080         10.430          109.976                16.938           18.160           17.500         63.87                         
      1.090         10.428          109.976                16.970           18.200           17.500         64.10                         
      1.100         10.426          109.975                17.002           18.240           17.500         64.33                         
      1.110         10.424          109.975                17.033           18.278           17.500         64.56                         
      1.120         10.422          109.975                17.064           18.317           17.500         64.78                         
      1.130         10.421          109.974                17.094           18.355           17.500         65.01                         
      1.140         10.419          109.974                17.123           18.392           17.500         65.23                         
      1.150         10.417          109.974                17.153           18.429           17.500         65.45                         
      1.160         10.416          109.974                17.181           18.465           17.500         65.66                         
      1.170         10.414          109.973                17.209           18.500           17.500         65.88                         
      1.180         10.412          109.973                17.237           18.535           17.500         66.09                         
      1.190         10.411          109.973                17.264           18.569           17.500         66.30                         
      1.200         10.409          109.972                17.290           18.603           17.500         66.51                         
      1.210         10.407          109.972                17.316           18.636           17.500         66.71                         
      1.220         10.406          109.972                17.342           18.668           17.500         66.92                         
      1.230         10.404          109.971                17.366           18.700           17.500         67.12                         
      1.240         10.402          109.971                17.391           18.731           17.500         67.31                         
      1.250         10.401          109.971                17.414           18.761           17.500         67.51                         
      1.260         10.399          109.971                17.438           18.791           17.500         67.70                         
      1.270         10.398          109.970                17.460           18.821           17.500         67.89                         
      1.280         10.396          109.970                17.482           18.849           17.500         68.07                         
      1.290         10.395          109.970                17.504           18.877           17.500         68.26                         
      1.300         10.393          109.970                17.525           18.904           17.500         68.44                         
      1.310         10.392          109.969                17.545           18.931           17.500         68.61                         
      1.320         10.390          109.969                17.565           18.957           17.500         68.79                         
      1.330         10.389          109.969                17.585           18.983           17.500         68.96                         
      1.340         10.388          109.969                17.604           19.007           17.500         69.12                         
      1.350         10.386          109.968                17.622           19.031           17.500         69.29                         
      1.360         10.385          109.968                17.640           19.055           17.500         69.45                         
      1.370         10.384          109.968                17.657           19.078           17.500         69.60                         
      1.380         10.383          109.968                17.674           19.100           17.500         69.76                         
      1.390         10.381          109.967                17.690           19.122           17.500         69.91                         
      1.400         10.380          109.967                17.706           19.143           17.500         70.05                         
      1.410         10.379          109.967                17.721           19.163           17.500         70.19                         
      1.420         10.378          109.967                17.736           19.183           17.500         70.33                         
      1.430         10.377          109.967                17.751           19.202           17.500         70.47                         
      1.440         10.376          109.966                17.764           19.220           17.500         70.60                         
      1.450         10.375          109.966                17.778           19.238           17.500         70.73                         
      1.460         10.373          109.966                17.791           19.255           17.500         70.85                         
      1.470         10.372          109.966                17.803           19.272           17.500         70.97                         
      1.480         10.372          109.966                17.815           19.288           17.500         71.08                         
      1.490         10.371          109.966                17.826           19.303           17.500         71.20                         
      1.500         10.370          109.965                17.837           19.318           17.500         71.30                         
      1.510         10.369          109.965                17.848           19.332           17.500         71.41                         
      1.520         10.368          109.965                17.858           19.346           17.500         71.51                         
      1.530         10.367          109.965                17.867           19.359           17.500         71.60                         
      1.540         10.366          109.965                17.876           19.371           17.500         71.69                         
      1.550         10.366          109.965                17.885           19.383           17.500         71.78                         
      1.560         10.365          109.965                17.893           19.394           17.500         71.87                         
      1.570         10.364          109.965                17.901           19.405           17.500         71.94                         
      1.580         10.364          109.964                17.908           19.415           17.500         72.02                         
      1.590         10.363          109.964                17.915           19.424           17.500         72.09                         
      1.600         10.363          109.964                17.922           19.433           17.500         72.16                         
      1.610         10.362          109.964                17.928           19.441           17.500         72.22                         
      1.620         10.362          109.964                17.933           19.449           17.500         72.28                         
      1.630         10.361          109.964                17.938           19.456           17.500         72.33                         
      1.640         10.361          109.964                17.943           19.462           17.500         72.38                         
      1.650         10.360          109.964                17.947           19.468           17.500         72.43                         
      1.660         10.360          109.964                17.951           19.474           17.500         72.47                         
      1.670         10.360          109.964                17.955           19.479           17.500         72.51                         
      1.680         10.359          109.964                17.958           19.483           17.500         72.54                         
      1.690         10.359          109.964                17.961           19.487           17.500         72.57                         
      1.700         10.359          109.964                17.963           19.490           17.500         72.59                         
      1.710         10.359          109.964                17.965           19.492           17.500         72.61                         
      1.720         10.359          109.964                17.966           19.494           17.500         72.63                         
      1.730         10.359          109.963                17.967           19.496           17.500         72.64                         
      1.740         10.358          109.963                17.968           19.497           17.500         72.64                         
      1.750         10.358          109.963                17.968           19.497           17.500         72.65                         
      1.760         10.358          109.963                17.968           19.497           17.500         72.64                         
      1.770         10.358          109.963                17.967           19.496           17.500         72.64                         
      1.780         10.359          109.964                17.966           19.494           17.500         72.63                         
      1.790         10.359          109.964                17.965           19.492           17.500         72.61                         
      1.800         10.359          109.964                17.963           19.490           17.500         72.59                         
      1.810         10.359          109.964                17.961           19.487           17.500         72.57                         
      1.820         10.359          109.964                17.958           19.483           17.500         72.54                         
      1.830         10.360          109.964                17.955           19.479           17.500         72.51                         
      1.840         10.360          109.964                17.952           19.474           17.500         72.47                         
      1.850         10.360          109.964                17.948           19.469           17.500         72.43                         
      1.860         10.361          109.964                17.944           19.463           17.500         72.39                         
      1.870         10.361          109.964                17.939           19.457           17.500         72.34                         
      1.880         10.361          109.964                17.934           19.450           17.500         72.29                         
      1.890         10.362          109.964                17.928           19.442           17.500         72.23                         
      1.900         10.362          109.964                17.922           19.434           17.500         72.17                         
      1.910         10.363          109.964                17.916           19.425           17.500         72.10                         
      1.920         10.364          109.964                17.909           19.416           17.500         72.03                         
      1.930         10.364          109.964                17.902           19.406           17.500         71.96                         
      1.940         10.365          109.965                17.894           19.396           17.500         71.88                         
      1.950         10.366          109.965                17.886           19.385           17.500         71.80                         
      1.960         10.366          109.965                17.878           19.373           17.500         71.71                         
      1.970         10.367          109.965                17.869           19.361           17.500         71.62                         
      1.980         10.368          109.965                17.859           19.348           17.500         71.53                         
      1.990         10.369          109.965                17.850           19.335           17.500         71.43                         
      2.000         10.370          109.965                17.839           19.321           17.500         71.33                         

