  ¬рем€            U                U                Pij              –г               –т г             ”гол рот         ќтн угол U       
                   601              1002             1001             601              601              601              601              
                                                     1002                                                                                 
                                                     1                                                                                    

                    10.500          110.000                 7.844           16.600           16.600         45.50                         
      0.010         10.500          110.000                 7.844           16.600           16.600         45.50                         
      0.020         10.500          110.000                 7.844           16.600           16.600         45.50                         
      0.030         10.500          110.000                 7.844           16.600           16.600         45.50                         
      0.040         10.500          110.000                 7.844           16.600           16.600         45.50                         
      0.050         10.500          110.000                 7.844           16.600           16.600         45.50                         
      0.060         10.500          110.000                 7.844           16.600           16.600         45.50                         
      0.070         10.500          110.000                 7.844           16.600           16.600         45.50                         
      0.080         10.500          110.000                 7.844           16.600           16.600         45.50                         
      0.090         10.500          110.000                 7.844           16.600           16.600         45.50                         
      0.100         10.500          110.000                 7.844           16.600           16.600         45.50                         
      0.110         10.500          110.000                 7.844           16.600           16.600         45.50                         
      0.120         10.500          110.000                 7.844           16.600           16.600         45.50                         
      0.130         10.500          110.000                 7.844           16.600           16.600         45.50                         
      0.140         10.500          110.000                 7.844           16.600           16.600         45.50                         
      0.150         10.500          110.000                 7.844           16.600           16.600         45.50                         
      0.160         10.500          110.000                 7.844           16.600           16.600         45.50                         
      0.170         10.500          110.000                 7.844           16.600           16.600         45.50                         
      0.180         10.500          110.000                 7.844           16.600           16.600         45.50                         
      0.190         10.500          110.000                 7.844           16.600           16.600         45.50                         
      0.200         10.500          110.000                 7.844           16.600           16.600         45.50                         
      0.200         10.533          109.996                13.507           14.166           16.600         45.50                         
      0.210         10.533          109.996                13.508           14.166           16.600         45.50                         
      0.220         10.533          109.996                13.510           14.168           16.600         45.51                         
      0.230         10.533          109.996                13.513           14.172           16.600         45.53                         
      0.240         10.533          109.996                13.518           14.177           16.600         45.55                         
      0.250         10.533          109.996                13.523           14.184           16.600         45.57                         
      0.260         10.533          109.996                13.530           14.191           16.600         45.60                         
      0.270         10.532          109.996                13.539           14.201           16.600         45.64                         
      0.280         10.532          109.996                13.548           14.211           16.600         45.68                         
      0.290         10.532          109.995                13.559           14.223           16.600         45.73                         
      0.300         10.532          109.995                13.571           14.236           16.600         45.78                         
      0.310         10.531          109.995                13.584           14.251           16.600         45.84                         
      0.320         10.531          109.995                13.598           14.267           16.600         45.90                         
      0.330         10.530          109.995                13.613           14.284           16.600         45.97                         
      0.340         10.530          109.995                13.629           14.302           16.600         46.04                         
      0.350         10.530          109.995                13.647           14.322           16.600         46.12                         
      0.360         10.529          109.995                13.665           14.343           16.600         46.21                         
      0.370         10.529          109.995                13.685           14.365           16.600         46.29                         
      0.380         10.528          109.995                13.706           14.388           16.600         46.39                         
      0.390         10.527          109.995                13.728           14.412           16.600         46.49                         
      0.400         10.527          109.994                13.750           14.438           16.600         46.59                         
      0.410         10.526          109.994                13.774           14.464           16.600         46.70                         
      0.420         10.526          109.994                13.799           14.492           16.600         46.81                         
      0.430         10.525          109.994                13.824           14.521           16.600         46.92                         
      0.440         10.524          109.994                13.851           14.551           16.600         47.04                         
      0.450         10.523          109.994                13.878           14.582           16.600         47.17                         
      0.460         10.523          109.994                13.907           14.614           16.600         47.30                         
      0.470         10.522          109.993                13.936           14.646           16.600         47.43                         
      0.480         10.521          109.993                13.966           14.680           16.600         47.57                         
      0.490         10.520          109.993                13.996           14.715           16.600         47.71                         
      0.500         10.519          109.993                14.028           14.751           16.600         47.86                         
      0.510         10.518          109.993                14.060           14.787           16.600         48.01                         
      0.520         10.517          109.993                14.093           14.825           16.600         48.16                         
      0.530         10.517          109.992                14.127           14.863           16.600         48.32                         
      0.540         10.516          109.992                14.161           14.902           16.600         48.48                         
      0.550         10.515          109.992                14.197           14.941           16.600         48.65                         
      0.560         10.513          109.992                14.232           14.982           16.600         48.81                         
      0.570         10.512          109.992                14.268           15.023           16.600         48.99                         
      0.580         10.511          109.991                14.305           15.065           16.600         49.16                         
      0.590         10.510          109.991                14.343           15.107           16.600         49.34                         
      0.600         10.509          109.991                14.381           15.150           16.600         49.52                         
      0.610         10.508          109.991                14.419           15.194           16.600         49.70                         
      0.620         10.507          109.990                14.458           15.238           16.600         49.89                         
      0.630         10.506          109.990                14.497           15.283           16.600         50.08                         
      0.640         10.504          109.990                14.537           15.328           16.600         50.27                         
      0.650         10.503          109.990                14.577           15.373           16.600         50.47                         
      0.660         10.502          109.990                14.617           15.420           16.600         50.67                         
      0.670         10.501          109.989                14.658           15.466           16.600         50.87                         
      0.680         10.499          109.989                14.698           15.513           16.600         51.07                         
      0.690         10.498          109.989                14.740           15.560           16.600         51.27                         
      0.700         10.497          109.989                14.781           15.608           16.600         51.48                         
      0.710         10.495          109.988                14.823           15.655           16.600         51.69                         
      0.720         10.494          109.988                14.865           15.703           16.600         51.90                         
      0.730         10.493          109.988                14.906           15.752           16.600         52.11                         
      0.740         10.491          109.987                14.949           15.800           16.600         52.32                         
      0.750         10.490          109.987                14.991           15.849           16.600         52.54                         
      0.760         10.488          109.987                15.033           15.897           16.600         52.76                         
      0.770         10.487          109.987                15.075           15.946           16.600         52.97                         
      0.780         10.486          109.986                15.118           15.995           16.600         53.19                         
      0.790         10.484          109.986                15.160           16.044           16.600         53.41                         
      0.800         10.483          109.986                15.202           16.093           16.600         53.64                         
      0.810         10.481          109.985                15.244           16.142           16.600         53.86                         
      0.820         10.480          109.985                15.287           16.191           16.600         54.08                         
      0.830         10.478          109.985                15.329           16.240           16.600         54.31                         
      0.840         10.477          109.985                15.371           16.289           16.600         54.53                         
      0.850         10.475          109.984                15.412           16.337           16.600         54.76                         
      0.860         10.473          109.984                15.454           16.386           16.600         54.98                         
      0.870         10.472          109.984                15.495           16.434           16.600         55.21                         
      0.880         10.470          109.983                15.537           16.483           16.600         55.43                         
      0.890         10.469          109.983                15.578           16.531           16.600         55.66                         
      0.900         10.467          109.983                15.618           16.578           16.600         55.89                         
      0.910         10.466          109.983                15.659           16.626           16.600         56.11                         
      0.920         10.464          109.982                15.699           16.673           16.600         56.34                         
      0.930         10.463          109.982                15.739           16.720           16.600         56.56                         
      0.940         10.461          109.982                15.779           16.767           16.600         56.79                         
      0.950         10.459          109.981                15.818           16.813           16.600         57.01                         
      0.960         10.458          109.981                15.857           16.859           16.600         57.24                         
      0.970         10.456          109.981                15.895           16.905           16.600         57.46                         
      0.980         10.455          109.980                15.933           16.950           16.600         57.68                         
      0.990         10.453          109.980                15.971           16.995           16.600         57.90                         
      1.000         10.451          109.980                16.009           17.039           16.600         58.12                         
      1.010         10.450          109.980                16.045           17.083           16.600         58.34                         
      1.020         10.448          109.979                16.082           17.126           16.600         58.56                         
      1.030         10.447          109.979                16.118           17.169           16.600         58.78                         
      1.040         10.445          109.979                16.154           17.212           16.600         58.99                         
      1.050         10.444          109.978                16.189           17.254           16.600         59.21                         
      1.060         10.442          109.978                16.223           17.295           16.600         59.42                         
      1.070         10.441          109.978                16.257           17.336           16.600         59.63                         
      1.080         10.439          109.978                16.291           17.377           16.600         59.84                         
      1.090         10.437          109.977                16.324           17.417           16.600         60.05                         
      1.100         10.436          109.977                16.357           17.456           16.600         60.25                         
      1.110         10.434          109.977                16.389           17.495           16.600         60.45                         
      1.120         10.433          109.976                16.420           17.533           16.600         60.66                         
      1.130         10.431          109.976                16.452           17.570           16.600         60.85                         
      1.140         10.430          109.976                16.482           17.607           16.600         61.05                         
      1.150         10.429          109.976                16.512           17.644           16.600         61.25                         
      1.160         10.427          109.975                16.541           17.679           16.600         61.44                         
      1.170         10.426          109.975                16.570           17.714           16.600         61.63                         
      1.180         10.424          109.975                16.598           17.749           16.600         61.81                         
      1.190         10.423          109.975                16.626           17.783           16.600         62.00                         
      1.200         10.422          109.974                16.653           17.816           16.600         62.18                         
      1.210         10.420          109.974                16.680           17.848           16.600         62.36                         
      1.220         10.419          109.974                16.706           17.880           16.600         62.53                         
      1.230         10.418          109.974                16.731           17.911           16.600         62.71                         
      1.240         10.416          109.973                16.756           17.942           16.600         62.88                         
      1.250         10.415          109.973                16.780           17.971           16.600         63.05                         
      1.260         10.414          109.973                16.804           18.001           16.600         63.21                         
      1.270         10.412          109.973                16.827           18.029           16.600         63.37                         
      1.280         10.411          109.972                16.849           18.057           16.600         63.53                         
      1.290         10.410          109.972                16.871           18.084           16.600         63.68                         
      1.300         10.409          109.972                16.892           18.110           16.600         63.83                         
      1.310         10.408          109.972                16.913           18.136           16.600         63.98                         
      1.320         10.407          109.972                16.933           18.161           16.600         64.13                         
      1.330         10.406          109.971                16.953           18.185           16.600         64.27                         
      1.340         10.404          109.971                16.971           18.209           16.600         64.40                         
      1.350         10.403          109.971                16.990           18.232           16.600         64.54                         
      1.360         10.402          109.971                17.008           18.254           16.600         64.67                         
      1.370         10.401          109.971                17.025           18.275           16.600         64.79                         
      1.380         10.400          109.971                17.041           18.296           16.600         64.92                         
      1.390         10.400          109.970                17.057           18.316           16.600         65.04                         
      1.400         10.399          109.970                17.073           18.335           16.600         65.15                         
      1.410         10.398          109.970                17.088           18.354           16.600         65.26                         
      1.420         10.397          109.970                17.102           18.372           16.600         65.37                         
      1.430         10.396          109.970                17.115           18.389           16.600         65.47                         
      1.440         10.395          109.970                17.129           18.406           16.600         65.57                         
      1.450         10.395          109.969                17.141           18.421           16.600         65.67                         
      1.460         10.394          109.969                17.153           18.437           16.600         65.76                         
      1.470         10.393          109.969                17.165           18.451           16.600         65.85                         
      1.480         10.392          109.969                17.175           18.465           16.600         65.93                         
      1.490         10.392          109.969                17.186           18.478           16.600         66.01                         
      1.500         10.391          109.969                17.195           18.490           16.600         66.09                         
      1.510         10.391          109.969                17.205           18.502           16.600         66.16                         
      1.520         10.390          109.969                17.213           18.513           16.600         66.22                         
      1.530         10.390          109.969                17.221           18.523           16.600         66.29                         
      1.540         10.389          109.969                17.229           18.532           16.600         66.35                         
      1.550         10.389          109.968                17.236           18.541           16.600         66.40                         
      1.560         10.388          109.968                17.242           18.549           16.600         66.45                         
      1.570         10.388          109.968                17.248           18.557           16.600         66.50                         
      1.580         10.388          109.968                17.253           18.563           16.600         66.54                         
      1.590         10.387          109.968                17.258           18.569           16.600         66.58                         
      1.600         10.387          109.968                17.262           18.575           16.600         66.61                         
      1.610         10.387          109.968                17.266           18.579           16.600         66.64                         
      1.620         10.387          109.968                17.269           18.583           16.600         66.66                         
      1.630         10.386          109.968                17.271           18.586           16.600         66.68                         
      1.640         10.386          109.968                17.273           18.589           16.600         66.70                         
      1.650         10.386          109.968                17.275           18.591           16.600         66.71                         
      1.660         10.386          109.968                17.276           18.592           16.600         66.72                         
      1.670         10.386          109.968                17.276           18.592           16.600         66.72                         
      1.680         10.386          109.968                17.276           18.592           16.600         66.72                         
      1.690         10.386          109.968                17.275           18.591           16.600         66.71                         
      1.700         10.386          109.968                17.274           18.590           16.600         66.70                         
      1.710         10.386          109.968                17.272           18.587           16.600         66.69                         
      1.720         10.387          109.968                17.270           18.584           16.600         66.67                         
      1.730         10.387          109.968                17.267           18.581           16.600         66.65                         
      1.740         10.387          109.968                17.263           18.576           16.600         66.62                         
      1.750         10.387          109.968                17.259           18.571           16.600         66.59                         
      1.760         10.388          109.968                17.255           18.566           16.600         66.55                         
      1.770         10.388          109.968                17.250           18.559           16.600         66.51                         
      1.780         10.388          109.968                17.244           18.552           16.600         66.47                         
      1.790         10.389          109.968                17.238           18.544           16.600         66.42                         
      1.800         10.389          109.968                17.231           18.536           16.600         66.37                         
      1.810         10.389          109.969                17.224           18.527           16.600         66.31                         
      1.820         10.390          109.969                17.216           18.517           16.600         66.25                         
      1.830         10.390          109.969                17.208           18.506           16.600         66.19                         
      1.840         10.391          109.969                17.199           18.495           16.600         66.12                         
      1.850         10.392          109.969                17.190           18.483           16.600         66.04                         
      1.860         10.392          109.969                17.180           18.470           16.600         65.97                         
      1.870         10.393          109.969                17.169           18.457           16.600         65.89                         
      1.880         10.393          109.969                17.158           18.443           16.600         65.80                         
      1.890         10.394          109.969                17.147           18.428           16.600         65.71                         
      1.900         10.395          109.970                17.135           18.413           16.600         65.62                         
      1.910         10.396          109.970                17.122           18.397           16.600         65.52                         
      1.920         10.396          109.970                17.109           18.380           16.600         65.42                         
      1.930         10.397          109.970                17.095           18.363           16.600         65.32                         
      1.940         10.398          109.970                17.080           18.345           16.600         65.21                         
      1.950         10.399          109.970                17.065           18.326           16.600         65.10                         
      1.960         10.400          109.970                17.050           18.307           16.600         64.98                         
      1.970         10.401          109.971                17.034           18.287           16.600         64.86                         
      1.980         10.402          109.971                17.017           18.266           16.600         64.74                         
      1.990         10.403          109.971                17.000           18.244           16.600         64.61                         
      2.000         10.404          109.971                16.982           18.222           16.600         64.48                         

