  ¬рем€            U                U                Pij              –г               –т г             ”гол рот         ќтн угол U       
                   601              1002             1001             601              601              601              601              
                                                     1002                                                                                 
                                                     1                                                                                    

                    10.500          110.000                 8.193           17.400           17.400         48.14                         
      0.010         10.500          110.000                 8.193           17.400           17.400         48.14                         
      0.020         10.500          110.000                 8.193           17.400           17.400         48.14                         
      0.030         10.500          110.000                 8.193           17.400           17.400         48.14                         
      0.040         10.500          110.000                 8.193           17.400           17.400         48.14                         
      0.050         10.500          110.000                 8.193           17.400           17.400         48.14                         
      0.060         10.500          110.000                 8.193           17.400           17.400         48.14                         
      0.070         10.500          110.000                 8.193           17.400           17.400         48.14                         
      0.080         10.500          110.000                 8.193           17.400           17.400         48.14                         
      0.090         10.500          110.000                 8.193           17.400           17.400         48.14                         
      0.100         10.500          110.000                 8.193           17.400           17.400         48.14                         
      0.110         10.500          110.000                 8.193           17.400           17.400         48.14                         
      0.120         10.500          110.000                 8.193           17.400           17.400         48.14                         
      0.130         10.500          110.000                 8.193           17.400           17.400         48.14                         
      0.140         10.500          110.000                 8.193           17.400           17.400         48.14                         
      0.150         10.500          110.000                 8.193           17.400           17.400         48.14                         
      0.160         10.500          110.000                 8.193           17.400           17.400         48.14                         
      0.170         10.500          110.000                 8.193           17.400           17.400         48.14                         
      0.180         10.500          110.000                 8.193           17.400           17.400         48.14                         
      0.190         10.500          110.000                 8.193           17.400           17.400         48.14                         
      0.200         10.500          110.000                 8.193           17.400           17.400         48.14                         
      0.200         10.536          109.996                14.119           14.851           17.400         48.14                         
      0.210         10.536          109.996                14.120           14.852           17.400         48.14                         
      0.220         10.536          109.996                14.122           14.854           17.400         48.15                         
      0.230         10.536          109.996                14.125           14.858           17.400         48.17                         
      0.240         10.536          109.996                14.129           14.863           17.400         48.19                         
      0.250         10.536          109.996                14.135           14.870           17.400         48.21                         
      0.260         10.536          109.996                14.142           14.878           17.400         48.25                         
      0.270         10.535          109.996                14.150           14.887           17.400         48.29                         
      0.280         10.535          109.996                14.160           14.897           17.400         48.33                         
      0.290         10.535          109.996                14.170           14.909           17.400         48.38                         
      0.300         10.534          109.996                14.182           14.923           17.400         48.43                         
      0.310         10.534          109.996                14.195           14.937           17.400         48.49                         
      0.320         10.534          109.996                14.209           14.953           17.400         48.56                         
      0.330         10.533          109.996                14.224           14.971           17.400         48.63                         
      0.340         10.533          109.996                14.241           14.989           17.400         48.71                         
      0.350         10.532          109.995                14.258           15.009           17.400         48.79                         
      0.360         10.532          109.995                14.277           15.030           17.400         48.88                         
      0.370         10.531          109.995                14.296           15.052           17.400         48.97                         
      0.380         10.530          109.995                14.317           15.076           17.400         49.07                         
      0.390         10.530          109.995                14.339           15.100           17.400         49.17                         
      0.400         10.529          109.995                14.361           15.126           17.400         49.28                         
      0.410         10.528          109.995                14.385           15.153           17.400         49.39                         
      0.420         10.528          109.995                14.409           15.181           17.400         49.51                         
      0.430         10.527          109.994                14.435           15.210           17.400         49.63                         
      0.440         10.526          109.994                14.461           15.240           17.400         49.76                         
      0.450         10.525          109.994                14.489           15.271           17.400         49.89                         
      0.460         10.525          109.994                14.517           15.303           17.400         50.02                         
      0.470         10.524          109.994                14.546           15.336           17.400         50.17                         
      0.480         10.523          109.994                14.576           15.370           17.400         50.31                         
      0.490         10.522          109.993                14.606           15.405           17.400         50.46                         
      0.500         10.521          109.993                14.638           15.441           17.400         50.61                         
      0.510         10.520          109.993                14.670           15.477           17.400         50.77                         
      0.520         10.519          109.993                14.703           15.515           17.400         50.93                         
      0.530         10.518          109.993                14.736           15.553           17.400         51.10                         
      0.540         10.517          109.992                14.770           15.592           17.400         51.27                         
      0.550         10.516          109.992                14.805           15.632           17.400         51.44                         
      0.560         10.514          109.992                14.840           15.673           17.400         51.62                         
      0.570         10.513          109.992                14.876           15.714           17.400         51.80                         
      0.580         10.512          109.991                14.913           15.756           17.400         51.98                         
      0.590         10.511          109.991                14.950           15.799           17.400         52.17                         
      0.600         10.510          109.991                14.988           15.842           17.400         52.36                         
      0.610         10.508          109.991                15.026           15.886           17.400         52.55                         
      0.620         10.507          109.991                15.064           15.930           17.400         52.75                         
      0.630         10.506          109.990                15.103           15.975           17.400         52.95                         
      0.640         10.504          109.990                15.142           16.021           17.400         53.15                         
      0.650         10.503          109.990                15.182           16.067           17.400         53.36                         
      0.660         10.502          109.989                15.222           16.113           17.400         53.57                         
      0.670         10.500          109.989                15.262           16.159           17.400         53.78                         
      0.680         10.499          109.989                15.303           16.206           17.400         53.99                         
      0.690         10.497          109.989                15.343           16.254           17.400         54.21                         
      0.700         10.496          109.988                15.384           16.301           17.400         54.43                         
      0.710         10.494          109.988                15.425           16.349           17.400         54.65                         
      0.720         10.493          109.988                15.467           16.398           17.400         54.87                         
      0.730         10.491          109.987                15.508           16.446           17.400         55.10                         
      0.740         10.490          109.987                15.550           16.495           17.400         55.32                         
      0.750         10.488          109.987                15.591           16.543           17.400         55.55                         
      0.760         10.486          109.987                15.633           16.592           17.400         55.78                         
      0.770         10.485          109.986                15.675           16.641           17.400         56.02                         
      0.780         10.483          109.986                15.717           16.690           17.400         56.25                         
      0.790         10.482          109.986                15.758           16.739           17.400         56.48                         
      0.800         10.480          109.985                15.800           16.788           17.400         56.72                         
      0.810         10.478          109.985                15.842           16.837           17.400         56.96                         
      0.820         10.477          109.985                15.883           16.886           17.400         57.20                         
      0.830         10.475          109.984                15.925           16.935           17.400         57.43                         
      0.840         10.473          109.984                15.966           16.984           17.400         57.67                         
      0.850         10.471          109.984                16.007           17.033           17.400         57.91                         
      0.860         10.470          109.983                16.048           17.082           17.400         58.16                         
      0.870         10.468          109.983                16.089           17.130           17.400         58.40                         
      0.880         10.466          109.983                16.129           17.179           17.400         58.64                         
      0.890         10.465          109.982                16.169           17.227           17.400         58.88                         
      0.900         10.463          109.982                16.209           17.274           17.400         59.13                         
      0.910         10.461          109.982                16.249           17.322           17.400         59.37                         
      0.920         10.459          109.981                16.289           17.369           17.400         59.61                         
      0.930         10.457          109.981                16.328           17.416           17.400         59.85                         
      0.940         10.456          109.981                16.367           17.463           17.400         60.10                         
      0.950         10.454          109.980                16.405           17.510           17.400         60.34                         
      0.960         10.452          109.980                16.443           17.556           17.400         60.58                         
      0.970         10.450          109.980                16.481           17.601           17.400         60.82                         
      0.980         10.448          109.979                16.518           17.647           17.400         61.06                         
      0.990         10.447          109.979                16.555           17.692           17.400         61.30                         
      1.000         10.445          109.979                16.592           17.736           17.400         61.54                         
      1.010         10.443          109.979                16.628           17.780           17.400         61.78                         
      1.020         10.441          109.978                16.664           17.824           17.400         62.02                         
      1.030         10.440          109.978                16.699           17.867           17.400         62.25                         
      1.040         10.438          109.978                16.734           17.909           17.400         62.49                         
      1.050         10.436          109.977                16.768           17.952           17.400         62.72                         
      1.060         10.434          109.977                16.802           17.993           17.400         62.95                         
      1.070         10.432          109.977                16.835           18.034           17.400         63.18                         
      1.080         10.431          109.976                16.868           18.075           17.400         63.41                         
      1.090         10.429          109.976                16.901           18.115           17.400         63.64                         
      1.100         10.427          109.976                16.933           18.154           17.400         63.87                         
      1.110         10.425          109.975                16.964           18.193           17.400         64.09                         
      1.120         10.424          109.975                16.995           18.232           17.400         64.31                         
      1.130         10.422          109.975                17.025           18.270           17.400         64.53                         
      1.140         10.420          109.974                17.055           18.307           17.400         64.75                         
      1.150         10.419          109.974                17.084           18.344           17.400         64.97                         
      1.160         10.417          109.974                17.113           18.380           17.400         65.18                         
      1.170         10.415          109.973                17.141           18.415           17.400         65.40                         
      1.180         10.414          109.973                17.169           18.450           17.400         65.61                         
      1.190         10.412          109.973                17.196           18.484           17.400         65.81                         
      1.200         10.410          109.973                17.223           18.518           17.400         66.02                         
      1.210         10.409          109.972                17.249           18.551           17.400         66.22                         
      1.220         10.407          109.972                17.274           18.583           17.400         66.42                         
      1.230         10.406          109.972                17.299           18.615           17.400         66.62                         
      1.240         10.404          109.971                17.323           18.646           17.400         66.81                         
      1.250         10.402          109.971                17.347           18.676           17.400         67.00                         
      1.260         10.401          109.971                17.371           18.706           17.400         67.19                         
      1.270         10.399          109.971                17.393           18.735           17.400         67.37                         
      1.280         10.398          109.970                17.416           18.764           17.400         67.56                         
      1.290         10.397          109.970                17.437           18.792           17.400         67.74                         
      1.300         10.395          109.970                17.458           18.819           17.400         67.91                         
      1.310         10.394          109.970                17.479           18.846           17.400         68.09                         
      1.320         10.392          109.969                17.499           18.872           17.400         68.26                         
      1.330         10.391          109.969                17.518           18.897           17.400         68.42                         
      1.340         10.390          109.969                17.537           18.922           17.400         68.59                         
      1.350         10.388          109.969                17.556           18.946           17.400         68.74                         
      1.360         10.387          109.968                17.574           18.969           17.400         68.90                         
      1.370         10.386          109.968                17.591           18.992           17.400         69.05                         
      1.380         10.385          109.968                17.608           19.014           17.400         69.20                         
      1.390         10.383          109.968                17.624           19.035           17.400         69.35                         
      1.400         10.382          109.968                17.640           19.056           17.400         69.49                         
      1.410         10.381          109.967                17.655           19.076           17.400         69.63                         
      1.420         10.380          109.967                17.670           19.096           17.400         69.76                         
      1.430         10.379          109.967                17.684           19.115           17.400         69.90                         
      1.440         10.378          109.967                17.698           19.133           17.400         70.02                         
      1.450         10.377          109.967                17.712           19.151           17.400         70.15                         
      1.460         10.376          109.966                17.724           19.168           17.400         70.27                         
      1.470         10.375          109.966                17.737           19.184           17.400         70.38                         
      1.480         10.374          109.966                17.748           19.200           17.400         70.49                         
      1.490         10.373          109.966                17.760           19.215           17.400         70.60                         
      1.500         10.372          109.966                17.771           19.230           17.400         70.70                         
      1.510         10.371          109.966                17.781           19.244           17.400         70.80                         
      1.520         10.371          109.966                17.791           19.257           17.400         70.90                         
      1.530         10.370          109.965                17.800           19.270           17.400         70.99                         
      1.540         10.369          109.965                17.809           19.282           17.400         71.08                         
      1.550         10.368          109.965                17.818           19.293           17.400         71.16                         
      1.560         10.368          109.965                17.826           19.304           17.400         71.24                         
      1.570         10.367          109.965                17.834           19.314           17.400         71.32                         
      1.580         10.367          109.965                17.841           19.324           17.400         71.39                         
      1.590         10.366          109.965                17.847           19.333           17.400         71.46                         
      1.600         10.365          109.965                17.854           19.342           17.400         71.52                         
      1.610         10.365          109.965                17.860           19.350           17.400         71.58                         
      1.620         10.365          109.964                17.865           19.357           17.400         71.63                         
      1.630         10.364          109.964                17.870           19.364           17.400         71.68                         
      1.640         10.364          109.964                17.874           19.370           17.400         71.73                         
      1.650         10.363          109.964                17.878           19.375           17.400         71.77                         
      1.660         10.363          109.964                17.882           19.380           17.400         71.80                         
      1.670         10.363          109.964                17.885           19.385           17.400         71.84                         
      1.680         10.363          109.964                17.888           19.388           17.400         71.86                         
      1.690         10.362          109.964                17.890           19.392           17.400         71.89                         
      1.700         10.362          109.964                17.892           19.394           17.400         71.91                         
      1.710         10.362          109.964                17.894           19.396           17.400         71.92                         
      1.720         10.362          109.964                17.895           19.398           17.400         71.93                         
      1.730         10.362          109.964                17.896           19.399           17.400         71.94                         
      1.740         10.362          109.964                17.896           19.399           17.400         71.94                         
      1.750         10.362          109.964                17.896           19.399           17.400         71.94                         
      1.760         10.362          109.964                17.895           19.398           17.400         71.93                         
      1.770         10.362          109.964                17.894           19.396           17.400         71.92                         
      1.780         10.362          109.964                17.892           19.394           17.400         71.91                         
      1.790         10.362          109.964                17.891           19.392           17.400         71.89                         
      1.800         10.363          109.964                17.888           19.389           17.400         71.87                         
      1.810         10.363          109.964                17.886           19.385           17.400         71.84                         
      1.820         10.363          109.964                17.882           19.381           17.400         71.81                         
      1.830         10.363          109.964                17.879           19.376           17.400         71.77                         
      1.840         10.364          109.964                17.875           19.370           17.400         71.73                         
      1.850         10.364          109.964                17.870           19.364           17.400         71.68                         
      1.860         10.364          109.964                17.865           19.358           17.400         71.64                         
      1.870         10.365          109.965                17.860           19.350           17.400         71.58                         
      1.880         10.365          109.965                17.854           19.343           17.400         71.52                         
      1.890         10.366          109.965                17.848           19.334           17.400         71.46                         
      1.900         10.366          109.965                17.842           19.325           17.400         71.40                         
      1.910         10.367          109.965                17.835           19.316           17.400         71.33                         
      1.920         10.368          109.965                17.827           19.306           17.400         71.25                         
      1.930         10.368          109.965                17.819           19.295           17.400         71.17                         
      1.940         10.369          109.965                17.811           19.283           17.400         71.09                         
      1.950         10.370          109.965                17.802           19.272           17.400         71.01                         
      1.960         10.371          109.966                17.793           19.259           17.400         70.92                         
      1.970         10.371          109.966                17.783           19.246           17.400         70.82                         
      1.980         10.372          109.966                17.773           19.232           17.400         70.72                         
      1.990         10.373          109.966                17.762           19.218           17.400         70.62                         
      2.000         10.374          109.966                17.751           19.203           17.400         70.51                         

