  ¬рем€            U                U                Pij              –г               –т г             ”гол рот         ќтн угол U       
                   601              1002             1001             601              601              601              601              
                                                     1002                                                                                 
                                                     1                                                                                    

                    10.500          110.000                 8.019           17.000           17.000         46.81                         
      0.010         10.500          110.000                 8.019           17.000           17.000         46.81                         
      0.020         10.500          110.000                 8.019           17.000           17.000         46.81                         
      0.030         10.500          110.000                 8.019           17.000           17.000         46.81                         
      0.040         10.500          110.000                 8.019           17.000           17.000         46.81                         
      0.050         10.500          110.000                 8.019           17.000           17.000         46.81                         
      0.060         10.500          110.000                 8.019           17.000           17.000         46.81                         
      0.070         10.500          110.000                 8.019           17.000           17.000         46.81                         
      0.080         10.500          110.000                 8.019           17.000           17.000         46.81                         
      0.090         10.500          110.000                 8.019           17.000           17.000         46.81                         
      0.100         10.500          110.000                 8.019           17.000           17.000         46.81                         
      0.110         10.500          110.000                 8.019           17.000           17.000         46.81                         
      0.120         10.500          110.000                 8.019           17.000           17.000         46.81                         
      0.130         10.500          110.000                 8.019           17.000           17.000         46.81                         
      0.140         10.500          110.000                 8.019           17.000           17.000         46.81                         
      0.150         10.500          110.000                 8.019           17.000           17.000         46.81                         
      0.160         10.500          110.000                 8.019           17.000           17.000         46.81                         
      0.170         10.500          110.000                 8.019           17.000           17.000         46.81                         
      0.180         10.500          110.000                 8.019           17.000           17.000         46.81                         
      0.190         10.500          110.000                 8.019           17.000           17.000         46.81                         
      0.200         10.500          110.000                 8.019           17.000           17.000         46.81                         
      0.200         10.535          109.996                13.814           14.508           17.000         46.81                         
      0.210         10.535          109.996                13.815           14.509           17.000         46.81                         
      0.220         10.535          109.996                13.817           14.511           17.000         46.82                         
      0.230         10.534          109.996                13.820           14.515           17.000         46.84                         
      0.240         10.534          109.996                13.824           14.520           17.000         46.86                         
      0.250         10.534          109.996                13.830           14.527           17.000         46.88                         
      0.260         10.534          109.996                13.837           14.534           17.000         46.91                         
      0.270         10.534          109.996                13.845           14.544           17.000         46.95                         
      0.280         10.534          109.996                13.855           14.554           17.000         46.99                         
      0.290         10.533          109.996                13.865           14.566           17.000         47.04                         
      0.300         10.533          109.996                13.877           14.580           17.000         47.10                         
      0.310         10.533          109.996                13.890           14.594           17.000         47.16                         
      0.320         10.532          109.996                13.904           14.610           17.000         47.22                         
      0.330         10.532          109.995                13.919           14.627           17.000         47.29                         
      0.340         10.531          109.995                13.936           14.646           17.000         47.37                         
      0.350         10.531          109.995                13.953           14.665           17.000         47.45                         
      0.360         10.530          109.995                13.972           14.686           17.000         47.53                         
      0.370         10.530          109.995                13.992           14.708           17.000         47.62                         
      0.380         10.529          109.995                14.012           14.732           17.000         47.72                         
      0.390         10.529          109.995                14.034           14.756           17.000         47.82                         
      0.400         10.528          109.995                14.057           14.782           17.000         47.92                         
      0.410         10.527          109.995                14.080           14.809           17.000         48.03                         
      0.420         10.527          109.994                14.105           14.837           17.000         48.15                         
      0.430         10.526          109.994                14.131           14.866           17.000         48.27                         
      0.440         10.525          109.994                14.157           14.896           17.000         48.39                         
      0.450         10.524          109.994                14.184           14.927           17.000         48.52                         
      0.460         10.524          109.994                14.213           14.959           17.000         48.65                         
      0.470         10.523          109.994                14.242           14.992           17.000         48.79                         
      0.480         10.522          109.993                14.272           15.025           17.000         48.93                         
      0.490         10.521          109.993                14.303           15.060           17.000         49.08                         
      0.500         10.520          109.993                14.334           15.096           17.000         49.22                         
      0.510         10.519          109.993                14.366           15.133           17.000         49.38                         
      0.520         10.518          109.993                14.399           15.170           17.000         49.54                         
      0.530         10.517          109.992                14.433           15.209           17.000         49.70                         
      0.540         10.516          109.992                14.467           15.248           17.000         49.86                         
      0.550         10.515          109.992                14.502           15.287           17.000         50.03                         
      0.560         10.514          109.992                14.538           15.328           17.000         50.20                         
      0.570         10.513          109.992                14.574           15.369           17.000         50.38                         
      0.580         10.512          109.991                14.611           15.411           17.000         50.56                         
      0.590         10.511          109.991                14.648           15.454           17.000         50.74                         
      0.600         10.509          109.991                14.686           15.497           17.000         50.93                         
      0.610         10.508          109.991                14.724           15.541           17.000         51.12                         
      0.620         10.507          109.990                14.763           15.585           17.000         51.31                         
      0.630         10.506          109.990                14.802           15.630           17.000         51.50                         
      0.640         10.504          109.990                14.841           15.675           17.000         51.70                         
      0.650         10.503          109.990                14.881           15.721           17.000         51.90                         
      0.660         10.502          109.989                14.921           15.767           17.000         52.11                         
      0.670         10.500          109.989                14.962           15.814           17.000         52.31                         
      0.680         10.499          109.989                15.003           15.861           17.000         52.52                         
      0.690         10.498          109.989                15.044           15.908           17.000         52.73                         
      0.700         10.496          109.988                15.085           15.956           17.000         52.94                         
      0.710         10.495          109.988                15.126           16.004           17.000         53.16                         
      0.720         10.493          109.988                15.168           16.052           17.000         53.37                         
      0.730         10.492          109.988                15.210           16.100           17.000         53.59                         
      0.740         10.490          109.987                15.252           16.149           17.000         53.81                         
      0.750         10.489          109.987                15.294           16.198           17.000         54.03                         
      0.760         10.487          109.987                15.336           16.246           17.000         54.26                         
      0.770         10.486          109.986                15.378           16.295           17.000         54.48                         
      0.780         10.484          109.986                15.420           16.344           17.000         54.71                         
      0.790         10.483          109.986                15.462           16.393           17.000         54.94                         
      0.800         10.481          109.986                15.504           16.443           17.000         55.17                         
      0.810         10.480          109.985                15.546           16.492           17.000         55.40                         
      0.820         10.478          109.985                15.588           16.541           17.000         55.63                         
      0.830         10.477          109.985                15.630           16.590           17.000         55.86                         
      0.840         10.475          109.984                15.671           16.639           17.000         56.09                         
      0.850         10.473          109.984                15.713           16.687           17.000         56.32                         
      0.860         10.472          109.984                15.754           16.736           17.000         56.56                         
      0.870         10.470          109.983                15.795           16.785           17.000         56.79                         
      0.880         10.468          109.983                15.836           16.833           17.000         57.02                         
      0.890         10.467          109.983                15.877           16.881           17.000         57.26                         
      0.900         10.465          109.982                15.917           16.929           17.000         57.49                         
      0.910         10.463          109.982                15.958           16.977           17.000         57.73                         
      0.920         10.462          109.982                15.997           17.024           17.000         57.96                         
      0.930         10.460          109.982                16.037           17.071           17.000         58.20                         
      0.940         10.458          109.981                16.076           17.118           17.000         58.43                         
      0.950         10.457          109.981                16.115           17.164           17.000         58.66                         
      0.960         10.455          109.981                16.154           17.210           17.000         58.89                         
      0.970         10.453          109.980                16.192           17.256           17.000         59.13                         
      0.980         10.452          109.980                16.230           17.301           17.000         59.36                         
      0.990         10.450          109.980                16.267           17.346           17.000         59.59                         
      1.000         10.448          109.979                16.304           17.391           17.000         59.82                         
      1.010         10.447          109.979                16.341           17.435           17.000         60.05                         
      1.020         10.445          109.979                16.377           17.478           17.000         60.27                         
      1.030         10.443          109.978                16.413           17.521           17.000         60.50                         
      1.040         10.442          109.978                16.448           17.564           17.000         60.73                         
      1.050         10.440          109.978                16.483           17.606           17.000         60.95                         
      1.060         10.438          109.978                16.517           17.648           17.000         61.17                         
      1.070         10.437          109.977                16.551           17.689           17.000         61.39                         
      1.080         10.435          109.977                16.585           17.730           17.000         61.61                         
      1.090         10.433          109.977                16.617           17.770           17.000         61.83                         
      1.100         10.432          109.976                16.650           17.809           17.000         62.04                         
      1.110         10.430          109.976                16.682           17.848           17.000         62.26                         
      1.120         10.428          109.976                16.713           17.886           17.000         62.47                         
      1.130         10.427          109.975                16.744           17.924           17.000         62.68                         
      1.140         10.425          109.975                16.774           17.961           17.000         62.88                         
      1.150         10.424          109.975                16.804           17.998           17.000         63.09                         
      1.160         10.422          109.975                16.833           18.034           17.000         63.29                         
      1.170         10.421          109.974                16.861           18.069           17.000         63.49                         
      1.180         10.419          109.974                16.889           18.104           17.000         63.69                         
      1.190         10.418          109.974                16.917           18.138           17.000         63.89                         
      1.200         10.416          109.973                16.944           18.171           17.000         64.08                         
      1.210         10.415          109.973                16.970           18.204           17.000         64.27                         
      1.220         10.413          109.973                16.996           18.236           17.000         64.46                         
      1.230         10.412          109.973                17.021           18.268           17.000         64.64                         
      1.240         10.410          109.972                17.046           18.299           17.000         64.82                         
      1.250         10.409          109.972                17.070           18.329           17.000         65.00                         
      1.260         10.407          109.972                17.094           18.359           17.000         65.18                         
      1.270         10.406          109.972                17.117           18.387           17.000         65.35                         
      1.280         10.405          109.971                17.139           18.416           17.000         65.52                         
      1.290         10.403          109.971                17.161           18.443           17.000         65.69                         
      1.300         10.402          109.971                17.182           18.470           17.000         65.85                         
      1.310         10.401          109.971                17.203           18.496           17.000         66.01                         
      1.320         10.400          109.971                17.223           18.522           17.000         66.16                         
      1.330         10.398          109.970                17.243           18.547           17.000         66.32                         
      1.340         10.397          109.970                17.262           18.571           17.000         66.47                         
      1.350         10.396          109.970                17.280           18.595           17.000         66.61                         
      1.360         10.395          109.970                17.298           18.617           17.000         66.76                         
      1.370         10.394          109.969                17.316           18.640           17.000         66.90                         
      1.380         10.393          109.969                17.332           18.661           17.000         67.03                         
      1.390         10.392          109.969                17.349           18.682           17.000         67.16                         
      1.400         10.391          109.969                17.364           18.702           17.000         67.29                         
      1.410         10.390          109.969                17.380           18.722           17.000         67.42                         
      1.420         10.389          109.969                17.394           18.740           17.000         67.54                         
      1.430         10.388          109.968                17.408           18.759           17.000         67.65                         
      1.440         10.387          109.968                17.422           18.776           17.000         67.77                         
      1.450         10.386          109.968                17.435           18.793           17.000         67.87                         
      1.460         10.385          109.968                17.447           18.809           17.000         67.98                         
      1.470         10.384          109.968                17.459           18.825           17.000         68.08                         
      1.480         10.384          109.968                17.471           18.839           17.000         68.18                         
      1.490         10.383          109.968                17.482           18.854           17.000         68.27                         
      1.500         10.382          109.967                17.492           18.867           17.000         68.36                         
      1.510         10.381          109.967                17.502           18.880           17.000         68.44                         
      1.520         10.381          109.967                17.511           18.892           17.000         68.52                         
      1.530         10.380          109.967                17.520           18.904           17.000         68.60                         
      1.540         10.380          109.967                17.529           18.914           17.000         68.67                         
      1.550         10.379          109.967                17.536           18.925           17.000         68.74                         
      1.560         10.378          109.967                17.544           18.934           17.000         68.80                         
      1.570         10.378          109.967                17.551           18.943           17.000         68.86                         
      1.580         10.377          109.967                17.557           18.951           17.000         68.92                         
      1.590         10.377          109.967                17.563           18.959           17.000         68.97                         
      1.600         10.377          109.966                17.568           18.966           17.000         69.02                         
      1.610         10.376          109.966                17.573           18.972           17.000         69.06                         
      1.620         10.376          109.966                17.577           18.978           17.000         69.10                         
      1.630         10.376          109.966                17.581           18.983           17.000         69.13                         
      1.640         10.376          109.966                17.584           18.987           17.000         69.16                         
      1.650         10.375          109.966                17.587           18.991           17.000         69.19                         
      1.660         10.375          109.966                17.590           18.994           17.000         69.21                         
      1.670         10.375          109.966                17.592           18.997           17.000         69.23                         
      1.680         10.375          109.966                17.593           18.999           17.000         69.24                         
      1.690         10.375          109.966                17.594           19.000           17.000         69.25                         
      1.700         10.375          109.966                17.594           19.000           17.000         69.25                         
      1.710         10.375          109.966                17.594           19.000           17.000         69.25                         
      1.720         10.375          109.966                17.594           18.999           17.000         69.24                         
      1.730         10.375          109.966                17.593           18.998           17.000         69.23                         
      1.740         10.375          109.966                17.591           18.996           17.000         69.22                         
      1.750         10.375          109.966                17.589           18.993           17.000         69.20                         
      1.760         10.375          109.966                17.587           18.990           17.000         69.18                         
      1.770         10.376          109.966                17.584           18.986           17.000         69.15                         
      1.780         10.376          109.966                17.580           18.982           17.000         69.12                         
      1.790         10.376          109.966                17.576           18.977           17.000         69.09                         
      1.800         10.376          109.966                17.572           18.971           17.000         69.05                         
      1.810         10.377          109.966                17.567           18.964           17.000         69.01                         
      1.820         10.377          109.967                17.561           18.957           17.000         68.96                         
      1.830         10.378          109.967                17.555           18.949           17.000         68.91                         
      1.840         10.378          109.967                17.549           18.941           17.000         68.85                         
      1.850         10.379          109.967                17.542           18.932           17.000         68.79                         
      1.860         10.379          109.967                17.535           18.922           17.000         68.73                         
      1.870         10.380          109.967                17.527           18.912           17.000         68.66                         
      1.880         10.380          109.967                17.518           18.901           17.000         68.58                         
      1.890         10.381          109.967                17.509           18.889           17.000         68.51                         
      1.900         10.382          109.967                17.500           18.877           17.000         68.43                         
      1.910         10.382          109.967                17.490           18.864           17.000         68.34                         
      1.920         10.383          109.968                17.480           18.851           17.000         68.25                         
      1.930         10.384          109.968                17.469           18.837           17.000         68.16                         
      1.940         10.384          109.968                17.457           18.822           17.000         68.06                         
      1.950         10.385          109.968                17.445           18.806           17.000         67.96                         
      1.960         10.386          109.968                17.433           18.790           17.000         67.86                         
      1.970         10.387          109.968                17.420           18.774           17.000         67.75                         
      1.980         10.388          109.968                17.406           18.756           17.000         67.64                         
      1.990         10.389          109.969                17.392           18.738           17.000         67.52                         
      2.000         10.390          109.969                17.378           18.719           17.000         67.40                         

