  ¬рем€            U                U                Pij              –г               –т г             ”гол рот         ќтн угол U       
                   601              1002             1001             601              601              601              601              
                                                     1002                                                                                 
                                                     1                                                                                    

                    10.500          110.000                 7.932           16.800           16.800         46.15                         
      0.010         10.500          110.000                 7.932           16.800           16.800         46.15                         
      0.020         10.500          110.000                 7.932           16.800           16.800         46.15                         
      0.030         10.500          110.000                 7.932           16.800           16.800         46.15                         
      0.040         10.500          110.000                 7.932           16.800           16.800         46.15                         
      0.050         10.500          110.000                 7.932           16.800           16.800         46.15                         
      0.060         10.500          110.000                 7.932           16.800           16.800         46.15                         
      0.070         10.500          110.000                 7.932           16.800           16.800         46.15                         
      0.080         10.500          110.000                 7.932           16.800           16.800         46.15                         
      0.090         10.500          110.000                 7.932           16.800           16.800         46.15                         
      0.100         10.500          110.000                 7.932           16.800           16.800         46.15                         
      0.110         10.500          110.000                 7.932           16.800           16.800         46.15                         
      0.120         10.500          110.000                 7.932           16.800           16.800         46.15                         
      0.130         10.500          110.000                 7.932           16.800           16.800         46.15                         
      0.140         10.500          110.000                 7.932           16.800           16.800         46.15                         
      0.150         10.500          110.000                 7.932           16.800           16.800         46.15                         
      0.160         10.500          110.000                 7.932           16.800           16.800         46.15                         
      0.170         10.500          110.000                 7.932           16.800           16.800         46.15                         
      0.180         10.500          110.000                 7.932           16.800           16.800         46.15                         
      0.190         10.500          110.000                 7.932           16.800           16.800         46.15                         
      0.200         10.500          110.000                 7.932           16.800           16.800         46.15                         
      0.200         10.534          109.996                13.661           14.337           16.800         46.15                         
      0.210         10.534          109.996                13.661           14.338           16.800         46.16                         
      0.220         10.534          109.996                13.663           14.340           16.800         46.16                         
      0.230         10.534          109.996                13.667           14.343           16.800         46.18                         
      0.240         10.534          109.996                13.671           14.349           16.800         46.20                         
      0.250         10.533          109.996                13.677           14.355           16.800         46.23                         
      0.260         10.533          109.996                13.684           14.363           16.800         46.26                         
      0.270         10.533          109.996                13.692           14.372           16.800         46.29                         
      0.280         10.533          109.996                13.702           14.383           16.800         46.34                         
      0.290         10.533          109.996                13.712           14.395           16.800         46.38                         
      0.300         10.532          109.996                13.724           14.408           16.800         46.44                         
      0.310         10.532          109.995                13.737           14.422           16.800         46.50                         
      0.320         10.531          109.995                13.751           14.438           16.800         46.56                         
      0.330         10.531          109.995                13.766           14.456           16.800         46.63                         
      0.340         10.531          109.995                13.783           14.474           16.800         46.70                         
      0.350         10.530          109.995                13.800           14.494           16.800         46.78                         
      0.360         10.530          109.995                13.819           14.515           16.800         46.87                         
      0.370         10.529          109.995                13.839           14.537           16.800         46.96                         
      0.380         10.529          109.995                13.859           14.560           16.800         47.05                         
      0.390         10.528          109.995                13.881           14.584           16.800         47.15                         
      0.400         10.527          109.995                13.904           14.610           16.800         47.25                         
      0.410         10.527          109.994                13.927           14.637           16.800         47.36                         
      0.420         10.526          109.994                13.952           14.664           16.800         47.47                         
      0.430         10.525          109.994                13.978           14.693           16.800         47.59                         
      0.440         10.525          109.994                14.004           14.723           16.800         47.71                         
      0.450         10.524          109.994                14.032           14.754           16.800         47.84                         
      0.460         10.523          109.994                14.060           14.786           16.800         47.97                         
      0.470         10.522          109.994                14.089           14.819           16.800         48.11                         
      0.480         10.521          109.993                14.119           14.853           16.800         48.25                         
      0.490         10.521          109.993                14.150           14.888           16.800         48.39                         
      0.500         10.520          109.993                14.181           14.924           16.800         48.54                         
      0.510         10.519          109.993                14.214           14.960           16.800         48.69                         
      0.520         10.518          109.993                14.247           14.998           16.800         48.85                         
      0.530         10.517          109.992                14.280           15.036           16.800         49.01                         
      0.540         10.516          109.992                14.315           15.075           16.800         49.17                         
      0.550         10.515          109.992                14.350           15.115           16.800         49.34                         
      0.560         10.514          109.992                14.385           15.155           16.800         49.51                         
      0.570         10.513          109.992                14.422           15.196           16.800         49.68                         
      0.580         10.512          109.991                14.458           15.238           16.800         49.86                         
      0.590         10.510          109.991                14.496           15.281           16.800         50.04                         
      0.600         10.509          109.991                14.534           15.324           16.800         50.22                         
      0.610         10.508          109.991                14.572           15.367           16.800         50.41                         
      0.620         10.507          109.990                14.611           15.412           16.800         50.60                         
      0.630         10.506          109.990                14.650           15.457           16.800         50.79                         
      0.640         10.504          109.990                14.689           15.502           16.800         50.98                         
      0.650         10.503          109.990                14.729           15.548           16.800         51.18                         
      0.660         10.502          109.990                14.770           15.594           16.800         51.38                         
      0.670         10.501          109.989                14.810           15.640           16.800         51.59                         
      0.680         10.499          109.989                14.851           15.687           16.800         51.79                         
      0.690         10.498          109.989                14.892           15.734           16.800         52.00                         
      0.700         10.496          109.988                14.933           15.782           16.800         52.21                         
      0.710         10.495          109.988                14.975           15.830           16.800         52.42                         
      0.720         10.494          109.988                15.017           15.878           16.800         52.63                         
      0.730         10.492          109.988                15.059           15.926           16.800         52.85                         
      0.740         10.491          109.987                15.101           15.975           16.800         53.07                         
      0.750         10.489          109.987                15.143           16.023           16.800         53.28                         
      0.760         10.488          109.987                15.185           16.072           16.800         53.50                         
      0.770         10.486          109.987                15.227           16.121           16.800         53.73                         
      0.780         10.485          109.986                15.269           16.170           16.800         53.95                         
      0.790         10.483          109.986                15.312           16.219           16.800         54.17                         
      0.800         10.482          109.986                15.354           16.268           16.800         54.40                         
      0.810         10.480          109.985                15.396           16.317           16.800         54.62                         
      0.820         10.479          109.985                15.438           16.366           16.800         54.85                         
      0.830         10.477          109.985                15.480           16.415           16.800         55.08                         
      0.840         10.476          109.984                15.522           16.464           16.800         55.31                         
      0.850         10.474          109.984                15.563           16.513           16.800         55.54                         
      0.860         10.473          109.984                15.605           16.562           16.800         55.77                         
      0.870         10.471          109.984                15.646           16.610           16.800         56.00                         
      0.880         10.469          109.983                15.687           16.658           16.800         56.23                         
      0.890         10.468          109.983                15.728           16.706           16.800         56.46                         
      0.900         10.466          109.983                15.769           16.754           16.800         56.69                         
      0.910         10.465          109.982                15.809           16.802           16.800         56.92                         
      0.920         10.463          109.982                15.849           16.849           16.800         57.15                         
      0.930         10.461          109.982                15.889           16.896           16.800         57.38                         
      0.940         10.460          109.981                15.928           16.943           16.800         57.61                         
      0.950         10.458          109.981                15.968           16.989           16.800         57.83                         
      0.960         10.456          109.981                16.006           17.035           16.800         58.06                         
      0.970         10.455          109.981                16.045           17.081           16.800         58.29                         
      0.980         10.453          109.980                16.083           17.126           16.800         58.52                         
      0.990         10.451          109.980                16.120           17.171           16.800         58.74                         
      1.000         10.450          109.980                16.158           17.216           16.800         58.97                         
      1.010         10.448          109.979                16.194           17.260           16.800         59.19                         
      1.020         10.447          109.979                16.231           17.303           16.800         59.41                         
      1.030         10.445          109.979                16.267           17.346           16.800         59.64                         
      1.040         10.443          109.978                16.302           17.389           16.800         59.86                         
      1.050         10.442          109.978                16.337           17.431           16.800         60.07                         
      1.060         10.440          109.978                16.372           17.473           16.800         60.29                         
      1.070         10.439          109.978                16.406           17.514           16.800         60.51                         
      1.080         10.437          109.977                16.439           17.554           16.800         60.72                         
      1.090         10.435          109.977                16.472           17.594           16.800         60.93                         
      1.100         10.434          109.977                16.505           17.634           16.800         61.14                         
      1.110         10.432          109.976                16.537           17.672           16.800         61.35                         
      1.120         10.431          109.976                16.568           17.711           16.800         61.56                         
      1.130         10.429          109.976                16.599           17.748           16.800         61.76                         
      1.140         10.428          109.976                16.629           17.785           16.800         61.96                         
      1.150         10.426          109.975                16.659           17.822           16.800         62.16                         
      1.160         10.425          109.975                16.688           17.858           16.800         62.36                         
      1.170         10.423          109.975                16.717           17.893           16.800         62.56                         
      1.180         10.422          109.974                16.745           17.927           16.800         62.75                         
      1.190         10.420          109.974                16.773           17.961           16.800         62.94                         
      1.200         10.419          109.974                16.800           17.995           16.800         63.12                         
      1.210         10.417          109.974                16.826           18.027           16.800         63.31                         
      1.220         10.416          109.973                16.852           18.059           16.800         63.49                         
      1.230         10.415          109.973                16.878           18.091           16.800         63.67                         
      1.240         10.413          109.973                16.902           18.121           16.800         63.84                         
      1.250         10.412          109.973                16.927           18.151           16.800         64.02                         
      1.260         10.411          109.972                16.950           18.181           16.800         64.19                         
      1.270         10.409          109.972                16.973           18.209           16.800         64.35                         
      1.280         10.408          109.972                16.996           18.238           16.800         64.52                         
      1.290         10.407          109.972                17.018           18.265           16.800         64.68                         
      1.300         10.406          109.972                17.039           18.291           16.800         64.83                         
      1.310         10.404          109.971                17.060           18.317           16.800         64.99                         
      1.320         10.403          109.971                17.080           18.343           16.800         65.14                         
      1.330         10.402          109.971                17.099           18.367           16.800         65.29                         
      1.340         10.401          109.971                17.118           18.391           16.800         65.43                         
      1.350         10.400          109.970                17.137           18.414           16.800         65.57                         
      1.360         10.399          109.970                17.155           18.437           16.800         65.71                         
      1.370         10.398          109.970                17.172           18.459           16.800         65.84                         
      1.380         10.397          109.970                17.189           18.480           16.800         65.97                         
      1.390         10.396          109.970                17.205           18.500           16.800         66.09                         
      1.400         10.395          109.970                17.220           18.520           16.800         66.21                         
      1.410         10.394          109.969                17.236           18.539           16.800         66.33                         
      1.420         10.393          109.969                17.250           18.558           16.800         66.45                         
      1.430         10.392          109.969                17.264           18.575           16.800         66.56                         
      1.440         10.391          109.969                17.277           18.592           16.800         66.66                         
      1.450         10.390          109.969                17.290           18.609           16.800         66.76                         
      1.460         10.390          109.969                17.302           18.624           16.800         66.86                         
      1.470         10.389          109.969                17.314           18.639           16.800         66.96                         
      1.480         10.388          109.968                17.325           18.654           16.800         67.05                         
      1.490         10.387          109.968                17.336           18.667           16.800         67.13                         
      1.500         10.387          109.968                17.346           18.680           16.800         67.21                         
      1.510         10.386          109.968                17.355           18.692           16.800         67.29                         
      1.520         10.386          109.968                17.365           18.704           16.800         67.36                         
      1.530         10.385          109.968                17.373           18.715           16.800         67.43                         
      1.540         10.384          109.968                17.381           18.725           16.800         67.50                         
      1.550         10.384          109.968                17.388           18.735           16.800         67.56                         
      1.560         10.383          109.968                17.395           18.743           16.800         67.62                         
      1.570         10.383          109.967                17.402           18.752           16.800         67.67                         
      1.580         10.383          109.967                17.407           18.759           16.800         67.72                         
      1.590         10.382          109.967                17.413           18.766           16.800         67.76                         
      1.600         10.382          109.967                17.417           18.772           16.800         67.80                         
      1.610         10.382          109.967                17.422           18.778           16.800         67.84                         
      1.620         10.381          109.967                17.425           18.782           16.800         67.87                         
      1.630         10.381          109.967                17.429           18.787           16.800         67.90                         
      1.640         10.381          109.967                17.431           18.790           16.800         67.92                         
      1.650         10.381          109.967                17.433           18.793           16.800         67.94                         
      1.660         10.381          109.967                17.435           18.795           16.800         67.95                         
      1.670         10.381          109.967                17.436           18.796           16.800         67.96                         
      1.680         10.381          109.967                17.437           18.797           16.800         67.97                         
      1.690         10.381          109.967                17.437           18.797           16.800         67.97                         
      1.700         10.381          109.967                17.437           18.797           16.800         67.96                         
      1.710         10.381          109.967                17.436           18.796           16.800         67.96                         
      1.720         10.381          109.967                17.434           18.794           16.800         67.94                         
      1.730         10.381          109.967                17.432           18.791           16.800         67.93                         
      1.740         10.381          109.967                17.430           18.788           16.800         67.91                         
      1.750         10.381          109.967                17.427           18.784           16.800         67.88                         
      1.760         10.382          109.967                17.423           18.780           16.800         67.85                         
      1.770         10.382          109.967                17.419           18.775           16.800         67.82                         
      1.780         10.382          109.967                17.415           18.769           16.800         67.78                         
      1.790         10.382          109.967                17.410           18.762           16.800         67.74                         
      1.800         10.383          109.967                17.404           18.755           16.800         67.69                         
      1.810         10.383          109.968                17.398           18.747           16.800         67.64                         
      1.820         10.384          109.968                17.392           18.739           16.800         67.59                         
      1.830         10.384          109.968                17.384           18.730           16.800         67.53                         
      1.840         10.385          109.968                17.377           18.720           16.800         67.47                         
      1.850         10.385          109.968                17.369           18.709           16.800         67.40                         
      1.860         10.386          109.968                17.360           18.698           16.800         67.33                         
      1.870         10.386          109.968                17.351           18.686           16.800         67.25                         
      1.880         10.387          109.968                17.341           18.674           16.800         67.17                         
      1.890         10.388          109.968                17.331           18.661           16.800         67.09                         
      1.900         10.388          109.968                17.320           18.647           16.800         67.00                         
      1.910         10.389          109.969                17.309           18.632           16.800         66.91                         
      1.920         10.390          109.969                17.297           18.617           16.800         66.82                         
      1.930         10.391          109.969                17.284           18.601           16.800         66.72                         
      1.940         10.392          109.969                17.271           18.585           16.800         66.61                         
      1.950         10.392          109.969                17.258           18.568           16.800         66.51                         
      1.960         10.393          109.969                17.244           18.550           16.800         66.40                         
      1.970         10.394          109.969                17.229           18.532           16.800         66.28                         
      1.980         10.395          109.970                17.214           18.512           16.800         66.17                         
      1.990         10.396          109.970                17.199           18.493           16.800         66.04                         
      2.000         10.397          109.970                17.182           18.472           16.800         65.92                         

