  ¬рем€            U                U                Pij              –г               –т г             ”гол рот         ќтн угол U       
                   601              1002             1001             601              601              601              601              
                                                     1002                                                                                 
                                                     1                                                                                    

                    10.500          110.000                 7.888           16.700           16.700         45.83                         
      0.010         10.500          110.000                 7.888           16.700           16.700         45.83                         
      0.020         10.500          110.000                 7.888           16.700           16.700         45.83                         
      0.030         10.500          110.000                 7.888           16.700           16.700         45.83                         
      0.040         10.500          110.000                 7.888           16.700           16.700         45.83                         
      0.050         10.500          110.000                 7.888           16.700           16.700         45.83                         
      0.060         10.500          110.000                 7.888           16.700           16.700         45.83                         
      0.070         10.500          110.000                 7.888           16.700           16.700         45.83                         
      0.080         10.500          110.000                 7.888           16.700           16.700         45.83                         
      0.090         10.500          110.000                 7.888           16.700           16.700         45.83                         
      0.100         10.500          110.000                 7.888           16.700           16.700         45.83                         
      0.110         10.500          110.000                 7.888           16.700           16.700         45.83                         
      0.120         10.500          110.000                 7.888           16.700           16.700         45.83                         
      0.130         10.500          110.000                 7.888           16.700           16.700         45.83                         
      0.140         10.500          110.000                 7.888           16.700           16.700         45.83                         
      0.150         10.500          110.000                 7.888           16.700           16.700         45.83                         
      0.160         10.500          110.000                 7.888           16.700           16.700         45.83                         
      0.170         10.500          110.000                 7.888           16.700           16.700         45.83                         
      0.180         10.500          110.000                 7.888           16.700           16.700         45.83                         
      0.190         10.500          110.000                 7.888           16.700           16.700         45.83                         
      0.200         10.500          110.000                 7.888           16.700           16.700         45.83                         
      0.200         10.533          109.996                13.584           14.251           16.700         45.83                         
      0.210         10.533          109.996                13.585           14.252           16.700         45.83                         
      0.220         10.533          109.996                13.587           14.254           16.700         45.84                         
      0.230         10.533          109.996                13.590           14.258           16.700         45.85                         
      0.240         10.533          109.996                13.594           14.263           16.700         45.87                         
      0.250         10.533          109.996                13.600           14.269           16.700         45.90                         
      0.260         10.533          109.996                13.607           14.277           16.700         45.93                         
      0.270         10.533          109.996                13.615           14.286           16.700         45.97                         
      0.280         10.532          109.996                13.625           14.297           16.700         46.01                         
      0.290         10.532          109.996                13.636           14.309           16.700         46.06                         
      0.300         10.532          109.995                13.647           14.322           16.700         46.11                         
      0.310         10.532          109.995                13.660           14.337           16.700         46.17                         
      0.320         10.531          109.995                13.674           14.353           16.700         46.23                         
      0.330         10.531          109.995                13.690           14.370           16.700         46.30                         
      0.340         10.530          109.995                13.706           14.388           16.700         46.37                         
      0.350         10.530          109.995                13.724           14.408           16.700         46.45                         
      0.360         10.529          109.995                13.742           14.429           16.700         46.54                         
      0.370         10.529          109.995                13.762           14.451           16.700         46.62                         
      0.380         10.528          109.995                13.783           14.474           16.700         46.72                         
      0.390         10.528          109.995                13.804           14.498           16.700         46.82                         
      0.400         10.527          109.995                13.827           14.524           16.700         46.92                         
      0.410         10.526          109.994                13.851           14.551           16.700         47.03                         
      0.420         10.526          109.994                13.875           14.578           16.700         47.14                         
      0.430         10.525          109.994                13.901           14.607           16.700         47.26                         
      0.440         10.524          109.994                13.928           14.637           16.700         47.38                         
      0.450         10.524          109.994                13.955           14.668           16.700         47.50                         
      0.460         10.523          109.994                13.983           14.700           16.700         47.64                         
      0.470         10.522          109.993                14.012           14.733           16.700         47.77                         
      0.480         10.521          109.993                14.042           14.767           16.700         47.91                         
      0.490         10.520          109.993                14.073           14.801           16.700         48.05                         
      0.500         10.519          109.993                14.105           14.837           16.700         48.20                         
      0.510         10.519          109.993                14.137           14.874           16.700         48.35                         
      0.520         10.518          109.993                14.170           14.911           16.700         48.50                         
      0.530         10.517          109.992                14.204           14.949           16.700         48.66                         
      0.540         10.516          109.992                14.238           14.988           16.700         48.82                         
      0.550         10.515          109.992                14.273           15.028           16.700         48.99                         
      0.560         10.514          109.992                14.309           15.068           16.700         49.16                         
      0.570         10.513          109.992                14.345           15.110           16.700         49.33                         
      0.580         10.511          109.991                14.382           15.151           16.700         49.51                         
      0.590         10.510          109.991                14.419           15.194           16.700         49.69                         
      0.600         10.509          109.991                14.457           15.237           16.700         49.87                         
      0.610         10.508          109.991                14.495           15.281           16.700         50.05                         
      0.620         10.507          109.990                14.534           15.325           16.700         50.24                         
      0.630         10.506          109.990                14.573           15.370           16.700         50.43                         
      0.640         10.504          109.990                14.613           15.415           16.700         50.63                         
      0.650         10.503          109.990                14.653           15.461           16.700         50.82                         
      0.660         10.502          109.990                14.693           15.507           16.700         51.02                         
      0.670         10.501          109.989                14.734           15.553           16.700         51.22                         
      0.680         10.499          109.989                14.775           15.600           16.700         51.43                         
      0.690         10.498          109.989                14.816           15.647           16.700         51.63                         
      0.700         10.497          109.988                14.857           15.695           16.700         51.84                         
      0.710         10.495          109.988                14.899           15.743           16.700         52.05                         
      0.720         10.494          109.988                14.941           15.791           16.700         52.26                         
      0.730         10.492          109.988                14.983           15.839           16.700         52.48                         
      0.740         10.491          109.987                15.025           15.887           16.700         52.69                         
      0.750         10.490          109.987                15.067           15.936           16.700         52.91                         
      0.760         10.488          109.987                15.109           15.985           16.700         53.13                         
      0.770         10.487          109.987                15.151           16.034           16.700         53.35                         
      0.780         10.485          109.986                15.194           16.083           16.700         53.57                         
      0.790         10.484          109.986                15.236           16.132           16.700         53.79                         
      0.800         10.482          109.986                15.278           16.181           16.700         54.02                         
      0.810         10.481          109.985                15.320           16.230           16.700         54.24                         
      0.820         10.479          109.985                15.362           16.279           16.700         54.47                         
      0.830         10.478          109.985                15.404           16.328           16.700         54.69                         
      0.840         10.476          109.985                15.446           16.377           16.700         54.92                         
      0.850         10.475          109.984                15.488           16.425           16.700         55.15                         
      0.860         10.473          109.984                15.530           16.474           16.700         55.37                         
      0.870         10.471          109.984                15.571           16.522           16.700         55.60                         
      0.880         10.470          109.983                15.612           16.571           16.700         55.83                         
      0.890         10.468          109.983                15.653           16.619           16.700         56.06                         
      0.900         10.467          109.983                15.694           16.666           16.700         56.29                         
      0.910         10.465          109.982                15.734           16.714           16.700         56.51                         
      0.920         10.463          109.982                15.774           16.761           16.700         56.74                         
      0.930         10.462          109.982                15.814           16.808           16.700         56.97                         
      0.940         10.460          109.982                15.854           16.855           16.700         57.20                         
      0.950         10.459          109.981                15.893           16.901           16.700         57.42                         
      0.960         10.457          109.981                15.932           16.947           16.700         57.65                         
      0.970         10.455          109.981                15.970           16.993           16.700         57.87                         
      0.980         10.454          109.980                16.008           17.038           16.700         58.10                         
      0.990         10.452          109.980                16.046           17.083           16.700         58.32                         
      1.000         10.451          109.980                16.083           17.128           16.700         58.55                         
      1.010         10.449          109.979                16.120           17.172           16.700         58.77                         
      1.020         10.447          109.979                16.157           17.215           16.700         58.99                         
      1.030         10.446          109.979                16.193           17.258           16.700         59.21                         
      1.040         10.444          109.979                16.228           17.301           16.700         59.42                         
      1.050         10.443          109.978                16.263           17.343           16.700         59.64                         
      1.060         10.441          109.978                16.298           17.384           16.700         59.85                         
      1.070         10.440          109.978                16.332           17.425           16.700         60.07                         
      1.080         10.438          109.977                16.365           17.466           16.700         60.28                         
      1.090         10.436          109.977                16.398           17.506           16.700         60.49                         
      1.100         10.435          109.977                16.431           17.545           16.700         60.70                         
      1.110         10.433          109.977                16.463           17.584           16.700         60.90                         
      1.120         10.432          109.976                16.495           17.622           16.700         61.11                         
      1.130         10.430          109.976                16.526           17.660           16.700         61.31                         
      1.140         10.429          109.976                16.556           17.697           16.700         61.51                         
      1.150         10.427          109.975                16.586           17.733           16.700         61.70                         
      1.160         10.426          109.975                16.615           17.769           16.700         61.90                         
      1.170         10.424          109.975                16.644           17.804           16.700         62.09                         
      1.180         10.423          109.975                16.672           17.838           16.700         62.28                         
      1.190         10.422          109.974                16.700           17.872           16.700         62.47                         
      1.200         10.420          109.974                16.727           17.906           16.700         62.65                         
      1.210         10.419          109.974                16.753           17.938           16.700         62.83                         
      1.220         10.417          109.974                16.779           17.970           16.700         63.01                         
      1.230         10.416          109.973                16.805           18.001           16.700         63.19                         
      1.240         10.415          109.973                16.829           18.032           16.700         63.36                         
      1.250         10.413          109.973                16.854           18.062           16.700         63.53                         
      1.260         10.412          109.973                16.877           18.091           16.700         63.70                         
      1.270         10.411          109.972                16.900           18.120           16.700         63.86                         
      1.280         10.410          109.972                16.923           18.147           16.700         64.02                         
      1.290         10.408          109.972                16.945           18.175           16.700         64.18                         
      1.300         10.407          109.972                16.966           18.201           16.700         64.33                         
      1.310         10.406          109.972                16.987           18.227           16.700         64.48                         
      1.320         10.405          109.971                17.007           18.252           16.700         64.63                         
      1.330         10.404          109.971                17.026           18.277           16.700         64.77                         
      1.340         10.403          109.971                17.045           18.300           16.700         64.91                         
      1.350         10.402          109.971                17.064           18.323           16.700         65.05                         
      1.360         10.401          109.971                17.082           18.346           16.700         65.18                         
      1.370         10.400          109.970                17.099           18.367           16.700         65.31                         
      1.380         10.399          109.970                17.115           18.388           16.700         65.44                         
      1.390         10.398          109.970                17.132           18.409           16.700         65.56                         
      1.400         10.397          109.970                17.147           18.428           16.700         65.68                         
      1.410         10.396          109.970                17.162           18.447           16.700         65.79                         
      1.420         10.395          109.970                17.176           18.465           16.700         65.91                         
      1.430         10.394          109.969                17.190           18.483           16.700         66.01                         
      1.440         10.393          109.969                17.203           18.499           16.700         66.12                         
      1.450         10.392          109.969                17.216           18.516           16.700         66.21                         
      1.460         10.392          109.969                17.228           18.531           16.700         66.31                         
      1.470         10.391          109.969                17.240           18.546           16.700         66.40                         
      1.480         10.390          109.969                17.251           18.560           16.700         66.49                         
      1.490         10.390          109.969                17.261           18.573           16.700         66.57                         
      1.500         10.389          109.969                17.271           18.586           16.700         66.65                         
      1.510         10.388          109.968                17.281           18.597           16.700         66.72                         
      1.520         10.388          109.968                17.289           18.609           16.700         66.79                         
      1.530         10.387          109.968                17.298           18.619           16.700         66.86                         
      1.540         10.387          109.968                17.305           18.629           16.700         66.92                         
      1.550         10.386          109.968                17.312           18.638           16.700         66.98                         
      1.560         10.386          109.968                17.319           18.647           16.700         67.03                         
      1.570         10.386          109.968                17.325           18.654           16.700         67.08                         
      1.580         10.385          109.968                17.331           18.662           16.700         67.13                         
      1.590         10.385          109.968                17.336           18.668           16.700         67.17                         
      1.600         10.385          109.968                17.340           18.674           16.700         67.20                         
      1.610         10.384          109.968                17.344           18.679           16.700         67.24                         
      1.620         10.384          109.968                17.348           18.683           16.700         67.26                         
      1.630         10.384          109.968                17.350           18.687           16.700         67.29                         
      1.640         10.384          109.968                17.353           18.690           16.700         67.31                         
      1.650         10.384          109.968                17.355           18.692           16.700         67.32                         
      1.660         10.384          109.968                17.356           18.694           16.700         67.33                         
      1.670         10.383          109.968                17.357           18.695           16.700         67.34                         
      1.680         10.383          109.968                17.357           18.695           16.700         67.34                         
      1.690         10.383          109.968                17.357           18.695           16.700         67.34                         
      1.700         10.384          109.968                17.356           18.694           16.700         67.33                         
      1.710         10.384          109.968                17.354           18.692           16.700         67.32                         
      1.720         10.384          109.968                17.353           18.690           16.700         67.30                         
      1.730         10.384          109.968                17.350           18.686           16.700         67.28                         
      1.740         10.384          109.968                17.347           18.683           16.700         67.26                         
      1.750         10.384          109.968                17.344           18.678           16.700         67.23                         
      1.760         10.385          109.968                17.340           18.673           16.700         67.20                         
      1.770         10.385          109.968                17.335           18.667           16.700         67.16                         
      1.780         10.385          109.968                17.330           18.661           16.700         67.12                         
      1.790         10.386          109.968                17.325           18.654           16.700         67.08                         
      1.800         10.386          109.968                17.318           18.646           16.700         67.03                         
      1.810         10.386          109.968                17.312           18.637           16.700         66.97                         
      1.820         10.387          109.968                17.305           18.628           16.700         66.91                         
      1.830         10.387          109.968                17.297           18.618           16.700         66.85                         
      1.840         10.388          109.968                17.289           18.608           16.700         66.79                         
      1.850         10.388          109.968                17.280           18.597           16.700         66.72                         
      1.860         10.389          109.969                17.271           18.585           16.700         66.64                         
      1.870         10.390          109.969                17.261           18.572           16.700         66.56                         
      1.880         10.390          109.969                17.250           18.559           16.700         66.48                         
      1.890         10.391          109.969                17.239           18.545           16.700         66.40                         
      1.900         10.392          109.969                17.228           18.530           16.700         66.31                         
      1.910         10.392          109.969                17.216           18.515           16.700         66.21                         
      1.920         10.393          109.969                17.203           18.499           16.700         66.11                         
      1.930         10.394          109.969                17.190           18.483           16.700         66.01                         
      1.940         10.395          109.970                17.176           18.465           16.700         65.91                         
      1.950         10.396          109.970                17.162           18.447           16.700         65.80                         
      1.960         10.397          109.970                17.147           18.429           16.700         65.68                         
      1.970         10.398          109.970                17.132           18.409           16.700         65.57                         
      1.980         10.399          109.970                17.116           18.389           16.700         65.45                         
      1.990         10.399          109.970                17.100           18.369           16.700         65.32                         
      2.000         10.400          109.971                17.083           18.347           16.700         65.19                         

