  ¬рем€            U                U                Pij              –г               –т г             ”гол рот         ќтн угол U       
                   601              1002             1001             601              601              601              601              
                                                     1002                                                                                 
                                                     1                                                                                    

                     6.300          110.000                 9.251           19.900           19.900         60.92                         
      0.010          6.300          110.000                 9.251           19.900           19.900         60.92                         
      0.020          6.300          110.000                 9.251           19.900           19.900         60.92                         
      0.030          6.300          110.000                 9.251           19.900           19.900         60.92                         
      0.040          6.300          110.000                 9.251           19.900           19.900         60.92                         
      0.050          6.300          110.000                 9.251           19.900           19.900         60.92                         
      0.060          6.300          110.000                 9.251           19.900           19.900         60.92                         
      0.070          6.300          110.000                 9.251           19.900           19.900         60.92                         
      0.080          6.300          110.000                 9.251           19.900           19.900         60.92                         
      0.090          6.300          110.000                 9.251           19.900           19.900         60.92                         
      0.100          6.300          110.000                 9.251           19.900           19.900         60.92                         
      0.110          6.300          110.000                 9.251           19.900           19.900         60.92                         
      0.120          6.300          110.000                 9.251           19.900           19.900         60.92                         
      0.130          6.300          110.000                 9.251           19.900           19.900         60.92                         
      0.140          6.300          110.000                 9.251           19.900           19.900         60.92                         
      0.150          6.300          110.000                 9.251           19.900           19.900         60.92                         
      0.160          6.300          110.000                 9.251           19.900           19.900         60.92                         
      0.170          6.300          110.000                 9.251           19.900           19.900         60.92                         
      0.180          6.300          110.000                 9.251           19.900           19.900         60.92                         
      0.190          6.300          110.000                 9.251           19.900           19.900         60.92                         
      0.200          6.300          110.000                 9.251           19.900           19.900         60.92                         
      0.200          6.363          109.998                16.193           17.227           19.900         60.92                         
      0.210          6.363          109.998                16.194           17.228           19.900         60.93                         
      0.220          6.363          109.998                16.197           17.231           19.900         60.94                         
      0.230          6.363          109.998                16.202           17.237           19.900         60.98                         
      0.240          6.362          109.998                16.208           17.245           19.900         61.02                         
      0.250          6.362          109.997                16.217           17.254           19.900         61.07                         
      0.260          6.361          109.997                16.227           17.266           19.900         61.14                         
      0.270          6.360          109.997                16.238           17.281           19.900         61.22                         
      0.280          6.359          109.997                16.252           17.297           19.900         61.31                         
      0.290          6.358          109.997                16.267           17.315           19.900         61.41                         
      0.300          6.357          109.997                16.284           17.335           19.900         61.52                         
      0.310          6.356          109.997                16.302           17.358           19.900         61.65                         
      0.320          6.355          109.996                16.323           17.382           19.900         61.78                         
      0.330          6.354          109.996                16.344           17.408           19.900         61.93                         
      0.340          6.352          109.996                16.367           17.436           19.900         62.09                         
      0.350          6.351          109.996                16.392           17.465           19.900         62.25                         
      0.360          6.349          109.996                16.418           17.497           19.900         62.43                         
      0.370          6.347          109.995                16.445           17.530           19.900         62.62                         
      0.380          6.345          109.995                16.473           17.564           19.900         62.82                         
      0.390          6.343          109.995                16.503           17.600           19.900         63.03                         
      0.400          6.341          109.994                16.534           17.638           19.900         63.25                         
      0.410          6.339          109.994                16.566           17.677           19.900         63.48                         
      0.420          6.336          109.994                16.599           17.718           19.900         63.72                         
      0.430          6.334          109.994                16.634           17.759           19.900         63.97                         
      0.440          6.332          109.993                16.669           17.802           19.900         64.23                         
      0.450          6.329          109.993                16.705           17.847           19.900         64.49                         
      0.460          6.326          109.992                16.741           17.892           19.900         64.77                         
      0.470          6.323          109.992                16.779           17.938           19.900         65.05                         
      0.480          6.321          109.992                16.817           17.986           19.900         65.34                         
      0.490          6.318          109.991                16.856           18.034           19.900         65.64                         
      0.500          6.315          109.991                16.895           18.083           19.900         65.95                         
      0.510          6.311          109.990                16.935           18.132           19.900         66.27                         
      0.520          6.308          109.990                16.975           18.183           19.900         66.59                         
      0.530          6.305          109.989                17.016           18.234           19.900         66.92                         
      0.540          6.301          109.989                17.057           18.285           19.900         67.26                         
      0.550          6.298          109.989                17.098           18.337           19.900         67.61                         
      0.560          6.294          109.988                17.139           18.390           19.900         67.96                         
      0.570          6.291          109.988                17.180           18.442           19.900         68.31                         
      0.580          6.287          109.987                17.222           18.495           19.900         68.68                         
      0.590          6.283          109.986                17.263           18.548           19.900         69.05                         
      0.600          6.279          109.986                17.304           18.602           19.900         69.42                         
      0.610          6.275          109.985                17.345           18.655           19.900         69.80                         
      0.620          6.271          109.985                17.386           18.708           19.900         70.19                         
      0.630          6.267          109.984                17.427           18.761           19.900         70.58                         
      0.640          6.263          109.984                17.467           18.814           19.900         70.98                         
      0.650          6.259          109.983                17.507           18.867           19.900         71.38                         
      0.660          6.255          109.983                17.546           18.919           19.900         71.78                         
      0.670          6.250          109.982                17.585           18.972           19.900         72.19                         
      0.680          6.246          109.981                17.623           19.023           19.900         72.60                         
      0.690          6.242          109.981                17.661           19.075           19.900         73.01                         
      0.700          6.237          109.980                17.698           19.126           19.900         73.43                         
      0.710          6.233          109.980                17.735           19.176           19.900         73.86                         
      0.720          6.228          109.979                17.771           19.226           19.900         74.28                         
      0.730          6.223          109.978                17.806           19.275           19.900         74.71                         
      0.740          6.219          109.978                17.840           19.323           19.900         75.14                         
      0.750          6.214          109.977                17.873           19.371           19.900         75.57                         
      0.760          6.209          109.977                17.906           19.418           19.900         76.00                         
      0.770          6.204          109.976                17.937           19.464           19.900         76.44                         
      0.780          6.200          109.975                17.968           19.509           19.900         76.88                         
      0.790          6.195          109.975                17.998           19.554           19.900         77.32                         
      0.800          6.190          109.974                18.027           19.597           19.900         77.76                         
      0.810          6.185          109.973                18.055           19.640           19.900         78.20                         
      0.820          6.180          109.973                18.081           19.681           19.900         78.64                         
      0.830          6.175          109.972                18.107           19.722           19.900         79.08                         
      0.840          6.170          109.971                18.132           19.762           19.900         79.52                         
      0.850          6.165          109.971                18.156           19.800           19.900         79.97                         
      0.860          6.160          109.970                18.178           19.838           19.900         80.41                         
      0.870          6.155          109.970                18.200           19.874           19.900         80.86                         
      0.880          6.150          109.969                18.220           19.910           19.900         81.30                         
      0.890          6.145          109.968                18.239           19.944           19.900         81.74                         
      0.900          6.140          109.968                18.258           19.977           19.900         82.19                         
      0.910          6.135          109.967                18.275           20.010           19.900         82.63                         
      0.920          6.130          109.966                18.291           20.041           19.900         83.07                         
      0.930          6.124          109.966                18.306           20.070           19.900         83.51                         
      0.940          6.119          109.965                18.320           20.099           19.900         83.95                         
      0.950          6.114          109.964                18.332           20.127           19.900         84.39                         
      0.960          6.109          109.964                18.344           20.153           19.900         84.83                         
      0.970          6.104          109.963                18.354           20.179           19.900         85.26                         
      0.980          6.099          109.963                18.364           20.203           19.900         85.70                         
      0.990          6.094          109.962                18.372           20.226           19.900         86.13                         
      1.000          6.089          109.961                18.379           20.248           19.900         86.57                         
      1.010          6.084          109.961                18.386           20.269           19.900         87.00                         
      1.020          6.079          109.960                18.391           20.289           19.900         87.42                         
      1.030          6.074          109.959                18.395           20.308           19.900         87.85                         
      1.040          6.069          109.959                18.398           20.325           19.900         88.28                         
      1.050          6.064          109.958                18.400           20.342           19.900         88.70                         
      1.060          6.059          109.958                18.401           20.357           19.900         89.12                         
      1.070          6.054          109.957                18.401           20.372           19.900         89.54                         
      1.080          6.049          109.956                18.401           20.385           19.900         89.95                         
      1.090          6.044          109.956                18.399           20.397           19.900         90.37                         
      1.100          6.039          109.955                18.396           20.409           19.900         90.78                         
      1.110          6.034          109.955                18.392           20.419           19.900         91.19                         
      1.120          6.029          109.954                18.388           20.428           19.900         91.60                         
      1.130          6.024          109.953                18.382           20.437           19.900         92.00                         
      1.140          6.019          109.953                18.376           20.444           19.900         92.40                         
      1.150          6.014          109.952                18.369           20.451           19.900         92.80                         
      1.160          6.010          109.952                18.361           20.456           19.900         93.20                         
      1.170          6.005          109.951                18.352           20.461           19.900         93.59                         
      1.180          6.000          109.951                18.343           20.465           19.900         93.99                         
      1.190          5.995          109.950                18.332           20.468           19.900         94.38                         
      1.200          5.991          109.949                18.321           20.470           19.900         94.76                         
      1.210          5.986          109.949                18.309           20.471           19.900         95.15                         
      1.220          5.981          109.948                18.296           20.471           19.900         95.53                         
      1.230          5.977          109.948                18.283           20.471           19.900         95.91                         
      1.240          5.972          109.947                18.269           20.469           19.900         96.29                         
      1.250          5.968          109.947                18.254           20.467           19.900         96.66                         
      1.260          5.963          109.946                18.239           20.465           19.900         97.03                         
      1.270          5.959          109.946                18.223           20.461           19.900         97.40                         
      1.280          5.954          109.945                18.206           20.457           19.900         97.77                         
      1.290          5.950          109.945                18.189           20.452           19.900         98.13                         
      1.300          5.945          109.944                18.171           20.446           19.900         98.49                         
      1.310          5.941          109.944                18.152           20.440           19.900         98.85                         
      1.320          5.936          109.943                18.133           20.433           19.900         99.21                         
      1.330          5.932          109.943                18.114           20.425           19.900         99.57                         
      1.340          5.928          109.942                18.093           20.417           19.900         99.92                         
      1.350          5.924          109.942                18.073           20.408           19.900        100.27                         
      1.360          5.919          109.941                18.051           20.398           19.900        100.62                         
      1.370          5.915          109.941                18.030           20.388           19.900        100.96                         
      1.380          5.911          109.940                18.007           20.377           19.900        101.31                         
      1.390          5.907          109.940                17.984           20.366           19.900        101.65                         
      1.400          5.902          109.939                17.961           20.354           19.900        101.99                         
      1.410          5.898          109.939                17.937           20.341           19.900        102.32                         
      1.420          5.894          109.938                17.913           20.328           19.900        102.66                         
      1.430          5.890          109.938                17.888           20.315           19.900        102.99                         
      1.440          5.886          109.937                17.863           20.300           19.900        103.33                         
      1.450          5.882          109.937                17.837           20.286           19.900        103.66                         
      1.460          5.878          109.936                17.811           20.270           19.900        103.98                         
      1.470          5.874          109.936                17.785           20.255           19.900        104.31                         
      1.480          5.870          109.936                17.758           20.238           19.900        104.64                         
      1.490          5.866          109.935                17.730           20.222           19.900        104.96                         
      1.500          5.862          109.935                17.702           20.204           19.900        105.28                         
      1.510          5.858          109.934                17.674           20.187           19.900        105.61                         
      1.520          5.854          109.934                17.645           20.168           19.900        105.93                         
      1.530          5.850          109.933                17.616           20.150           19.900        106.24                         
      1.540          5.846          109.933                17.586           20.130           19.900        106.56                         
      1.550          5.843          109.932                17.556           20.110           19.900        106.88                         
      1.560          5.839          109.932                17.525           20.090           19.900        107.20                         
      1.570          5.835          109.932                17.494           20.069           19.900        107.51                         
      1.580          5.831          109.931                17.463           20.048           19.900        107.83                         
      1.590          5.827          109.931                17.431           20.026           19.900        108.14                         
      1.600          5.823          109.930                17.399           20.004           19.900        108.45                         
      1.610          5.819          109.930                17.366           19.981           19.900        108.77                         
      1.620          5.816          109.930                17.332           19.958           19.900        109.08                         
      1.630          5.812          109.929                17.298           19.934           19.900        109.39                         
      1.640          5.808          109.929                17.264           19.910           19.900        109.71                         
      1.650          5.804          109.928                17.229           19.885           19.900        110.02                         
      1.660          5.800          109.928                17.194           19.860           19.900        110.33                         
      1.670          5.797          109.927                17.158           19.834           19.900        110.64                         
      1.680          5.793          109.927                17.121           19.807           19.900        110.96                         
      1.690          5.789          109.927                17.084           19.780           19.900        111.27                         
      1.700          5.785          109.926                17.046           19.753           19.900        111.59                         
      1.710          5.781          109.926                17.008           19.724           19.900        111.90                         
      1.720          5.778          109.925                16.969           19.696           19.900        112.22                         
      1.730          5.774          109.925                16.930           19.666           19.900        112.53                         
      1.740          5.770          109.925                16.890           19.636           19.900        112.85                         
      1.750          5.766          109.924                16.849           19.605           19.900        113.17                         
      1.760          5.762          109.924                16.807           19.574           19.900        113.49                         
      1.770          5.758          109.923                16.765           19.541           19.900        113.82                         
      1.780          5.754          109.923                16.722           19.509           19.900        114.14                         
      1.790          5.750          109.923                16.678           19.475           19.900        114.47                         
      1.800          5.746          109.922                16.634           19.441           19.900        114.79                         
      1.810          5.743          109.922                16.588           19.405           19.900        115.12                         
      1.820          5.739          109.921                16.542           19.369           19.900        115.45                         
      1.830          5.735          109.921                16.495           19.332           19.900        115.79                         
      1.840          5.731          109.921                16.447           19.295           19.900        116.13                         
      1.850          5.726          109.920                16.398           19.256           19.900        116.47                         
      1.860          5.722          109.920                16.348           19.216           19.900        116.81                         
      1.870          5.718          109.919                16.297           19.176           19.900        117.15                         
      1.880          5.714          109.919                16.245           19.134           19.900        117.50                         
      1.890          5.710          109.918                16.191           19.092           19.900        117.86                         
      1.900          5.706          109.918                16.137           19.048           19.900        118.21                         
      1.910          5.702          109.918                16.081           19.003           19.900        118.57                         
      1.920          5.697          109.917                16.024           18.957           19.900        118.94                         
      1.930          5.693          109.917                15.966           18.910           19.900        119.30                         
      1.940          5.689          109.916                15.906           18.861           19.900        119.68                         
      1.950          5.684          109.916                15.845           18.811           19.900        120.05                         
      1.960          5.680          109.915                15.783           18.760           19.900        120.44                         
      1.970          5.675          109.915                15.719           18.707           19.900        120.82                         
      1.980          5.671          109.914                15.653           18.653           19.900        121.22                         
      1.990          5.666          109.914                15.585           18.597           19.900        121.62                         
      2.000          5.661          109.913                15.516           18.540           19.900        122.02                         

