  ¬рем€            U                U                Pij              –г               –т г             ”гол рот         ќтн угол U       
                   601              1002             1001             601              601              601              601              
                                                     1002                                                                                 
                                                     1                                                                                    

                     6.300          110.000                 8.792           18.800           18.800         56.67                         
      0.010          6.300          110.000                 8.792           18.800           18.800         56.67                         
      0.020          6.300          110.000                 8.792           18.800           18.800         56.67                         
      0.030          6.300          110.000                 8.792           18.800           18.800         56.67                         
      0.040          6.300          110.000                 8.792           18.800           18.800         56.67                         
      0.050          6.300          110.000                 8.792           18.800           18.800         56.67                         
      0.060          6.300          110.000                 8.792           18.800           18.800         56.67                         
      0.070          6.300          110.000                 8.792           18.800           18.800         56.67                         
      0.080          6.300          110.000                 8.792           18.800           18.800         56.67                         
      0.090          6.300          110.000                 8.792           18.800           18.800         56.67                         
      0.100          6.300          110.000                 8.792           18.800           18.800         56.67                         
      0.110          6.300          110.000                 8.792           18.800           18.800         56.67                         
      0.120          6.300          110.000                 8.792           18.800           18.800         56.67                         
      0.130          6.300          110.000                 8.792           18.800           18.800         56.67                         
      0.140          6.300          110.000                 8.792           18.800           18.800         56.67                         
      0.150          6.300          110.000                 8.792           18.800           18.800         56.67                         
      0.160          6.300          110.000                 8.792           18.800           18.800         56.67                         
      0.170          6.300          110.000                 8.792           18.800           18.800         56.67                         
      0.180          6.300          110.000                 8.792           18.800           18.800         56.67                         
      0.190          6.300          110.000                 8.792           18.800           18.800         56.67                         
      0.200          6.300          110.000                 8.792           18.800           18.800         56.67                         
      0.200          6.356          109.997                15.367           16.267           18.800         56.67                         
      0.210          6.356          109.997                15.368           16.268           18.800         56.67                         
      0.220          6.356          109.997                15.371           16.271           18.800         56.69                         
      0.230          6.355          109.997                15.376           16.277           18.800         56.72                         
      0.240          6.355          109.997                15.383           16.285           18.800         56.76                         
      0.250          6.355          109.997                15.392           16.295           18.800         56.81                         
      0.260          6.354          109.997                15.403           16.308           18.800         56.87                         
      0.270          6.353          109.996                15.415           16.323           18.800         56.95                         
      0.280          6.353          109.996                15.430           16.339           18.800         57.03                         
      0.290          6.352          109.996                15.446           16.358           18.800         57.13                         
      0.300          6.351          109.996                15.464           16.379           18.800         57.23                         
      0.310          6.350          109.996                15.484           16.403           18.800         57.35                         
      0.320          6.349          109.996                15.505           16.428           18.800         57.48                         
      0.330          6.348          109.996                15.528           16.455           18.800         57.62                         
      0.340          6.346          109.995                15.553           16.484           18.800         57.77                         
      0.350          6.345          109.995                15.579           16.515           18.800         57.93                         
      0.360          6.343          109.995                15.607           16.547           18.800         58.10                         
      0.370          6.342          109.995                15.636           16.582           18.800         58.27                         
      0.380          6.340          109.994                15.667           16.618           18.800         58.46                         
      0.390          6.338          109.994                15.699           16.656           18.800         58.66                         
      0.400          6.336          109.994                15.733           16.695           18.800         58.87                         
      0.410          6.334          109.994                15.767           16.736           18.800         59.08                         
      0.420          6.332          109.993                15.803           16.778           18.800         59.31                         
      0.430          6.330          109.993                15.840           16.822           18.800         59.54                         
      0.440          6.328          109.993                15.878           16.867           18.800         59.78                         
      0.450          6.326          109.992                15.917           16.914           18.800         60.03                         
      0.460          6.323          109.992                15.957           16.961           18.800         60.29                         
      0.470          6.321          109.992                15.998           17.010           18.800         60.56                         
      0.480          6.318          109.991                16.039           17.060           18.800         60.83                         
      0.490          6.316          109.991                16.082           17.110           18.800         61.12                         
      0.500          6.313          109.991                16.125           17.162           18.800         61.40                         
      0.510          6.310          109.990                16.168           17.214           18.800         61.70                         
      0.520          6.307          109.990                16.212           17.268           18.800         62.00                         
      0.530          6.304          109.989                16.257           17.322           18.800         62.31                         
      0.540          6.301          109.989                16.302           17.376           18.800         62.62                         
      0.550          6.298          109.989                16.348           17.431           18.800         62.95                         
      0.560          6.295          109.988                16.393           17.487           18.800         63.27                         
      0.570          6.292          109.988                16.439           17.543           18.800         63.60                         
      0.580          6.289          109.987                16.485           17.599           18.800         63.94                         
      0.590          6.285          109.987                16.532           17.656           18.800         64.28                         
      0.600          6.282          109.986                16.578           17.713           18.800         64.63                         
      0.610          6.279          109.986                16.624           17.770           18.800         64.98                         
      0.620          6.275          109.985                16.670           17.827           18.800         65.34                         
      0.630          6.272          109.985                16.716           17.884           18.800         65.70                         
      0.640          6.268          109.984                16.762           17.941           18.800         66.06                         
      0.650          6.264          109.984                16.808           17.998           18.800         66.43                         
      0.660          6.261          109.983                16.853           18.055           18.800         66.80                         
      0.670          6.257          109.983                16.898           18.112           18.800         67.17                         
      0.680          6.253          109.982                16.942           18.168           18.800         67.54                         
      0.690          6.249          109.982                16.987           18.224           18.800         67.92                         
      0.700          6.245          109.981                17.030           18.280           18.800         68.30                         
      0.710          6.242          109.981                17.073           18.335           18.800         68.68                         
      0.720          6.238          109.980                17.116           18.389           18.800         69.07                         
      0.730          6.234          109.980                17.158           18.444           18.800         69.45                         
      0.740          6.230          109.979                17.199           18.497           18.800         69.84                         
      0.750          6.226          109.979                17.240           18.550           18.800         70.23                         
      0.760          6.222          109.978                17.280           18.603           18.800         70.62                         
      0.770          6.217          109.977                17.319           18.654           18.800         71.01                         
      0.780          6.213          109.977                17.357           18.705           18.800         71.40                         
      0.790          6.209          109.976                17.395           18.756           18.800         71.79                         
      0.800          6.205          109.976                17.432           18.805           18.800         72.18                         
      0.810          6.201          109.975                17.468           18.854           18.800         72.56                         
      0.820          6.197          109.975                17.503           18.901           18.800         72.95                         
      0.830          6.193          109.974                17.538           18.948           18.800         73.34                         
      0.840          6.189          109.974                17.571           18.994           18.800         73.73                         
      0.850          6.184          109.973                17.604           19.040           18.800         74.11                         
      0.860          6.180          109.973                17.635           19.084           18.800         74.50                         
      0.870          6.176          109.972                17.666           19.127           18.800         74.88                         
      0.880          6.172          109.971                17.696           19.169           18.800         75.26                         
      0.890          6.168          109.971                17.725           19.211           18.800         75.64                         
      0.900          6.164          109.970                17.753           19.251           18.800         76.02                         
      0.910          6.159          109.970                17.780           19.291           18.800         76.40                         
      0.920          6.155          109.969                17.806           19.329           18.800         76.77                         
      0.930          6.151          109.969                17.831           19.367           18.800         77.14                         
      0.940          6.147          109.968                17.856           19.403           18.800         77.51                         
      0.950          6.143          109.968                17.879           19.439           18.800         77.87                         
      0.960          6.139          109.967                17.901           19.473           18.800         78.24                         
      0.970          6.135          109.967                17.923           19.507           18.800         78.59                         
      0.980          6.131          109.966                17.944           19.539           18.800         78.95                         
      0.990          6.127          109.966                17.964           19.571           18.800         79.30                         
      1.000          6.123          109.965                17.983           19.602           18.800         79.65                         
      1.010          6.119          109.965                18.001           19.631           18.800         80.00                         
      1.020          6.115          109.964                18.018           19.660           18.800         80.34                         
      1.030          6.112          109.964                18.034           19.688           18.800         80.67                         
      1.040          6.108          109.963                18.050           19.714           18.800         81.01                         
      1.050          6.104          109.963                18.065           19.740           18.800         81.34                         
      1.060          6.100          109.962                18.079           19.765           18.800         81.66                         
      1.070          6.097          109.962                18.092           19.789           18.800         81.98                         
      1.080          6.093          109.961                18.105           19.813           18.800         82.30                         
      1.090          6.089          109.961                18.117           19.835           18.800         82.61                         
      1.100          6.086          109.960                18.128           19.856           18.800         82.91                         
      1.110          6.082          109.960                18.139           19.877           18.800         83.22                         
      1.120          6.079          109.960                18.148           19.897           18.800         83.51                         
      1.130          6.076          109.959                18.158           19.916           18.800         83.81                         
      1.140          6.072          109.959                18.166           19.934           18.800         84.09                         
      1.150          6.069          109.958                18.174           19.952           18.800         84.38                         
      1.160          6.066          109.958                18.182           19.969           18.800         84.65                         
      1.170          6.063          109.958                18.189           19.985           18.800         84.92                         
      1.180          6.059          109.957                18.195           20.000           18.800         85.19                         
      1.190          6.056          109.957                18.201           20.015           18.800         85.45                         
      1.200          6.053          109.956                18.206           20.029           18.800         85.71                         
      1.210          6.051          109.956                18.211           20.042           18.800         85.96                         
      1.220          6.048          109.956                18.216           20.055           18.800         86.20                         
      1.230          6.045          109.955                18.220           20.067           18.800         86.44                         
      1.240          6.042          109.955                18.223           20.079           18.800         86.68                         
      1.250          6.039          109.955                18.227           20.090           18.800         86.90                         
      1.260          6.037          109.954                18.229           20.100           18.800         87.13                         
      1.270          6.034          109.954                18.232           20.110           18.800         87.34                         
      1.280          6.032          109.954                18.234           20.119           18.800         87.55                         
      1.290          6.029          109.953                18.236           20.128           18.800         87.76                         
      1.300          6.027          109.953                18.238           20.137           18.800         87.96                         
      1.310          6.025          109.953                18.239           20.145           18.800         88.15                         
      1.320          6.022          109.953                18.241           20.152           18.800         88.34                         
      1.330          6.020          109.952                18.241           20.159           18.800         88.52                         
      1.340          6.018          109.952                18.242           20.166           18.800         88.70                         
      1.350          6.016          109.952                18.243           20.172           18.800         88.87                         
      1.360          6.014          109.952                18.243           20.178           18.800         89.03                         
      1.370          6.012          109.951                18.243           20.184           18.800         89.19                         
      1.380          6.011          109.951                18.244           20.189           18.800         89.34                         
      1.390          6.009          109.951                18.243           20.194           18.800         89.48                         
      1.400          6.007          109.951                18.243           20.199           18.800         89.62                         
      1.410          6.006          109.951                18.243           20.203           18.800         89.76                         
      1.420          6.004          109.950                18.243           20.207           18.800         89.88                         
      1.430          6.003          109.950                18.242           20.211           18.800         90.00                         
      1.440          6.001          109.950                18.242           20.214           18.800         90.12                         
      1.450          6.000          109.950                18.242           20.217           18.800         90.23                         
      1.460          5.999          109.950                18.241           20.220           18.800         90.33                         
      1.470          5.998          109.950                18.241           20.223           18.800         90.42                         
      1.480          5.997          109.949                18.240           20.226           18.800         90.51                         
      1.490          5.996          109.949                18.239           20.228           18.800         90.60                         
      1.500          5.995          109.949                18.239           20.230           18.800         90.68                         
      1.510          5.994          109.949                18.238           20.232           18.800         90.75                         
      1.520          5.993          109.949                18.238           20.233           18.800         90.81                         
      1.530          5.992          109.949                18.237           20.235           18.800         90.87                         
      1.540          5.992          109.949                18.237           20.236           18.800         90.92                         
      1.550          5.991          109.949                18.237           20.238           18.800         90.97                         
      1.560          5.991          109.949                18.236           20.239           18.800         91.01                         
      1.570          5.990          109.949                18.236           20.239           18.800         91.04                         
      1.580          5.990          109.949                18.236           20.240           18.800         91.07                         
      1.590          5.990          109.949                18.235           20.241           18.800         91.09                         
      1.600          5.989          109.949                18.235           20.241           18.800         91.11                         
      1.610          5.989          109.949                18.235           20.241           18.800         91.11                         
      1.620          5.989          109.949                18.235           20.241           18.800         91.12                         
      1.630          5.989          109.949                18.235           20.241           18.800         91.11                         
      1.640          5.989          109.949                18.235           20.241           18.800         91.10                         
      1.650          5.990          109.949                18.236           20.240           18.800         91.09                         
      1.660          5.990          109.949                18.236           20.240           18.800         91.06                         
      1.670          5.990          109.949                18.236           20.239           18.800         91.04                         
      1.680          5.991          109.949                18.236           20.238           18.800         91.00                         
      1.690          5.991          109.949                18.237           20.237           18.800         90.96                         
      1.700          5.992          109.949                18.237           20.236           18.800         90.91                         
      1.710          5.992          109.949                18.238           20.235           18.800         90.86                         
      1.720          5.993          109.949                18.238           20.233           18.800         90.80                         
      1.730          5.994          109.949                18.239           20.231           18.800         90.73                         
      1.740          5.995          109.949                18.239           20.229           18.800         90.66                         
      1.750          5.996          109.949                18.240           20.227           18.800         90.58                         
      1.760          5.997          109.950                18.240           20.225           18.800         90.50                         
      1.770          5.998          109.950                18.241           20.222           18.800         90.41                         
      1.780          5.999          109.950                18.241           20.220           18.800         90.31                         
      1.790          6.000          109.950                18.242           20.217           18.800         90.20                         
      1.800          6.002          109.950                18.242           20.213           18.800         90.10                         
      1.810          6.003          109.950                18.243           20.210           18.800         89.98                         
      1.820          6.004          109.950                18.243           20.206           18.800         89.86                         
      1.830          6.006          109.951                18.243           20.202           18.800         89.73                         
      1.840          6.007          109.951                18.243           20.198           18.800         89.60                         
      1.850          6.009          109.951                18.244           20.193           18.800         89.46                         
      1.860          6.011          109.951                18.244           20.188           18.800         89.31                         
      1.870          6.013          109.951                18.243           20.183           18.800         89.16                         
      1.880          6.015          109.952                18.243           20.177           18.800         89.00                         
      1.890          6.016          109.952                18.243           20.171           18.800         88.84                         
      1.900          6.019          109.952                18.242           20.165           18.800         88.67                         
      1.910          6.021          109.952                18.241           20.158           18.800         88.49                         
      1.920          6.023          109.953                18.240           20.151           18.800         88.31                         
      1.930          6.025          109.953                18.239           20.144           18.800         88.13                         
      1.940          6.027          109.953                18.238           20.136           18.800         87.93                         
      1.950          6.030          109.953                18.236           20.127           18.800         87.73                         
      1.960          6.032          109.954                18.234           20.118           18.800         87.53                         
      1.970          6.034          109.954                18.232           20.109           18.800         87.32                         
      1.980          6.037          109.954                18.229           20.099           18.800         87.10                         
      1.990          6.040          109.955                18.226           20.089           18.800         86.88                         
      2.000          6.042          109.955                18.223           20.078           18.800         86.66                         

