  ¬рем€            U                U                Pij              –г               –т г             ”гол рот         ќтн угол U       
                   601              1002             1001             601              601              601              601              
                                                     1002                                                                                 
                                                     1                                                                                    

                     6.300          110.000                 8.707           18.600           18.600         55.92                         
      0.010          6.300          110.000                 8.707           18.600           18.600         55.92                         
      0.020          6.300          110.000                 8.707           18.600           18.600         55.92                         
      0.030          6.300          110.000                 8.707           18.600           18.600         55.92                         
      0.040          6.300          110.000                 8.707           18.600           18.600         55.92                         
      0.050          6.300          110.000                 8.707           18.600           18.600         55.92                         
      0.060          6.300          110.000                 8.707           18.600           18.600         55.92                         
      0.070          6.300          110.000                 8.707           18.600           18.600         55.92                         
      0.080          6.300          110.000                 8.707           18.600           18.600         55.92                         
      0.090          6.300          110.000                 8.707           18.600           18.600         55.92                         
      0.100          6.300          110.000                 8.707           18.600           18.600         55.92                         
      0.110          6.300          110.000                 8.707           18.600           18.600         55.92                         
      0.120          6.300          110.000                 8.707           18.600           18.600         55.92                         
      0.130          6.300          110.000                 8.707           18.600           18.600         55.92                         
      0.140          6.300          110.000                 8.707           18.600           18.600         55.92                         
      0.150          6.300          110.000                 8.707           18.600           18.600         55.92                         
      0.160          6.300          110.000                 8.707           18.600           18.600         55.92                         
      0.170          6.300          110.000                 8.707           18.600           18.600         55.92                         
      0.180          6.300          110.000                 8.707           18.600           18.600         55.92                         
      0.190          6.300          110.000                 8.707           18.600           18.600         55.92                         
      0.200          6.300          110.000                 8.707           18.600           18.600         55.92                         
      0.200          6.355          109.997                15.216           16.092           18.600         55.92                         
      0.210          6.355          109.997                15.217           16.093           18.600         55.92                         
      0.220          6.355          109.997                15.220           16.097           18.600         55.94                         
      0.230          6.354          109.997                15.225           16.103           18.600         55.97                         
      0.240          6.354          109.997                15.231           16.111           18.600         56.01                         
      0.250          6.354          109.996                15.240           16.121           18.600         56.06                         
      0.260          6.353          109.996                15.251           16.134           18.600         56.12                         
      0.270          6.352          109.996                15.264           16.148           18.600         56.20                         
      0.280          6.352          109.996                15.278           16.165           18.600         56.28                         
      0.290          6.351          109.996                15.295           16.184           18.600         56.38                         
      0.300          6.350          109.996                15.313           16.206           18.600         56.48                         
      0.310          6.349          109.996                15.333           16.229           18.600         56.60                         
      0.320          6.348          109.996                15.355           16.254           18.600         56.73                         
      0.330          6.347          109.995                15.378           16.281           18.600         56.86                         
      0.340          6.345          109.995                15.403           16.310           18.600         57.01                         
      0.350          6.344          109.995                15.429           16.341           18.600         57.17                         
      0.360          6.342          109.995                15.458           16.374           18.600         57.33                         
      0.370          6.341          109.995                15.487           16.409           18.600         57.51                         
      0.380          6.339          109.994                15.518           16.445           18.600         57.70                         
      0.390          6.337          109.994                15.550           16.483           18.600         57.89                         
      0.400          6.336          109.994                15.584           16.523           18.600         58.10                         
      0.410          6.334          109.994                15.619           16.564           18.600         58.31                         
      0.420          6.332          109.993                15.655           16.607           18.600         58.53                         
      0.430          6.330          109.993                15.693           16.651           18.600         58.76                         
      0.440          6.327          109.993                15.731           16.696           18.600         59.00                         
      0.450          6.325          109.992                15.770           16.743           18.600         59.25                         
      0.460          6.323          109.992                15.811           16.790           18.600         59.51                         
      0.470          6.320          109.992                15.852           16.839           18.600         59.77                         
      0.480          6.318          109.991                15.894           16.889           18.600         60.04                         
      0.490          6.315          109.991                15.937           16.940           18.600         60.32                         
      0.500          6.313          109.991                15.981           16.992           18.600         60.60                         
      0.510          6.310          109.990                16.025           17.045           18.600         60.90                         
      0.520          6.307          109.990                16.069           17.099           18.600         61.19                         
      0.530          6.304          109.989                16.115           17.153           18.600         61.50                         
      0.540          6.302          109.989                16.160           17.208           18.600         61.81                         
      0.550          6.299          109.989                16.206           17.264           18.600         62.13                         
      0.560          6.295          109.988                16.253           17.320           18.600         62.45                         
      0.570          6.292          109.988                16.299           17.376           18.600         62.78                         
      0.580          6.289          109.987                16.346           17.433           18.600         63.11                         
      0.590          6.286          109.987                16.393           17.490           18.600         63.45                         
      0.600          6.283          109.986                16.440           17.547           18.600         63.79                         
      0.610          6.279          109.986                16.487           17.605           18.600         64.13                         
      0.620          6.276          109.985                16.534           17.663           18.600         64.48                         
      0.630          6.272          109.985                16.581           17.720           18.600         64.84                         
      0.640          6.269          109.984                16.627           17.778           18.600         65.20                         
      0.650          6.265          109.984                16.674           17.835           18.600         65.56                         
      0.660          6.262          109.983                16.720           17.893           18.600         65.92                         
      0.670          6.258          109.983                16.766           17.950           18.600         66.29                         
      0.680          6.254          109.982                16.811           18.007           18.600         66.66                         
      0.690          6.251          109.982                16.856           18.063           18.600         67.03                         
      0.700          6.247          109.981                16.901           18.120           18.600         67.40                         
      0.710          6.243          109.981                16.945           18.176           18.600         67.78                         
      0.720          6.239          109.980                16.988           18.231           18.600         68.15                         
      0.730          6.235          109.980                17.031           18.286           18.600         68.53                         
      0.740          6.232          109.979                17.073           18.340           18.600         68.91                         
      0.750          6.228          109.979                17.115           18.394           18.600         69.29                         
      0.760          6.224          109.978                17.156           18.447           18.600         69.67                         
      0.770          6.220          109.978                17.196           18.499           18.600         70.05                         
      0.780          6.216          109.977                17.236           18.551           18.600         70.44                         
      0.790          6.212          109.977                17.275           18.602           18.600         70.82                         
      0.800          6.208          109.976                17.313           18.652           18.600         71.20                         
      0.810          6.204          109.976                17.350           18.701           18.600         71.58                         
      0.820          6.200          109.975                17.386           18.750           18.600         71.96                         
      0.830          6.196          109.975                17.422           18.798           18.600         72.34                         
      0.840          6.192          109.974                17.456           18.844           18.600         72.72                         
      0.850          6.188          109.973                17.490           18.890           18.600         73.09                         
      0.860          6.184          109.973                17.523           18.935           18.600         73.47                         
      0.870          6.180          109.972                17.555           18.980           18.600         73.84                         
      0.880          6.176          109.972                17.586           19.023           18.600         74.21                         
      0.890          6.172          109.971                17.616           19.065           18.600         74.58                         
      0.900          6.168          109.971                17.645           19.106           18.600         74.95                         
      0.910          6.164          109.970                17.674           19.147           18.600         75.31                         
      0.920          6.160          109.970                17.701           19.186           18.600         75.67                         
      0.930          6.156          109.969                17.728           19.224           18.600         76.03                         
      0.940          6.152          109.969                17.753           19.262           18.600         76.39                         
      0.950          6.148          109.968                17.778           19.298           18.600         76.74                         
      0.960          6.144          109.968                17.802           19.333           18.600         77.09                         
      0.970          6.140          109.967                17.825           19.368           18.600         77.44                         
      0.980          6.136          109.967                17.847           19.401           18.600         77.78                         
      0.990          6.133          109.966                17.868           19.434           18.600         78.12                         
      1.000          6.129          109.966                17.889           19.465           18.600         78.46                         
      1.010          6.125          109.965                17.908           19.496           18.600         78.79                         
      1.020          6.122          109.965                17.927           19.525           18.600         79.12                         
      1.030          6.118          109.964                17.945           19.554           18.600         79.44                         
      1.040          6.114          109.964                17.962           19.582           18.600         79.76                         
      1.050          6.111          109.963                17.978           19.609           18.600         80.07                         
      1.060          6.107          109.963                17.994           19.635           18.600         80.38                         
      1.070          6.104          109.963                18.009           19.660           18.600         80.69                         
      1.080          6.100          109.962                18.023           19.684           18.600         80.99                         
      1.090          6.097          109.962                18.036           19.707           18.600         81.28                         
      1.100          6.094          109.961                18.049           19.730           18.600         81.57                         
      1.110          6.090          109.961                18.061           19.751           18.600         81.86                         
      1.120          6.087          109.961                18.072           19.772           18.600         82.14                         
      1.130          6.084          109.960                18.083           19.792           18.600         82.41                         
      1.140          6.081          109.960                18.093           19.811           18.600         82.68                         
      1.150          6.078          109.959                18.103           19.830           18.600         82.95                         
      1.160          6.075          109.959                18.112           19.847           18.600         83.21                         
      1.170          6.072          109.959                18.120           19.864           18.600         83.46                         
      1.180          6.069          109.958                18.128           19.880           18.600         83.71                         
      1.190          6.066          109.958                18.136           19.896           18.600         83.95                         
      1.200          6.064          109.958                18.142           19.911           18.600         84.18                         
      1.210          6.061          109.957                18.149           19.925           18.600         84.42                         
      1.220          6.058          109.957                18.155           19.939           18.600         84.64                         
      1.230          6.056          109.957                18.160           19.952           18.600         84.86                         
      1.240          6.053          109.956                18.166           19.964           18.600         85.07                         
      1.250          6.051          109.956                18.170           19.976           18.600         85.28                         
      1.260          6.048          109.956                18.175           19.987           18.600         85.48                         
      1.270          6.046          109.955                18.179           19.998           18.600         85.67                         
      1.280          6.044          109.955                18.183           20.008           18.600         85.86                         
      1.290          6.042          109.955                18.186           20.017           18.600         86.04                         
      1.300          6.040          109.955                18.189           20.026           18.600         86.22                         
      1.310          6.038          109.954                18.192           20.035           18.600         86.39                         
      1.320          6.036          109.954                18.195           20.043           18.600         86.55                         
      1.330          6.034          109.954                18.197           20.051           18.600         86.71                         
      1.340          6.032          109.954                18.199           20.058           18.600         86.86                         
      1.350          6.031          109.954                18.201           20.065           18.600         87.00                         
      1.360          6.029          109.953                18.203           20.071           18.600         87.14                         
      1.370          6.027          109.953                18.205           20.077           18.600         87.27                         
      1.380          6.026          109.953                18.206           20.083           18.600         87.40                         
      1.390          6.025          109.953                18.207           20.088           18.600         87.52                         
      1.400          6.023          109.953                18.208           20.093           18.600         87.63                         
      1.410          6.022          109.952                18.209           20.098           18.600         87.73                         
      1.420          6.021          109.952                18.210           20.102           18.600         87.83                         
      1.430          6.020          109.952                18.211           20.106           18.600         87.92                         
      1.440          6.019          109.952                18.212           20.109           18.600         88.01                         
      1.450          6.018          109.952                18.212           20.113           18.600         88.09                         
      1.460          6.017          109.952                18.213           20.116           18.600         88.16                         
      1.470          6.016          109.952                18.213           20.118           18.600         88.23                         
      1.480          6.015          109.952                18.214           20.121           18.600         88.29                         
      1.490          6.015          109.952                18.214           20.123           18.600         88.34                         
      1.500          6.014          109.952                18.214           20.125           18.600         88.39                         
      1.510          6.014          109.951                18.214           20.126           18.600         88.42                         
      1.520          6.013          109.951                18.215           20.127           18.600         88.46                         
      1.530          6.013          109.951                18.215           20.128           18.600         88.48                         
      1.540          6.013          109.951                18.215           20.129           18.600         88.50                         
      1.550          6.013          109.951                18.215           20.130           18.600         88.52                         
      1.560          6.013          109.951                18.215           20.130           18.600         88.52                         
      1.570          6.013          109.951                18.215           20.130           18.600         88.52                         
      1.580          6.013          109.951                18.215           20.130           18.600         88.51                         
      1.590          6.013          109.951                18.215           20.129           18.600         88.50                         
      1.600          6.013          109.951                18.215           20.128           18.600         88.48                         
      1.610          6.013          109.951                18.215           20.127           18.600         88.45                         
      1.620          6.014          109.951                18.214           20.126           18.600         88.42                         
      1.630          6.014          109.952                18.214           20.124           18.600         88.38                         
      1.640          6.015          109.952                18.214           20.122           18.600         88.33                         
      1.650          6.015          109.952                18.214           20.120           18.600         88.28                         
      1.660          6.016          109.952                18.213           20.118           18.600         88.22                         
      1.670          6.017          109.952                18.213           20.115           18.600         88.15                         
      1.680          6.018          109.952                18.212           20.112           18.600         88.08                         
      1.690          6.019          109.952                18.212           20.109           18.600         88.00                         
      1.700          6.020          109.952                18.211           20.105           18.600         87.91                         
      1.710          6.021          109.952                18.210           20.101           18.600         87.82                         
      1.720          6.022          109.952                18.209           20.097           18.600         87.72                         
      1.730          6.023          109.953                18.208           20.093           18.600         87.61                         
      1.740          6.025          109.953                18.207           20.088           18.600         87.50                         
      1.750          6.026          109.953                18.206           20.082           18.600         87.38                         
      1.760          6.028          109.953                18.204           20.077           18.600         87.26                         
      1.770          6.029          109.953                18.203           20.071           18.600         87.13                         
      1.780          6.031          109.954                18.201           20.064           18.600         86.99                         
      1.790          6.032          109.954                18.199           20.057           18.600         86.84                         
      1.800          6.034          109.954                18.197           20.050           18.600         86.69                         
      1.810          6.036          109.954                18.195           20.042           18.600         86.54                         
      1.820          6.038          109.954                18.192           20.034           18.600         86.37                         
      1.830          6.040          109.955                18.189           20.026           18.600         86.21                         
      1.840          6.042          109.955                18.186           20.017           18.600         86.03                         
      1.850          6.044          109.955                18.182           20.007           18.600         85.85                         
      1.860          6.046          109.955                18.179           19.997           18.600         85.66                         
      1.870          6.049          109.956                18.175           19.986           18.600         85.47                         
      1.880          6.051          109.956                18.170           19.975           18.600         85.27                         
      1.890          6.053          109.956                18.165           19.964           18.600         85.06                         
      1.900          6.056          109.957                18.160           19.951           18.600         84.85                         
      1.910          6.058          109.957                18.155           19.938           18.600         84.64                         
      1.920          6.061          109.957                18.149           19.925           18.600         84.41                         
      1.930          6.064          109.958                18.142           19.911           18.600         84.18                         
      1.940          6.066          109.958                18.136           19.896           18.600         83.95                         
      1.950          6.069          109.958                18.128           19.881           18.600         83.71                         
      1.960          6.072          109.959                18.120           19.865           18.600         83.47                         
      1.970          6.075          109.959                18.112           19.848           18.600         83.22                         
      1.980          6.078          109.959                18.103           19.830           18.600         82.96                         
      1.990          6.081          109.960                18.094           19.812           18.600         82.70                         
      2.000          6.084          109.960                18.084           19.793           18.600         82.43                         

