  ¬рем€            U                U                Pij              –г               –т г             ”гол рот         ќтн угол U       
                   601              1002             1001             601              601              601              601              
                                                     1002                                                                                 
                                                     1                                                                                    

                     6.300          110.000                 8.537           18.200           18.200         54.45                         
      0.010          6.300          110.000                 8.537           18.200           18.200         54.45                         
      0.020          6.300          110.000                 8.537           18.200           18.200         54.45                         
      0.030          6.300          110.000                 8.537           18.200           18.200         54.45                         
      0.040          6.300          110.000                 8.537           18.200           18.200         54.45                         
      0.050          6.300          110.000                 8.537           18.200           18.200         54.45                         
      0.060          6.300          110.000                 8.537           18.200           18.200         54.45                         
      0.070          6.300          110.000                 8.537           18.200           18.200         54.45                         
      0.080          6.300          110.000                 8.537           18.200           18.200         54.45                         
      0.090          6.300          110.000                 8.537           18.200           18.200         54.45                         
      0.100          6.300          110.000                 8.537           18.200           18.200         54.45                         
      0.110          6.300          110.000                 8.537           18.200           18.200         54.45                         
      0.120          6.300          110.000                 8.537           18.200           18.200         54.45                         
      0.130          6.300          110.000                 8.537           18.200           18.200         54.45                         
      0.140          6.300          110.000                 8.537           18.200           18.200         54.45                         
      0.150          6.300          110.000                 8.537           18.200           18.200         54.45                         
      0.160          6.300          110.000                 8.537           18.200           18.200         54.45                         
      0.170          6.300          110.000                 8.537           18.200           18.200         54.45                         
      0.180          6.300          110.000                 8.537           18.200           18.200         54.45                         
      0.190          6.300          110.000                 8.537           18.200           18.200         54.45                         
      0.200          6.300          110.000                 8.537           18.200           18.200         54.45                         
      0.200          6.352          109.996                14.911           15.744           18.200         54.45                         
      0.210          6.352          109.996                14.912           15.745           18.200         54.45                         
      0.220          6.352          109.996                14.915           15.748           18.200         54.47                         
      0.230          6.352          109.996                14.920           15.754           18.200         54.50                         
      0.240          6.352          109.996                14.927           15.762           18.200         54.54                         
      0.250          6.351          109.996                14.936           15.773           18.200         54.59                         
      0.260          6.351          109.996                14.947           15.785           18.200         54.65                         
      0.270          6.350          109.996                14.960           15.800           18.200         54.72                         
      0.280          6.349          109.996                14.975           15.817           18.200         54.80                         
      0.290          6.349          109.996                14.991           15.836           18.200         54.89                         
      0.300          6.348          109.996                15.010           15.858           18.200         55.00                         
      0.310          6.347          109.996                15.030           15.881           18.200         55.11                         
      0.320          6.346          109.995                15.052           15.907           18.200         55.24                         
      0.330          6.345          109.995                15.076           15.934           18.200         55.37                         
      0.340          6.343          109.995                15.101           15.964           18.200         55.51                         
      0.350          6.342          109.995                15.128           15.995           18.200         55.67                         
      0.360          6.341          109.995                15.157           16.028           18.200         55.83                         
      0.370          6.339          109.994                15.187           16.063           18.200         56.00                         
      0.380          6.338          109.994                15.218           16.099           18.200         56.19                         
      0.390          6.336          109.994                15.251           16.138           18.200         56.38                         
      0.400          6.334          109.994                15.285           16.178           18.200         56.58                         
      0.410          6.332          109.993                15.321           16.219           18.200         56.79                         
      0.420          6.330          109.993                15.358           16.262           18.200         57.00                         
      0.430          6.328          109.993                15.396           16.307           18.200         57.23                         
      0.440          6.326          109.993                15.435           16.352           18.200         57.46                         
      0.450          6.324          109.992                15.475           16.399           18.200         57.71                         
      0.460          6.322          109.992                15.516           16.448           18.200         57.96                         
      0.470          6.320          109.992                15.558           16.497           18.200         58.21                         
      0.480          6.317          109.991                15.601           16.548           18.200         58.48                         
      0.490          6.315          109.991                15.645           16.599           18.200         58.75                         
      0.500          6.312          109.991                15.689           16.652           18.200         59.03                         
      0.510          6.310          109.990                15.734           16.705           18.200         59.31                         
      0.520          6.307          109.990                15.780           16.759           18.200         59.60                         
      0.530          6.304          109.989                15.826           16.814           18.200         59.90                         
      0.540          6.302          109.989                15.873           16.870           18.200         60.20                         
      0.550          6.299          109.989                15.920           16.926           18.200         60.51                         
      0.560          6.296          109.988                15.968           16.983           18.200         60.82                         
      0.570          6.293          109.988                16.016           17.040           18.200         61.14                         
      0.580          6.290          109.987                16.064           17.098           18.200         61.46                         
      0.590          6.287          109.987                16.112           17.155           18.200         61.79                         
      0.600          6.284          109.986                16.160           17.214           18.200         62.12                         
      0.610          6.280          109.986                16.208           17.272           18.200         62.46                         
      0.620          6.277          109.986                16.256           17.330           18.200         62.80                         
      0.630          6.274          109.985                16.304           17.389           18.200         63.14                         
      0.640          6.271          109.985                16.353           17.447           18.200         63.49                         
      0.650          6.267          109.984                16.400           17.506           18.200         63.84                         
      0.660          6.264          109.984                16.448           17.564           18.200         64.19                         
      0.670          6.260          109.983                16.495           17.622           18.200         64.55                         
      0.680          6.257          109.983                16.542           17.680           18.200         64.90                         
      0.690          6.253          109.982                16.589           17.738           18.200         65.26                         
      0.700          6.250          109.982                16.635           17.795           18.200         65.62                         
      0.710          6.246          109.981                16.681           17.852           18.200         65.99                         
      0.720          6.243          109.981                16.726           17.908           18.200         66.35                         
      0.730          6.239          109.980                16.770           17.964           18.200         66.71                         
      0.740          6.235          109.980                16.814           18.020           18.200         67.08                         
      0.750          6.232          109.979                16.858           18.074           18.200         67.45                         
      0.760          6.228          109.979                16.901           18.129           18.200         67.81                         
      0.770          6.224          109.978                16.943           18.182           18.200         68.18                         
      0.780          6.220          109.978                16.984           18.235           18.200         68.54                         
      0.790          6.217          109.977                17.025           18.287           18.200         68.91                         
      0.800          6.213          109.977                17.065           18.339           18.200         69.27                         
      0.810          6.209          109.976                17.104           18.389           18.200         69.64                         
      0.820          6.205          109.976                17.142           18.439           18.200         70.00                         
      0.830          6.202          109.975                17.179           18.488           18.200         70.36                         
      0.840          6.198          109.975                17.216           18.536           18.200         70.72                         
      0.850          6.194          109.974                17.252           18.583           18.200         71.08                         
      0.860          6.190          109.974                17.287           18.630           18.200         71.44                         
      0.870          6.187          109.973                17.321           18.675           18.200         71.79                         
      0.880          6.183          109.973                17.354           18.720           18.200         72.14                         
      0.890          6.179          109.972                17.386           18.763           18.200         72.49                         
      0.900          6.176          109.972                17.418           18.806           18.200         72.84                         
      0.910          6.172          109.971                17.448           18.847           18.200         73.18                         
      0.920          6.168          109.971                17.478           18.888           18.200         73.52                         
      0.930          6.165          109.970                17.507           18.928           18.200         73.86                         
      0.940          6.161          109.970                17.535           18.967           18.200         74.20                         
      0.950          6.157          109.969                17.562           19.004           18.200         74.53                         
      0.960          6.154          109.969                17.588           19.041           18.200         74.85                         
      0.970          6.150          109.968                17.613           19.077           18.200         75.18                         
      0.980          6.147          109.968                17.637           19.112           18.200         75.49                         
      0.990          6.143          109.968                17.661           19.146           18.200         75.81                         
      1.000          6.140          109.967                17.684           19.179           18.200         76.12                         
      1.010          6.137          109.967                17.706           19.210           18.200         76.43                         
      1.020          6.133          109.966                17.727           19.241           18.200         76.73                         
      1.030          6.130          109.966                17.747           19.271           18.200         77.02                         
      1.040          6.127          109.965                17.766           19.301           18.200         77.32                         
      1.050          6.124          109.965                17.785           19.329           18.200         77.60                         
      1.060          6.120          109.965                17.803           19.356           18.200         77.88                         
      1.070          6.117          109.964                17.820           19.382           18.200         78.16                         
      1.080          6.114          109.964                17.837           19.408           18.200         78.43                         
      1.090          6.111          109.963                17.852           19.432           18.200         78.70                         
      1.100          6.108          109.963                17.867           19.456           18.200         78.96                         
      1.110          6.106          109.963                17.882           19.479           18.200         79.21                         
      1.120          6.103          109.962                17.895           19.501           18.200         79.46                         
      1.130          6.100          109.962                17.908           19.522           18.200         79.70                         
      1.140          6.097          109.962                17.921           19.542           18.200         79.94                         
      1.150          6.095          109.961                17.933           19.562           18.200         80.17                         
      1.160          6.092          109.961                17.944           19.580           18.200         80.40                         
      1.170          6.090          109.961                17.955           19.598           18.200         80.62                         
      1.180          6.087          109.960                17.965           19.615           18.200         80.83                         
      1.190          6.085          109.960                17.974           19.632           18.200         81.04                         
      1.200          6.083          109.960                17.983           19.648           18.200         81.24                         
      1.210          6.080          109.960                17.992           19.663           18.200         81.43                         
      1.220          6.078          109.959                18.000           19.677           18.200         81.62                         
      1.230          6.076          109.959                18.008           19.691           18.200         81.80                         
      1.240          6.074          109.959                18.015           19.704           18.200         81.97                         
      1.250          6.072          109.958                18.021           19.716           18.200         82.14                         
      1.260          6.070          109.958                18.028           19.728           18.200         82.30                         
      1.270          6.069          109.958                18.034           19.739           18.200         82.46                         
      1.280          6.067          109.958                18.039           19.749           18.200         82.60                         
      1.290          6.065          109.958                18.044           19.759           18.200         82.75                         
      1.300          6.064          109.957                18.049           19.769           18.200         82.88                         
      1.310          6.062          109.957                18.054           19.777           18.200         83.01                         
      1.320          6.061          109.957                18.058           19.786           18.200         83.13                         
      1.330          6.060          109.957                18.062           19.793           18.200         83.24                         
      1.340          6.058          109.957                18.065           19.800           18.200         83.35                         
      1.350          6.057          109.957                18.069           19.807           18.200         83.45                         
      1.360          6.056          109.956                18.072           19.813           18.200         83.54                         
      1.370          6.055          109.956                18.074           19.819           18.200         83.62                         
      1.380          6.054          109.956                18.077           19.824           18.200         83.70                         
      1.390          6.054          109.956                18.079           19.828           18.200         83.77                         
      1.400          6.053          109.956                18.081           19.832           18.200         83.84                         
      1.410          6.052          109.956                18.083           19.836           18.200         83.89                         
      1.420          6.052          109.956                18.084           19.839           18.200         83.94                         
      1.430          6.051          109.956                18.085           19.842           18.200         83.98                         
      1.440          6.051          109.956                18.086           19.844           18.200         84.02                         
      1.450          6.050          109.956                18.087           19.846           18.200         84.05                         
      1.460          6.050          109.956                18.088           19.847           18.200         84.07                         
      1.470          6.050          109.956                18.088           19.848           18.200         84.08                         
      1.480          6.050          109.956                18.088           19.848           18.200         84.09                         
      1.490          6.050          109.956                18.088           19.848           18.200         84.09                         
      1.500          6.050          109.956                18.088           19.848           18.200         84.08                         
      1.510          6.050          109.956                18.088           19.847           18.200         84.06                         
      1.520          6.050          109.956                18.087           19.846           18.200         84.04                         
      1.530          6.051          109.956                18.086           19.844           18.200         84.01                         
      1.540          6.051          109.956                18.085           19.841           18.200         83.98                         
      1.550          6.052          109.956                18.084           19.839           18.200         83.93                         
      1.560          6.052          109.956                18.082           19.835           18.200         83.88                         
      1.570          6.053          109.956                18.081           19.832           18.200         83.83                         
      1.580          6.054          109.956                18.079           19.828           18.200         83.76                         
      1.590          6.054          109.956                18.076           19.823           18.200         83.69                         
      1.600          6.055          109.956                18.074           19.818           18.200         83.61                         
      1.610          6.056          109.957                18.071           19.812           18.200         83.52                         
      1.620          6.057          109.957                18.068           19.806           18.200         83.43                         
      1.630          6.059          109.957                18.065           19.799           18.200         83.33                         
      1.640          6.060          109.957                18.061           19.792           18.200         83.22                         
      1.650          6.061          109.957                18.057           19.785           18.200         83.11                         
      1.660          6.063          109.957                18.053           19.776           18.200         82.99                         
      1.670          6.064          109.957                18.049           19.768           18.200         82.86                         
      1.680          6.066          109.958                18.044           19.758           18.200         82.73                         
      1.690          6.067          109.958                18.039           19.748           18.200         82.59                         
      1.700          6.069          109.958                18.033           19.738           18.200         82.44                         
      1.710          6.071          109.958                18.027           19.727           18.200         82.29                         
      1.720          6.072          109.959                18.021           19.715           18.200         82.13                         
      1.730          6.074          109.959                18.014           19.703           18.200         81.96                         
      1.740          6.076          109.959                18.007           19.690           18.200         81.79                         
      1.750          6.078          109.959                17.999           19.676           18.200         81.61                         
      1.760          6.081          109.960                17.991           19.662           18.200         81.42                         
      1.770          6.083          109.960                17.983           19.647           18.200         81.23                         
      1.780          6.085          109.960                17.974           19.631           18.200         81.03                         
      1.790          6.087          109.960                17.964           19.615           18.200         80.82                         
      1.800          6.090          109.961                17.954           19.598           18.200         80.61                         
      1.810          6.092          109.961                17.944           19.580           18.200         80.40                         
      1.820          6.095          109.961                17.933           19.562           18.200         80.17                         
      1.830          6.097          109.962                17.921           19.542           18.200         79.94                         
      1.840          6.100          109.962                17.909           19.522           18.200         79.71                         
      1.850          6.103          109.962                17.896           19.501           18.200         79.47                         
      1.860          6.105          109.963                17.882           19.480           18.200         79.22                         
      1.870          6.108          109.963                17.868           19.457           18.200         78.97                         
      1.880          6.111          109.963                17.853           19.434           18.200         78.72                         
      1.890          6.114          109.964                17.838           19.410           18.200         78.46                         
      1.900          6.117          109.964                17.822           19.385           18.200         78.19                         
      1.910          6.120          109.965                17.805           19.359           18.200         77.92                         
      1.920          6.123          109.965                17.787           19.332           18.200         77.64                         
      1.930          6.126          109.965                17.769           19.305           18.200         77.36                         
      1.940          6.129          109.966                17.750           19.276           18.200         77.07                         
      1.950          6.133          109.966                17.730           19.247           18.200         76.78                         
      1.960          6.136          109.967                17.710           19.217           18.200         76.49                         
      1.970          6.139          109.967                17.689           19.186           18.200         76.19                         
      1.980          6.143          109.967                17.666           19.154           18.200         75.88                         
      1.990          6.146          109.968                17.644           19.121           18.200         75.58                         
      2.000          6.149          109.968                17.620           19.087           18.200         75.26                         

