  ¬рем€            U                U                Pij              –г               –т г             ”гол рот         ќтн угол U       
                   601              1002             1001             601              601              601              601              
                                                     1002                                                                                 
                                                     1                                                                                    

                     6.300          110.000                 8.408           17.900           17.900         54.51                         
      0.010          6.300          110.000                 8.408           17.900           17.900         54.51                         
      0.020          6.300          110.000                 8.408           17.900           17.900         54.51                         
      0.030          6.300          110.000                 8.408           17.900           17.900         54.51                         
      0.040          6.300          110.000                 8.408           17.900           17.900         54.51                         
      0.050          6.300          110.000                 8.408           17.900           17.900         54.51                         
      0.060          6.300          110.000                 8.408           17.900           17.900         54.51                         
      0.070          6.300          110.000                 8.408           17.900           17.900         54.51                         
      0.080          6.300          110.000                 8.408           17.900           17.900         54.51                         
      0.090          6.300          110.000                 8.408           17.900           17.900         54.51                         
      0.100          6.300          110.000                 8.408           17.900           17.900         54.51                         
      0.110          6.300          110.000                 8.408           17.900           17.900         54.51                         
      0.120          6.300          110.000                 8.408           17.900           17.900         54.51                         
      0.130          6.300          110.000                 8.408           17.900           17.900         54.51                         
      0.140          6.300          110.000                 8.408           17.900           17.900         54.51                         
      0.150          6.300          110.000                 8.408           17.900           17.900         54.51                         
      0.160          6.300          110.000                 8.408           17.900           17.900         54.51                         
      0.170          6.300          110.000                 8.408           17.900           17.900         54.51                         
      0.180          6.300          110.000                 8.408           17.900           17.900         54.51                         
      0.190          6.300          110.000                 8.408           17.900           17.900         54.51                         
      0.200          6.300          110.000                 8.408           17.900           17.900         54.51                         
      0.200          6.360          109.996                14.738           15.546           17.900         54.51                         
      0.210          6.360          109.996                14.739           15.546           17.900         54.51                         
      0.220          6.360          109.996                14.740           15.548           17.900         54.52                         
      0.230          6.359          109.996                14.743           15.551           17.900         54.54                         
      0.240          6.359          109.996                14.746           15.555           17.900         54.56                         
      0.250          6.359          109.996                14.751           15.560           17.900         54.58                         
      0.260          6.359          109.996                14.756           15.566           17.900         54.61                         
      0.270          6.358          109.996                14.762           15.573           17.900         54.65                         
      0.280          6.358          109.996                14.769           15.581           17.900         54.69                         
      0.290          6.358          109.996                14.778           15.591           17.900         54.73                         
      0.300          6.357          109.996                14.787           15.601           17.900         54.78                         
      0.310          6.356          109.996                14.796           15.612           17.900         54.84                         
      0.320          6.356          109.996                14.807           15.625           17.900         54.90                         
      0.330          6.355          109.996                14.819           15.638           17.900         54.97                         
      0.340          6.355          109.995                14.831           15.652           17.900         55.04                         
      0.350          6.354          109.995                14.845           15.668           17.900         55.11                         
      0.360          6.353          109.995                14.859           15.684           17.900         55.19                         
      0.370          6.352          109.995                14.874           15.701           17.900         55.28                         
      0.380          6.351          109.995                14.889           15.720           17.900         55.37                         
      0.390          6.350          109.995                14.906           15.739           17.900         55.46                         
      0.400          6.349          109.995                14.923           15.759           17.900         55.56                         
      0.410          6.348          109.995                14.941           15.779           17.900         55.67                         
      0.420          6.347          109.995                14.960           15.801           17.900         55.78                         
      0.430          6.346          109.994                14.980           15.824           17.900         55.89                         
      0.440          6.345          109.994                15.000           15.847           17.900         56.01                         
      0.450          6.344          109.994                15.021           15.871           17.900         56.13                         
      0.460          6.342          109.994                15.042           15.896           17.900         56.26                         
      0.470          6.341          109.994                15.064           15.922           17.900         56.39                         
      0.480          6.340          109.994                15.087           15.948           17.900         56.52                         
      0.490          6.338          109.993                15.111           15.976           17.900         56.66                         
      0.500          6.337          109.993                15.135           16.003           17.900         56.80                         
      0.510          6.336          109.993                15.159           16.032           17.900         56.95                         
      0.520          6.334          109.993                15.184           16.061           17.900         57.10                         
      0.530          6.332          109.993                15.210           16.091           17.900         57.26                         
      0.540          6.331          109.992                15.236           16.122           17.900         57.42                         
      0.550          6.329          109.992                15.263           16.153           17.900         57.58                         
      0.560          6.327          109.992                15.290           16.184           17.900         57.74                         
      0.570          6.326          109.992                15.317           16.217           17.900         57.91                         
      0.580          6.324          109.992                15.345           16.249           17.900         58.09                         
      0.590          6.322          109.991                15.374           16.283           17.900         58.26                         
      0.600          6.320          109.991                15.402           16.316           17.900         58.44                         
      0.610          6.318          109.991                15.432           16.351           17.900         58.62                         
      0.620          6.316          109.991                15.461           16.385           17.900         58.81                         
      0.630          6.314          109.990                15.491           16.420           17.900         59.00                         
      0.640          6.312          109.990                15.521           16.456           17.900         59.19                         
      0.650          6.310          109.990                15.551           16.492           17.900         59.38                         
      0.660          6.308          109.990                15.582           16.528           17.900         59.58                         
      0.670          6.306          109.989                15.613           16.565           17.900         59.78                         
      0.680          6.304          109.989                15.644           16.601           17.900         59.99                         
      0.690          6.302          109.989                15.675           16.638           17.900         60.19                         
      0.700          6.300          109.989                15.707           16.676           17.900         60.40                         
      0.710          6.297          109.988                15.738           16.713           17.900         60.61                         
      0.720          6.295          109.988                15.770           16.751           17.900         60.82                         
      0.730          6.293          109.988                15.802           16.789           17.900         61.04                         
      0.740          6.291          109.988                15.834           16.827           17.900         61.26                         
      0.750          6.288          109.987                15.866           16.866           17.900         61.47                         
      0.760          6.286          109.987                15.898           16.904           17.900         61.70                         
      0.770          6.283          109.987                15.930           16.943           17.900         61.92                         
      0.780          6.281          109.986                15.963           16.982           17.900         62.14                         
      0.790          6.278          109.986                15.995           17.020           17.900         62.37                         
      0.800          6.276          109.986                16.027           17.059           17.900         62.60                         
      0.810          6.273          109.985                16.059           17.098           17.900         62.83                         
      0.820          6.271          109.985                16.091           17.137           17.900         63.06                         
      0.830          6.268          109.985                16.123           17.175           17.900         63.29                         
      0.840          6.266          109.985                16.155           17.214           17.900         63.53                         
      0.850          6.263          109.984                16.187           17.253           17.900         63.76                         
      0.860          6.260          109.984                16.219           17.291           17.900         64.00                         
      0.870          6.258          109.984                16.250           17.330           17.900         64.24                         
      0.880          6.255          109.983                16.282           17.368           17.900         64.48                         
      0.890          6.252          109.983                16.313           17.407           17.900         64.72                         
      0.900          6.250          109.983                16.344           17.445           17.900         64.96                         
      0.910          6.247          109.982                16.375           17.483           17.900         65.20                         
      0.920          6.244          109.982                16.405           17.521           17.900         65.44                         
      0.930          6.241          109.982                16.436           17.558           17.900         65.68                         
      0.940          6.239          109.981                16.466           17.596           17.900         65.92                         
      0.950          6.236          109.981                16.496           17.633           17.900         66.17                         
      0.960          6.233          109.981                16.526           17.670           17.900         66.41                         
      0.970          6.230          109.980                16.555           17.707           17.900         66.65                         
      0.980          6.227          109.980                16.584           17.743           17.900         66.90                         
      0.990          6.225          109.980                16.613           17.779           17.900         67.14                         
      1.000          6.222          109.979                16.642           17.815           17.900         67.39                         
      1.010          6.219          109.979                16.670           17.851           17.900         67.63                         
      1.020          6.216          109.979                16.698           17.886           17.900         67.87                         
      1.030          6.213          109.978                16.726           17.921           17.900         68.12                         
      1.040          6.210          109.978                16.753           17.956           17.900         68.36                         
      1.050          6.208          109.978                16.780           17.990           17.900         68.60                         
      1.060          6.205          109.977                16.806           18.024           17.900         68.84                         
      1.070          6.202          109.977                16.833           18.058           17.900         69.09                         
      1.080          6.199          109.977                16.859           18.091           17.900         69.33                         
      1.090          6.196          109.976                16.884           18.124           17.900         69.57                         
      1.100          6.193          109.976                16.909           18.156           17.900         69.81                         
      1.110          6.190          109.976                16.934           18.188           17.900         70.05                         
      1.120          6.187          109.975                16.958           18.220           17.900         70.28                         
      1.130          6.185          109.975                16.982           18.251           17.900         70.52                         
      1.140          6.182          109.975                17.006           18.282           17.900         70.76                         
      1.150          6.179          109.974                17.029           18.313           17.900         70.99                         
      1.160          6.176          109.974                17.052           18.343           17.900         71.23                         
      1.170          6.173          109.974                17.075           18.372           17.900         71.46                         
      1.180          6.170          109.973                17.097           18.402           17.900         71.69                         
      1.190          6.168          109.973                17.118           18.430           17.900         71.92                         
      1.200          6.165          109.973                17.139           18.459           17.900         72.15                         
      1.210          6.162          109.973                17.160           18.487           17.900         72.38                         
      1.220          6.159          109.972                17.181           18.514           17.900         72.60                         
      1.230          6.156          109.972                17.201           18.541           17.900         72.83                         
      1.240          6.154          109.972                17.220           18.568           17.900         73.05                         
      1.250          6.151          109.971                17.240           18.594           17.900         73.27                         
      1.260          6.148          109.971                17.258           18.619           17.900         73.49                         
      1.270          6.146          109.971                17.277           18.645           17.900         73.71                         
      1.280          6.143          109.970                17.295           18.669           17.900         73.93                         
      1.290          6.140          109.970                17.313           18.694           17.900         74.14                         
      1.300          6.138          109.970                17.330           18.718           17.900         74.35                         
      1.310          6.135          109.969                17.347           18.741           17.900         74.56                         
      1.320          6.132          109.969                17.363           18.764           17.900         74.77                         
      1.330          6.130          109.969                17.379           18.787           17.900         74.98                         
      1.340          6.127          109.969                17.395           18.809           17.900         75.18                         
      1.350          6.125          109.968                17.410           18.830           17.900         75.38                         
      1.360          6.122          109.968                17.425           18.852           17.900         75.58                         
      1.370          6.120          109.968                17.440           18.872           17.900         75.78                         
      1.380          6.117          109.968                17.454           18.893           17.900         75.97                         
      1.390          6.115          109.967                17.468           18.913           17.900         76.17                         
      1.400          6.112          109.967                17.481           18.932           17.900         76.36                         
      1.410          6.110          109.967                17.494           18.951           17.900         76.54                         
      1.420          6.108          109.966                17.507           18.970           17.900         76.73                         
      1.430          6.105          109.966                17.519           18.988           17.900         76.91                         
      1.440          6.103          109.966                17.531           19.006           17.900         77.09                         
      1.450          6.101          109.966                17.543           19.023           17.900         77.27                         
      1.460          6.098          109.965                17.554           19.040           17.900         77.45                         
      1.470          6.096          109.965                17.565           19.057           17.900         77.62                         
      1.480          6.094          109.965                17.576           19.073           17.900         77.79                         
      1.490          6.092          109.965                17.587           19.089           17.900         77.96                         
      1.500          6.090          109.964                17.597           19.104           17.900         78.12                         
      1.510          6.088          109.964                17.606           19.119           17.900         78.28                         
      1.520          6.085          109.964                17.616           19.133           17.900         78.44                         
      1.530          6.083          109.964                17.625           19.148           17.900         78.60                         
      1.540          6.081          109.964                17.634           19.161           17.900         78.75                         
      1.550          6.079          109.963                17.643           19.175           17.900         78.90                         
      1.560          6.078          109.963                17.651           19.188           17.900         79.05                         
      1.570          6.076          109.963                17.659           19.200           17.900         79.20                         
      1.580          6.074          109.963                17.667           19.213           17.900         79.34                         
      1.590          6.072          109.963                17.674           19.225           17.900         79.48                         
      1.600          6.070          109.962                17.681           19.236           17.900         79.61                         
      1.610          6.069          109.962                17.688           19.248           17.900         79.75                         
      1.620          6.067          109.962                17.695           19.258           17.900         79.88                         
      1.630          6.065          109.962                17.702           19.269           17.900         80.00                         
      1.640          6.064          109.962                17.708           19.279           17.900         80.13                         
      1.650          6.062          109.961                17.714           19.289           17.900         80.25                         
      1.660          6.060          109.961                17.720           19.299           17.900         80.37                         
      1.670          6.059          109.961                17.725           19.308           17.900         80.48                         
      1.680          6.057          109.961                17.731           19.317           17.900         80.59                         
      1.690          6.056          109.961                17.736           19.326           17.900         80.70                         
      1.700          6.055          109.961                17.741           19.334           17.900         80.81                         
      1.710          6.053          109.961                17.745           19.342           17.900         80.91                         
      1.720          6.052          109.960                17.750           19.350           17.900         81.01                         
      1.730          6.051          109.960                17.754           19.357           17.900         81.10                         
      1.740          6.049          109.960                17.758           19.364           17.900         81.20                         
      1.750          6.048          109.960                17.762           19.371           17.900         81.29                         
      1.760          6.047          109.960                17.766           19.377           17.900         81.37                         
      1.770          6.046          109.960                17.770           19.384           17.900         81.45                         
      1.780          6.045          109.960                17.773           19.390           17.900         81.53                         
      1.790          6.044          109.960                17.776           19.395           17.900         81.61                         
      1.800          6.043          109.959                17.779           19.401           17.900         81.68                         
      1.810          6.042          109.959                17.782           19.406           17.900         81.75                         
      1.820          6.041          109.959                17.785           19.411           17.900         81.82                         
      1.830          6.040          109.959                17.787           19.415           17.900         81.88                         
      1.840          6.040          109.959                17.790           19.420           17.900         81.94                         
      1.850          6.039          109.959                17.792           19.424           17.900         82.00                         
      1.860          6.038          109.959                17.794           19.427           17.900         82.05                         
      1.870          6.037          109.959                17.796           19.431           17.900         82.10                         
      1.880          6.037          109.959                17.798           19.434           17.900         82.15                         
      1.890          6.036          109.959                17.800           19.437           17.900         82.19                         
      1.900          6.036          109.959                17.801           19.440           17.900         82.23                         
      1.910          6.035          109.959                17.803           19.443           17.900         82.26                         
      1.920          6.035          109.959                17.804           19.445           17.900         82.30                         
      1.930          6.034          109.959                17.805           19.447           17.900         82.33                         
      1.940          6.034          109.958                17.806           19.449           17.900         82.35                         
      1.950          6.034          109.958                17.807           19.451           17.900         82.37                         
      1.960          6.034          109.958                17.808           19.452           17.900         82.39                         
      1.970          6.033          109.958                17.808           19.453           17.900         82.41                         
      1.980          6.033          109.958                17.809           19.454           17.900         82.42                         
      1.990          6.033          109.958                17.809           19.455           17.900         82.43                         
      2.000          6.033          109.958                17.809           19.455           17.900         82.44                         

