  ¬рем€            U                U                Pij              –г               –т г             ”гол рот         ќтн угол U       
                   601              1002             1001             601              601              601              601              
                                                     1002                                                                                 
                                                     1                                                                                    

                     6.300          110.000                 8.193           17.400           17.400         52.71                         
      0.010          6.300          110.000                 8.193           17.400           17.400         52.71                         
      0.020          6.300          110.000                 8.193           17.400           17.400         52.71                         
      0.030          6.300          110.000                 8.193           17.400           17.400         52.71                         
      0.040          6.300          110.000                 8.193           17.400           17.400         52.71                         
      0.050          6.300          110.000                 8.193           17.400           17.400         52.71                         
      0.060          6.300          110.000                 8.193           17.400           17.400         52.71                         
      0.070          6.300          110.000                 8.193           17.400           17.400         52.71                         
      0.080          6.300          110.000                 8.193           17.400           17.400         52.71                         
      0.090          6.300          110.000                 8.193           17.400           17.400         52.71                         
      0.100          6.300          110.000                 8.193           17.400           17.400         52.71                         
      0.110          6.300          110.000                 8.193           17.400           17.400         52.71                         
      0.120          6.300          110.000                 8.193           17.400           17.400         52.71                         
      0.130          6.300          110.000                 8.193           17.400           17.400         52.71                         
      0.140          6.300          110.000                 8.193           17.400           17.400         52.71                         
      0.150          6.300          110.000                 8.193           17.400           17.400         52.71                         
      0.160          6.300          110.000                 8.193           17.400           17.400         52.71                         
      0.170          6.300          110.000                 8.193           17.400           17.400         52.71                         
      0.180          6.300          110.000                 8.193           17.400           17.400         52.71                         
      0.190          6.300          110.000                 8.193           17.400           17.400         52.71                         
      0.200          6.300          110.000                 8.193           17.400           17.400         52.71                         
      0.200          6.357          109.996                14.352           15.108           17.400         52.71                         
      0.210          6.357          109.996                14.353           15.109           17.400         52.71                         
      0.220          6.356          109.996                14.354           15.111           17.400         52.72                         
      0.230          6.356          109.996                14.357           15.113           17.400         52.73                         
      0.240          6.356          109.996                14.360           15.117           17.400         52.75                         
      0.250          6.356          109.996                14.365           15.122           17.400         52.77                         
      0.260          6.356          109.996                14.370           15.129           17.400         52.80                         
      0.270          6.355          109.996                14.376           15.136           17.400         52.84                         
      0.280          6.355          109.996                14.384           15.144           17.400         52.88                         
      0.290          6.355          109.996                14.392           15.154           17.400         52.92                         
      0.300          6.354          109.995                14.401           15.164           17.400         52.97                         
      0.310          6.354          109.995                14.411           15.175           17.400         53.02                         
      0.320          6.353          109.995                14.422           15.188           17.400         53.08                         
      0.330          6.352          109.995                14.434           15.201           17.400         53.15                         
      0.340          6.352          109.995                14.446           15.216           17.400         53.22                         
      0.350          6.351          109.995                14.460           15.231           17.400         53.29                         
      0.360          6.350          109.995                14.474           15.248           17.400         53.37                         
      0.370          6.349          109.995                14.490           15.265           17.400         53.45                         
      0.380          6.349          109.995                14.505           15.283           17.400         53.54                         
      0.390          6.348          109.995                14.522           15.302           17.400         53.63                         
      0.400          6.347          109.995                14.540           15.322           17.400         53.73                         
      0.410          6.346          109.994                14.558           15.343           17.400         53.83                         
      0.420          6.345          109.994                14.577           15.365           17.400         53.94                         
      0.430          6.344          109.994                14.597           15.388           17.400         54.05                         
      0.440          6.343          109.994                14.617           15.411           17.400         54.16                         
      0.450          6.342          109.994                14.639           15.436           17.400         54.28                         
      0.460          6.340          109.994                14.660           15.461           17.400         54.40                         
      0.470          6.339          109.994                14.683           15.487           17.400         54.53                         
      0.480          6.338          109.993                14.706           15.513           17.400         54.66                         
      0.490          6.337          109.993                14.730           15.541           17.400         54.80                         
      0.500          6.335          109.993                14.754           15.569           17.400         54.94                         
      0.510          6.334          109.993                14.779           15.598           17.400         55.08                         
      0.520          6.332          109.993                14.805           15.627           17.400         55.22                         
      0.530          6.331          109.993                14.831           15.657           17.400         55.37                         
      0.540          6.329          109.992                14.857           15.688           17.400         55.53                         
      0.550          6.328          109.992                14.885           15.719           17.400         55.69                         
      0.560          6.326          109.992                14.912           15.751           17.400         55.85                         
      0.570          6.325          109.992                14.940           15.783           17.400         56.01                         
      0.580          6.323          109.992                14.969           15.816           17.400         56.18                         
      0.590          6.321          109.991                14.998           15.850           17.400         56.35                         
      0.600          6.319          109.991                15.027           15.884           17.400         56.52                         
      0.610          6.318          109.991                15.057           15.918           17.400         56.70                         
      0.620          6.316          109.991                15.087           15.953           17.400         56.88                         
      0.630          6.314          109.990                15.117           15.989           17.400         57.06                         
      0.640          6.312          109.990                15.148           16.025           17.400         57.25                         
      0.650          6.310          109.990                15.179           16.061           17.400         57.44                         
      0.660          6.308          109.990                15.210           16.097           17.400         57.63                         
      0.670          6.306          109.989                15.241           16.134           17.400         57.82                         
      0.680          6.304          109.989                15.273           16.171           17.400         58.02                         
      0.690          6.302          109.989                15.305           16.209           17.400         58.22                         
      0.700          6.300          109.989                15.337           16.246           17.400         58.42                         
      0.710          6.298          109.988                15.370           16.284           17.400         58.62                         
      0.720          6.296          109.988                15.402           16.323           17.400         58.83                         
      0.730          6.294          109.988                15.435           16.361           17.400         59.03                         
      0.740          6.292          109.988                15.467           16.400           17.400         59.24                         
      0.750          6.289          109.987                15.500           16.438           17.400         59.45                         
      0.760          6.287          109.987                15.533           16.477           17.400         59.67                         
      0.770          6.285          109.987                15.566           16.516           17.400         59.88                         
      0.780          6.283          109.987                15.599           16.555           17.400         60.10                         
      0.790          6.280          109.986                15.632           16.594           17.400         60.32                         
      0.800          6.278          109.986                15.665           16.634           17.400         60.54                         
      0.810          6.276          109.986                15.698           16.673           17.400         60.76                         
      0.820          6.273          109.985                15.731           16.712           17.400         60.98                         
      0.830          6.271          109.985                15.764           16.751           17.400         61.20                         
      0.840          6.268          109.985                15.797           16.791           17.400         61.43                         
      0.850          6.266          109.985                15.829           16.830           17.400         61.66                         
      0.860          6.263          109.984                15.862           16.869           17.400         61.88                         
      0.870          6.261          109.984                15.895           16.908           17.400         62.11                         
      0.880          6.258          109.984                15.927           16.947           17.400         62.34                         
      0.890          6.256          109.983                15.959           16.986           17.400         62.57                         
      0.900          6.253          109.983                15.991           17.024           17.400         62.80                         
      0.910          6.251          109.983                16.023           17.063           17.400         63.03                         
      0.920          6.248          109.982                16.055           17.101           17.400         63.26                         
      0.930          6.246          109.982                16.086           17.139           17.400         63.49                         
      0.940          6.243          109.982                16.117           17.177           17.400         63.72                         
      0.950          6.241          109.982                16.148           17.215           17.400         63.95                         
      0.960          6.238          109.981                16.179           17.253           17.400         64.19                         
      0.970          6.235          109.981                16.210           17.290           17.400         64.42                         
      0.980          6.233          109.981                16.240           17.327           17.400         64.65                         
      0.990          6.230          109.980                16.270           17.364           17.400         64.88                         
      1.000          6.228          109.980                16.299           17.400           17.400         65.11                         
      1.010          6.225          109.980                16.329           17.436           17.400         65.35                         
      1.020          6.222          109.979                16.358           17.472           17.400         65.58                         
      1.030          6.220          109.979                16.387           17.508           17.400         65.81                         
      1.040          6.217          109.979                16.415           17.543           17.400         66.04                         
      1.050          6.214          109.978                16.443           17.578           17.400         66.27                         
      1.060          6.212          109.978                16.471           17.613           17.400         66.50                         
      1.070          6.209          109.978                16.498           17.647           17.400         66.73                         
      1.080          6.206          109.978                16.525           17.681           17.400         66.95                         
      1.090          6.204          109.977                16.552           17.714           17.400         67.18                         
      1.100          6.201          109.977                16.578           17.747           17.400         67.41                         
      1.110          6.199          109.977                16.604           17.780           17.400         67.63                         
      1.120          6.196          109.976                16.630           17.812           17.400         67.85                         
      1.130          6.193          109.976                16.655           17.844           17.400         68.08                         
      1.140          6.191          109.976                16.680           17.876           17.400         68.30                         
      1.150          6.188          109.975                16.704           17.907           17.400         68.52                         
      1.160          6.186          109.975                16.729           17.938           17.400         68.74                         
      1.170          6.183          109.975                16.752           17.968           17.400         68.95                         
      1.180          6.180          109.975                16.775           17.998           17.400         69.17                         
      1.190          6.178          109.974                16.798           18.027           17.400         69.38                         
      1.200          6.175          109.974                16.821           18.056           17.400         69.60                         
      1.210          6.173          109.974                16.843           18.084           17.400         69.81                         
      1.220          6.170          109.973                16.864           18.112           17.400         70.02                         
      1.230          6.168          109.973                16.886           18.140           17.400         70.23                         
      1.240          6.165          109.973                16.907           18.167           17.400         70.43                         
      1.250          6.163          109.973                16.927           18.194           17.400         70.64                         
      1.260          6.160          109.972                16.947           18.220           17.400         70.84                         
      1.270          6.158          109.972                16.967           18.246           17.400         71.04                         
      1.280          6.156          109.972                16.986           18.271           17.400         71.24                         
      1.290          6.153          109.971                17.005           18.296           17.400         71.43                         
      1.300          6.151          109.971                17.023           18.320           17.400         71.63                         
      1.310          6.149          109.971                17.041           18.344           17.400         71.82                         
      1.320          6.146          109.971                17.059           18.368           17.400         72.01                         
      1.330          6.144          109.970                17.076           18.391           17.400         72.19                         
      1.340          6.142          109.970                17.093           18.414           17.400         72.38                         
      1.350          6.139          109.970                17.109           18.436           17.400         72.56                         
      1.360          6.137          109.970                17.125           18.457           17.400         72.74                         
      1.370          6.135          109.969                17.141           18.478           17.400         72.92                         
      1.380          6.133          109.969                17.156           18.499           17.400         73.10                         
      1.390          6.131          109.969                17.171           18.520           17.400         73.27                         
      1.400          6.129          109.969                17.186           18.539           17.400         73.44                         
      1.410          6.127          109.968                17.200           18.559           17.400         73.60                         
      1.420          6.125          109.968                17.214           18.578           17.400         73.77                         
      1.430          6.123          109.968                17.227           18.596           17.400         73.93                         
      1.440          6.121          109.968                17.241           18.614           17.400         74.09                         
      1.450          6.119          109.968                17.253           18.632           17.400         74.25                         
      1.460          6.117          109.967                17.266           18.649           17.400         74.40                         
      1.470          6.115          109.967                17.278           18.666           17.400         74.55                         
      1.480          6.113          109.967                17.289           18.682           17.400         74.70                         
      1.490          6.111          109.967                17.301           18.698           17.400         74.84                         
      1.500          6.109          109.966                17.312           18.713           17.400         74.99                         
      1.510          6.108          109.966                17.322           18.729           17.400         75.13                         
      1.520          6.106          109.966                17.333           18.743           17.400         75.26                         
      1.530          6.104          109.966                17.343           18.757           17.400         75.39                         
      1.540          6.103          109.966                17.352           18.771           17.400         75.52                         
      1.550          6.101          109.966                17.362           18.784           17.400         75.65                         
      1.560          6.099          109.965                17.371           18.797           17.400         75.77                         
      1.570          6.098          109.965                17.380           18.810           17.400         75.90                         
      1.580          6.096          109.965                17.388           18.822           17.400         76.01                         
      1.590          6.095          109.965                17.396           18.834           17.400         76.13                         
      1.600          6.093          109.965                17.404           18.845           17.400         76.24                         
      1.610          6.092          109.965                17.412           18.856           17.400         76.35                         
      1.620          6.091          109.964                17.419           18.867           17.400         76.45                         
      1.630          6.089          109.964                17.426           18.877           17.400         76.55                         
      1.640          6.088          109.964                17.433           18.887           17.400         76.65                         
      1.650          6.087          109.964                17.439           18.896           17.400         76.74                         
      1.660          6.086          109.964                17.445           18.905           17.400         76.84                         
      1.670          6.085          109.964                17.451           18.914           17.400         76.92                         
      1.680          6.084          109.964                17.457           18.922           17.400         77.01                         
      1.690          6.083          109.964                17.462           18.930           17.400         77.09                         
      1.700          6.082          109.963                17.467           18.938           17.400         77.17                         
      1.710          6.081          109.963                17.472           18.945           17.400         77.24                         
      1.720          6.080          109.963                17.477           18.952           17.400         77.31                         
      1.730          6.079          109.963                17.481           18.959           17.400         77.38                         
      1.740          6.078          109.963                17.485           18.965           17.400         77.45                         
      1.750          6.077          109.963                17.489           18.971           17.400         77.51                         
      1.760          6.077          109.963                17.493           18.976           17.400         77.56                         
      1.770          6.076          109.963                17.496           18.981           17.400         77.62                         
      1.780          6.075          109.963                17.500           18.986           17.400         77.67                         
      1.790          6.075          109.963                17.503           18.990           17.400         77.71                         
      1.800          6.074          109.963                17.505           18.995           17.400         77.76                         
      1.810          6.074          109.963                17.508           18.998           17.400         77.80                         
      1.820          6.073          109.963                17.510           19.002           17.400         77.83                         
      1.830          6.073          109.962                17.512           19.005           17.400         77.87                         
      1.840          6.072          109.962                17.514           19.008           17.400         77.90                         
      1.850          6.072          109.962                17.515           19.010           17.400         77.92                         
      1.860          6.072          109.962                17.517           19.012           17.400         77.94                         
      1.870          6.071          109.962                17.518           19.014           17.400         77.96                         
      1.880          6.071          109.962                17.519           19.015           17.400         77.98                         
      1.890          6.071          109.962                17.520           19.016           17.400         77.99                         
      1.900          6.071          109.962                17.520           19.017           17.400         78.00                         
      1.910          6.071          109.962                17.520           19.018           17.400         78.00                         
      1.920          6.071          109.962                17.521           19.018           17.400         78.01                         
      1.930          6.071          109.962                17.520           19.017           17.400         78.00                         
      1.940          6.071          109.962                17.520           19.017           17.400         78.00                         
      1.950          6.071          109.962                17.520           19.016           17.400         77.99                         
      1.960          6.071          109.962                17.519           19.015           17.400         77.98                         
      1.970          6.071          109.962                17.518           19.013           17.400         77.96                         
      1.980          6.072          109.962                17.517           19.012           17.400         77.94                         
      1.990          6.072          109.962                17.515           19.009           17.400         77.92                         
      2.000          6.072          109.962                17.513           19.007           17.400         77.89                         

